{"prediction": [[[0.9523809523809523, 0.009523809523809523, 0.009523809523809523, 0.009523809523809523, 0.009523809523809523, 0.009523809523809523], [0.9523809523809523, 0.009523809523809523, 0.009523809523809523, 0.009523809523809523, 0.009523809523809523, 0.009523809523809523], [0.9523809523809523, 0.009523809523809523, 0.009523809523809523, 0.009523809523809523, 0.009523809523809523, 0.009523809523809523], [0.9523809523809523, 0.009523809523809523, 0.009523809523809523, 0.009523809523809523, 0.009523809523809523, 0.009523809523809523], [0.9523809523809523, 0.009523809523809523, 0.009523809523809523, 0.009523809523809523, 0.009523809523809523, 0.009523809523809523], [0.9523809523809523, 0.009523809523809523, 0.009523809523809523, 0.009523809523809523, 0.009523809523809523, 0.009523809523809523], [0.9523809523809523, 0.009523809523809523, 0.009523809523809523, 0.009523809523809523, 0.009523809523809523, 0.009523809523809523], [0.9523809523809523, 0.009523809523809523, 0.009523809523809523, 0.009523809523809523, 0.009523809523809523, 0.009523809523809523], [0.9523809523809523, 0.009523809523809523, 0.009523809523809523, 0.009523809523809523, 0.009523809523809523, 0.009523809523809523], [0.9523809523809523, 0.009523809523809523, 0.009523809523809523, 0.009523809523809523, 0.009523809523809523, 0.009523809523809523], [0.9523809523809523, 0.009523809523809523, 0.009523809523809523, 0.009523809523809523, 0.009523809523809523, 0.009523809523809523], [0.9523809523809523, 0.009523809523809523, 0.009523809523809523, 0.009523809523809523, 0.009523809523809523, 0.009523809523809523], [0.9523809523809523, 0.009523809523809523, 0.009523809523809523, 0.009523809523809523, 0.009523809523809523, 0.009523809523809523], [0.9523809523809523, 0.009523809523809523, 0.009523809523809523, 0.009523809523809523, 0.009523809523809523, 0.009523809523809523], [0.9523809523809523, 0.009523809523809523, 0.009523809523809523, 0.009523809523809523, 0.009523809523809523, 0.009523809523809523], [0.9523809523809523, 0.009523809523809523, 0.009523809523809523, 0.009523809523809523, 0.009523809523809523, 0.009523809523809523], [0.9523809523809523, 0.009523809523809523, 0.009523809523809523, 0.009523809523809523, 0.009523809523809523, 0.009523809523809523], [0.9523809523809523, 0.009523809523809523, 0.009523809523809523, 0.009523809523809523, 0.009523809523809523, 0.009523809523809523], [0.9523809523809523, 0.009523809523809523, 0.009523809523809523, 0.009523809523809523, 0.009523809523809523, 0.009523809523809523], [0.9523809523809523, 0.009523809523809523, 0.009523809523809523, 0.009523809523809523, 0.009523809523809523, 0.009523809523809523], [0.9523809523809523, 0.009523809523809523, 0.009523809523809523, 0.009523809523809523, 0.009523809523809523, 0.009523809523809523], [0.9523809523809523, 0.009523809523809523, 0.009523809523809523, 0.009523809523809523, 0.009523809523809523, 0.009523809523809523], [0.9523809523809523, 0.009523809523809523, 0.009523809523809523, 0.009523809523809523, 0.009523809523809523, 0.009523809523809523], [0.9523809523809523, 0.009523809523809523, 0.009523809523809523, 0.009523809523809523, 0.009523809523809523, 0.009523809523809523], [0.9523809523809523, 0.009523809523809523, 0.009523809523809523, 0.009523809523809523, 0.009523809523809523, 0.009523809523809523], [0.9523809523809523, 0.009523809523809523, 0.009523809523809523, 0.009523809523809523, 0.009523809523809523, 0.009523809523809523], [0.9523809523809523, 0.009523809523809523, 0.009523809523809523, 0.009523809523809523, 0.009523809523809523, 0.009523809523809523], [0.9523809523809523, 0.009523809523809523, 0.009523809523809523, 0.009523809523809523, 0.009523809523809523, 0.009523809523809523], [0.9523809523809523, 0.009523809523809523, 0.009523809523809523, 0.009523809523809523, 0.009523809523809523, 0.009523809523809523], [0.9523809523809523, 0.009523809523809523, 0.009523809523809523, 0.009523809523809523, 0.009523809523809523, 0.009523809523809523], [0.9523809523809523, 0.009523809523809523, 0.009523809523809523, 0.009523809523809523, 0.009523809523809523, 0.009523809523809523], [0.9523809523809523, 0.009523809523809523, 0.009523809523809523, 0.009523809523809523, 0.009523809523809523, 0.009523809523809523], [0.9523809523809523, 0.009523809523809523, 0.009523809523809523, 0.009523809523809523, 0.009523809523809523, 0.009523809523809523], [0.9523809523809523, 0.009523809523809523, 0.009523809523809523, 0.009523809523809523, 0.009523809523809523, 0.009523809523809523], [0.9523809523809523, 0.009523809523809523, 0.009523809523809523, 0.009523809523809523, 0.009523809523809523, 0.009523809523809523], [0.9523809523809523, 0.009523809523809523, 0.009523809523809523, 0.009523809523809523, 0.009523809523809523, 0.009523809523809523], [0.9523809523809523, 0.009523809523809523, 0.009523809523809523, 0.009523809523809523, 0.009523809523809523, 0.009523809523809523], [0.9523809523809523, 0.009523809523809523, 0.009523809523809523, 0.009523809523809523, 0.009523809523809523, 0.009523809523809523], [0.9523809523809523, 0.009523809523809523, 0.009523809523809523, 0.009523809523809523, 0.009523809523809523, 0.009523809523809523], [0.9523809523809523, 0.009523809523809523, 0.009523809523809523, 0.009523809523809523, 0.009523809523809523, 0.009523809523809523]], [[0.9523809523809523, 0.009523809523809523, 0.009523809523809523, 0.009523809523809523, 0.009523809523809523, 0.009523809523809523], [0.803960396039604, 0.11584158415841585, 0.010396039603960397, 0.01485148514851485, 0.04504950495049505, 0.009900990099009901], [0.9523809523809523, 0.009523809523809523, 0.009523809523809523, 0.009523809523809523, 0.009523809523809523, 0.009523809523809523], [0.14455445544554457, 0.37178217821782183, 0.04009900990099011, 0.027227722772277235, 0.4064356435643565, 0.009900990099009903], [0.3683168316831683, 0.44702970297029704, 0.05693069306930693, 0.03762376237623762, 0.0801980198019802, 0.009900990099009901], [0.5158415841584159, 0.3321782178217822, 0.036138613861386136, 0.031188118811881188, 0.07475247524752475, 0.009900990099009901], [0.6460396039603961, 0.21138613861386138, 0.026237623762376237, 0.033663366336633666, 0.07277227722772277, 0.009900990099009901], [0.7742574257425743, 0.12227722772277227, 0.015841584158415842, 0.022277227722772276, 0.055445544554455446, 0.009900990099009901], [0.7891089108910891, 0.10792079207920792, 0.011881188118811881, 0.02178217821782178, 0.0594059405940594, 0.009900990099009901], [0.7391089108910891, 0.14158415841584157, 0.020297029702970298, 0.023762376237623763, 0.06534653465346535, 0.009900990099009901], [0.6693069306930693, 0.20297029702970296, 0.026237623762376237, 0.027227722772277228, 0.06435643564356436, 0.009900990099009901], [0.6173267326732673, 0.25495049504950495, 0.02574257425742574, 0.023762376237623763, 0.06831683168316832, 0.009900990099009901], [0.6485148514851485, 0.23316831683168315, 0.027722772277227723, 0.018316831683168316, 0.062376237623762376, 0.009900990099009901], [0.7524752475247525, 0.15693069306930693, 0.013861386138613862, 0.01485148514851485, 0.05198019801980198, 0.009900990099009901], [0.9523809523809523, 0.009523809523809523, 0.009523809523809523, 0.009523809523809523, 0.009523809523809523, 0.009523809523809523], [0.9523809523809523, 0.009523809523809523, 0.009523809523809523, 0.009523809523809523, 0.009523809523809523, 0.009523809523809523], [0.9523809523809523, 0.009523809523809523, 0.009523809523809523, 0.009523809523809523, 0.009523809523809523, 0.009523809523809523], [0.029872673849167485, 0.04211557296767875, 0.009794319294809012, 0.009794319294809012, 0.8986287952987269, 0.009794319294809012], [0.9523809523809523, 0.009523809523809523, 0.009523809523809523, 0.009523809523809523, 0.009523809523809523, 0.009523809523809523], [0.9523809523809523, 0.009523809523809523, 0.009523809523809523, 0.009523809523809523, 0.009523809523809523, 0.009523809523809523], [0.9222058099458394, 0.03545051698670605, 0.00984736582964057, 0.00984736582964057, 0.012801575578532742, 0.00984736582964057], [0.92822265625, 0.03271484375, 0.009765625, 0.009765625, 0.009765625, 0.009765625], [0.9136831780284452, 0.04021579205492889, 0.00980872976949485, 0.00980872976949485, 0.016674840608141245, 0.00980872976949485], [0.9013254786450663, 0.04761904761904762, 0.009818360333824251, 0.009818360333824251, 0.021600392734413353, 0.009818360333824251], [0.06475531389026198, 0.055857637172516066, 0.009886307464162135, 0.013840830449826988, 0.8457736035590707, 0.009886307464162135], [0.8622902270483713, 0.07897334649555776, 0.00987166831194472, 0.010365251727541956, 0.02862783810463969, 0.00987166831194472], [0.060366155368629396, 0.09252845126175162, 0.009896091044037606, 0.009896091044037606, 0.8174171202375062, 0.009896091044037606], [0.8437190900098913, 0.08605341246290801, 0.009891196834817014, 0.015825914935707223, 0.03461918892185955, 0.009891196834817014], [0.8396833250865907, 0.08164275111331024, 0.009896091044037604, 0.015833745670460166, 0.04304799604156357, 0.009896091044037604], [0.8384387351778656, 0.08646245059288538, 0.009881422924901186, 0.017292490118577076, 0.03804347826086957, 0.009881422924901186], [0.08641975308641975, 0.08246913580246915, 0.009876543209876543, 0.017283950617283952, 0.7940740740740742, 0.009876543209876543], [0.8265810276679842, 0.11314229249011858, 0.009881422924901186, 0.009881422924901186, 0.030632411067193676, 0.009881422924901186], [0.8465346534653465, 0.08762376237623762, 0.010396039603960397, 0.01287128712871287, 0.032673267326732675, 0.009900990099009901], [0.8755555555555555, 0.06814814814814815, 0.009876543209876543, 0.011851851851851853, 0.02469135802469136, 0.009876543209876543], [0.9162175404213619, 0.03919647231749142, 0.009799118079372855, 0.009799118079372855, 0.015188633023027925, 0.009799118079372855], [0.9420077972709552, 0.019005847953216373, 0.009746588693957114, 0.009746588693957114, 0.009746588693957114, 0.009746588693957114], [0.009689922480620155, 0.009689922480620155, 0.009689922480620155, 0.009689922480620155, 0.9515503875968991, 0.009689922480620155], [0.9521988527724665, 0.009560229445506692, 0.009560229445506692, 0.009560229445506692, 0.009560229445506692, 0.009560229445506692], [0.9523355576739753, 0.009532888465204958, 0.009532888465204958, 0.009532888465204958, 0.009532888465204958, 0.009532888465204958], [0.9523809523809523, 0.009523809523809523, 0.009523809523809523, 0.009523809523809523, 0.009523809523809523, 0.009523809523809523]], [[0.9523809523809523, 0.009523809523809523, 0.009523809523809523, 0.009523809523809523, 0.009523809523809523, 0.009523809523809523], [0.7633663366336634, 0.15148514851485148, 0.017326732673267328, 0.020297029702970298, 0.03762376237623762, 0.009900990099009901], [0.9523809523809523, 0.009523809523809523, 0.009523809523809523, 0.009523809523809523, 0.009523809523809523, 0.009523809523809523], [0.3737623762376238, 0.4712871287128714, 0.04702970297029704, 0.01732673267326733, 0.08069306930693071, 0.009900990099009903], [0.030332681017612523, 0.9300391389432485, 0.009784735812133072, 0.009784735812133072, 0.010273972602739727, 0.009784735812133072], [0.4151960784313725, 0.44313725490196076, 0.00980392156862745, 0.03284313725490196, 0.0892156862745098, 0.00980392156862745], [0.17352941176470588, 0.23382352941176468, 0.00980392156862745, 0.03676470588235294, 0.5362745098039216, 0.00980392156862745], [0.7495098039215685, 0.12598039215686274, 0.00980392156862745, 0.03235294117647059, 0.07254901960784313, 0.00980392156862745], [0.7730392156862746, 0.11519607843137257, 0.009803921568627453, 0.028921568627450985, 0.06323529411764707, 0.009803921568627453], [0.6950980392156862, 0.17009803921568625, 0.00980392156862745, 0.029411764705882353, 0.08578431372549018, 0.00980392156862745], [0.5372549019607843, 0.3348039215686275, 0.00980392156862745, 0.028431372549019607, 0.07990196078431373, 0.00980392156862745], [0.4186274509803921, 0.4357843137254902, 0.00980392156862745, 0.03382352941176471, 0.09215686274509803, 0.00980392156862745], [0.15742574257425743, 0.3326732673267327, 0.03712871287128713, 0.02574257425742574, 0.43712871287128713, 0.009900990099009901], [0.9523809523809523, 0.009523809523809523, 0.009523809523809523, 0.009523809523809523, 0.009523809523809523, 0.009523809523809523], [0.9523809523809523, 0.009523809523809523, 0.009523809523809523, 0.009523809523809523, 0.009523809523809523, 0.009523809523809523], [0.9523809523809523, 0.009523809523809523, 0.009523809523809523, 0.009523809523809523, 0.009523809523809523, 0.009523809523809523], [0.8774002954209751, 0.06203840472673561, 0.009847365829640574, 0.010339734121122601, 0.030526834071885774, 0.009847365829640574], [0.9523809523809523, 0.009523809523809523, 0.009523809523809523, 0.009523809523809523, 0.009523809523809523, 0.009523809523809523], [0.09634387351778656, 0.09337944664031621, 0.009881422924901186, 0.01284584980237154, 0.7776679841897234, 0.009881422924901186], [0.8405940594059406, 0.08811881188118811, 0.011881188118811881, 0.01287128712871287, 0.03663366336633663, 0.009900990099009901], [0.07931034482758621, 0.08571428571428572, 0.009852216748768475, 0.014285714285714287, 0.8009852216748768, 0.009852216748768475], [0.06960784313725489, 0.05833333333333333, 0.00980392156862745, 0.01764705882352941, 0.8348039215686275, 0.00980392156862745], [0.07240704500978473, 0.062133072407045006, 0.009784735812133072, 0.009784735812133072, 0.836105675146771, 0.009784735812133072], [0.8529411764705882, 0.07598039215686274, 0.00980392156862745, 0.015196078431372549, 0.036274509803921565, 0.00980392156862745], [0.8156862745098039, 0.11127450980392158, 0.00980392156862745, 0.013725490196078431, 0.039705882352941174, 0.00980392156862745], [0.7916666666666666, 0.1338235294117647, 0.00980392156862745, 0.015196078431372549, 0.039705882352941174, 0.00980392156862745], [0.747549019607843, 0.15588235294117647, 0.00980392156862745, 0.019117647058823527, 0.057843137254901957, 0.00980392156862745], [0.767156862745098, 0.14215686274509803, 0.00980392156862745, 0.021568627450980392, 0.04950980392156863, 0.00980392156862745], [0.7676470588235295, 0.13529411764705884, 0.00980392156862745, 0.020588235294117647, 0.056862745098039215, 0.00980392156862745], [0.11519607843137254, 0.1303921568627451, 0.00980392156862745, 0.020588235294117647, 0.7142156862745098, 0.00980392156862745], [0.7495098039215685, 0.15833333333333333, 0.00980392156862745, 0.021568627450980392, 0.050980392156862744, 0.00980392156862745], [0.7161764705882353, 0.18333333333333332, 0.00980392156862745, 0.01568627450980392, 0.06519607843137255, 0.00980392156862745], [0.7637254901960785, 0.153921568627451, 0.00980392156862745, 0.014705882352941176, 0.04803921568627451, 0.00980392156862745], [0.8102941176470588, 0.12549019607843137, 0.00980392156862745, 0.010294117647058823, 0.03431372549019608, 0.00980392156862745], [0.8803921568627451, 0.06813725490196079, 0.00980392156862745, 0.011764705882352941, 0.020098039215686276, 0.00980392156862745], [0.02734375, 0.02392578125, 0.009765625, 0.009765625, 0.91943359375, 0.009765625], [0.9491771539206196, 0.012100677637947727, 0.009680542110358181, 0.009680542110358181, 0.009680542110358181, 0.009680542110358181], [0.009596928982725527, 0.009596928982725527, 0.009596928982725527, 0.009596928982725527, 0.9520153550863724, 0.009596928982725527], [0.9523128278493086, 0.009537434430138294, 0.009537434430138294, 0.009537434430138294, 0.009537434430138294, 0.009537434430138294], [0.9523809523809523, 0.009523809523809523, 0.009523809523809523, 0.009523809523809523, 0.009523809523809523, 0.009523809523809523]], [[0.9523809523809523, 0.009523809523809523, 0.009523809523809523, 0.009523809523809523, 0.009523809523809523, 0.009523809523809523], [0.7995049504950495, 0.12574257425742574, 0.016336633663366337, 0.01485148514851485, 0.033663366336633666, 0.009900990099009901], [0.9523809523809523, 0.009523809523809523, 0.009523809523809523, 0.009523809523809523, 0.009523809523809523, 0.009523809523809523], [0.14306930693069306, 0.38613861386138615, 0.031683168316831684, 0.032673267326732675, 0.39653465346534655, 0.009900990099009901], [0.3931372549019608, 0.4598039215686274, 0.00980392156862745, 0.03431372549019608, 0.09313725490196079, 0.00980392156862745], [0.5196078431372549, 0.3348039215686275, 0.00980392156862745, 0.03382352941176471, 0.09215686274509803, 0.00980392156862745], [0.6691176470588235, 0.20049019607843135, 0.00980392156862745, 0.035784313725490194, 0.075, 0.00980392156862745], [0.7647058823529412, 0.10882352941176471, 0.00980392156862745, 0.029901960784313723, 0.0769607843137255, 0.00980392156862745], [0.15588235294117647, 0.1053921568627451, 0.00980392156862745, 0.030392156862745098, 0.6887254901960784, 0.00980392156862745], [0.664705882352941, 0.19803921568627447, 0.009803921568627449, 0.037254901960784306, 0.08039215686274508, 0.009803921568627449], [0.4504901960784314, 0.3799019607843137, 0.00980392156862745, 0.042647058823529406, 0.10735294117647058, 0.00980392156862745], [0.053307008884501475, 0.8800592300098715, 0.009871668311944718, 0.01678183613030602, 0.030108588351431386, 0.009871668311944718], [0.4410891089108911, 0.3707920792079208, 0.04405940594059406, 0.0400990099009901, 0.09405940594059406, 0.009900990099009901], [0.9523809523809523, 0.009523809523809523, 0.009523809523809523, 0.009523809523809523, 0.009523809523809523, 0.009523809523809523], [0.11386138613861387, 0.14504950495049504, 0.014356435643564357, 0.02821782178217822, 0.6886138613861386, 0.009900990099009901], [0.8014851485148515, 0.09801980198019802, 0.009900990099009901, 0.019801980198019802, 0.06089108910891089, 0.009900990099009901], [0.9523809523809523, 0.009523809523809523, 0.009523809523809523, 0.009523809523809523, 0.009523809523809523, 0.009523809523809523], [0.10643564356435643, 0.16633663366336635, 0.019801980198019802, 0.02178217821782178, 0.6757425742574258, 0.009900990099009901], [0.11138613861386139, 0.16881188118811882, 0.021287128712871285, 0.023267326732673267, 0.6653465346534654, 0.009900990099009901], [0.12843137254901962, 0.13627450980392158, 0.00980392156862745, 0.012745098039215686, 0.7029411764705882, 0.00980392156862745], [0.7833333333333333, 0.1303921568627451, 0.00980392156862745, 0.018627450980392157, 0.04803921568627451, 0.00980392156862745], [0.7955882352941176, 0.1230392156862745, 0.00980392156862745, 0.01715686274509804, 0.0446078431372549, 0.00980392156862745], [0.8240196078431372, 0.0965686274509804, 0.00980392156862745, 0.0196078431372549, 0.04019607843137255, 0.00980392156862745], [0.7936274509803921, 0.11372549019607843, 0.00980392156862745, 0.018627450980392157, 0.054411764705882354, 0.00980392156862745], [0.7558823529411764, 0.13970588235294115, 0.00980392156862745, 0.021568627450980392, 0.06323529411764706, 0.00980392156862745], [0.667156862745098, 0.2181372549019608, 0.00980392156862745, 0.021078431372549018, 0.07401960784313726, 0.00980392156862745], [0.5965686274509804, 0.2759803921568627, 0.00980392156862745, 0.020588235294117647, 0.08725490196078431, 0.00980392156862745], [0.6735294117647059, 0.20735294117647057, 0.00980392156862745, 0.019117647058823527, 0.0803921568627451, 0.00980392156862745], [0.7352941176470588, 0.16029411764705884, 0.00980392156862745, 0.020098039215686276, 0.06470588235294118, 0.00980392156862745], [0.7269607843137254, 0.1637254901960784, 0.009803921568627449, 0.02352941176470588, 0.06617647058823528, 0.009803921568627449], [0.6588235294117647, 0.2161764705882353, 0.00980392156862745, 0.023039215686274508, 0.08235294117647059, 0.00980392156862745], [0.5779411764705883, 0.29705882352941176, 0.00980392156862745, 0.020588235294117647, 0.08480392156862744, 0.00980392156862745], [0.14313725490196078, 0.2446078431372549, 0.00980392156862745, 0.023039215686274508, 0.5696078431372549, 0.00980392156862745], [0.10980392156862745, 0.17156862745098037, 0.00980392156862745, 0.0196078431372549, 0.6794117647058823, 0.00980392156862745], [0.08868201861832435, 0.09113179813816756, 0.009799118079372856, 0.009799118079372856, 0.7907888290053896, 0.009799118079372856], [0.031862745098039214, 0.037745098039215684, 0.00980392156862745, 0.00980392156862745, 0.9009803921568628, 0.00980392156862745], [0.020457866536775452, 0.01071602532878714, 0.00974184120798831, 0.00974184120798831, 0.9396005845104726, 0.00974184120798831], [0.009629272989889264, 0.009629272989889264, 0.009629272989889264, 0.009629272989889264, 0.9518536350505538, 0.009629272989889264], [0.009573958831977022, 0.009573958831977022, 0.009573958831977022, 0.009573958831977022, 0.952130205840115, 0.009573958831977022], [0.9523809523809523, 0.009523809523809523, 0.009523809523809523, 0.009523809523809523, 0.009523809523809523, 0.009523809523809523]], [[0.9523809523809523, 0.009523809523809523, 0.009523809523809523, 0.009523809523809523, 0.009523809523809523, 0.009523809523809523], [0.9523809523809523, 0.009523809523809523, 0.009523809523809523, 0.009523809523809523, 0.009523809523809523, 0.009523809523809523], [0.7029702970297029, 0.19702970297029704, 0.024752475247524754, 0.01485148514851485, 0.05049504950495049, 0.009900990099009901], [0.6163366336633663, 0.2514851485148515, 0.029207920792079206, 0.02574257425742574, 0.06732673267326733, 0.009900990099009901], [0.5980392156862745, 0.2838235294117647, 0.00980392156862745, 0.03235294117647059, 0.0661764705882353, 0.00980392156862745], [0.6563725490196078, 0.22254901960784315, 0.00980392156862745, 0.027941176470588237, 0.07352941176470588, 0.00980392156862745], [0.7367647058823529, 0.15490196078431373, 0.00980392156862745, 0.030392156862745098, 0.05833333333333333, 0.00980392156862745], [0.13480392156862747, 0.0892156862745098, 0.00980392156862745, 0.034803921568627445, 0.7215686274509804, 0.00980392156862745], [0.8078431372549019, 0.08970588235294118, 0.00980392156862745, 0.025490196078431372, 0.05735294117647059, 0.00980392156862745], [0.6886138613861386, 0.1806930693069307, 0.019801980198019802, 0.02574257425742574, 0.07524752475247524, 0.009900990099009901], [0.556930693069307, 0.26485148514851486, 0.03762376237623762, 0.02821782178217822, 0.10247524752475247, 0.009900990099009901], [0.1727722772277228, 0.3767326732673268, 0.04306930693069307, 0.03613861386138614, 0.36138613861386143, 0.009900990099009903], [0.9523809523809523, 0.009523809523809523, 0.009523809523809523, 0.009523809523809523, 0.009523809523809523, 0.009523809523809523], [0.6777227722772278, 0.18861386138613861, 0.020792079207920793, 0.02574257425742574, 0.07722772277227723, 0.009900990099009901], [0.7336633663366338, 0.1420792079207921, 0.011386138613861388, 0.026237623762376244, 0.07673267326732675, 0.009900990099009903], [0.12574257425742574, 0.13217821782178218, 0.02277227722772277, 0.02574257425742574, 0.6836633663366337, 0.009900990099009901], [0.1608910891089109, 0.19900990099009902, 0.023762376237623763, 0.031683168316831684, 0.5747524752475247, 0.009900990099009901], [0.5460396039603961, 0.2995049504950495, 0.032673267326732675, 0.025247524752475246, 0.08663366336633663, 0.009900990099009901], [0.6269607843137255, 0.24509803921568626, 0.00980392156862745, 0.028921568627450978, 0.07941176470588235, 0.00980392156862745], [0.6799019607843138, 0.19803921568627453, 0.00980392156862745, 0.027450980392156862, 0.075, 0.00980392156862745], [0.6867647058823529, 0.19019607843137254, 0.00980392156862745, 0.026470588235294117, 0.0769607843137255, 0.00980392156862745], [0.6769607843137255, 0.1995098039215686, 0.00980392156862745, 0.022549019607843137, 0.08137254901960785, 0.00980392156862745], [0.7357843137254901, 0.1568627450980392, 0.00980392156862745, 0.023529411764705882, 0.06421568627450981, 0.00980392156862745], [0.75, 0.13431372549019607, 0.00980392156862745, 0.018137254901960782, 0.07794117647058824, 0.00980392156862745], [0.721078431372549, 0.15, 0.00980392156862745, 0.024509803921568627, 0.08480392156862744, 0.00980392156862745], [0.5813725490196078, 0.27107843137254906, 0.00980392156862745, 0.02696078431372549, 0.10098039215686273, 0.00980392156862745], [0.18970588235294117, 0.6926470588235294, 0.00980392156862745, 0.018627450980392157, 0.07941176470588235, 0.00980392156862745], [0.6137254901960785, 0.24215686274509804, 0.00980392156862745, 0.029901960784313723, 0.0946078431372549, 0.00980392156862745], [0.7196078431372549, 0.16029411764705884, 0.00980392156862745, 0.022549019607843137, 0.07794117647058824, 0.00980392156862745], [0.19166666666666662, 0.1656862745098039, 0.009803921568627449, 0.027450980392156855, 0.5955882352941175, 0.009803921568627449], [0.5852941176470587, 0.25049019607843137, 0.00980392156862745, 0.03382352941176471, 0.11078431372549019, 0.00980392156862745], [0.20245098039215684, 0.696078431372549, 0.00980392156862745, 0.021568627450980392, 0.060294117647058824, 0.00980392156862745], [0.19656862745098036, 0.2990196078431372, 0.009803921568627449, 0.02647058823529411, 0.45833333333333326, 0.009803921568627449], [0.7264705882352941, 0.17990196078431372, 0.00980392156862745, 0.013235294117647059, 0.060784313725490195, 0.00980392156862745], [0.8274509803921568, 0.0965686274509804, 0.00980392156862745, 0.020098039215686276, 0.036274509803921565, 0.00980392156862745], [0.009523809523809523, 0.009523809523809523, 0.009523809523809523, 0.009523809523809523, 0.009523809523809523, 0.9523809523809523], [0.019931939718035977, 0.012639766650461837, 0.009722897423432183, 0.009722897423432183, 0.9382596013612057, 0.009722897423432183], [0.9518304431599229, 0.009633911368015413, 0.009633911368015413, 0.009633911368015413, 0.009633911368015413, 0.009633911368015413], [0.9522445081184336, 0.009551098376313277, 0.009551098376313277, 0.009551098376313277, 0.009551098376313277, 0.009551098376313277], [0.9523809523809523, 0.009523809523809523, 0.009523809523809523, 0.009523809523809523, 0.009523809523809523, 0.009523809523809523]], [[0.9523809523809523, 0.009523809523809523, 0.009523809523809523, 0.009523809523809523, 0.009523809523809523, 0.009523809523809523], [0.8798029556650245, 0.0605911330049261, 0.009852216748768471, 0.012807881773399013, 0.0270935960591133, 0.009852216748768471], [0.8272277227722772, 0.10742574257425742, 0.010396039603960397, 0.012376237623762377, 0.032673267326732675, 0.009900990099009901], [0.7848039215686274, 0.13284313725490196, 0.00980392156862745, 0.019117647058823527, 0.043627450980392155, 0.00980392156862745], [0.11176470588235295, 0.15931372549019607, 0.00980392156862745, 0.020588235294117647, 0.6887254901960784, 0.00980392156862745], [0.7946078431372549, 0.11617647058823528, 0.00980392156862745, 0.022058823529411763, 0.047549019607843135, 0.00980392156862745], [0.8333333333333333, 0.08333333333333334, 0.00980392156862745, 0.01568627450980392, 0.04803921568627451, 0.00980392156862745], [0.8637254901960785, 0.052450980392156864, 0.00980392156862745, 0.0196078431372549, 0.0446078431372549, 0.00980392156862745], [0.8495098039215686, 0.06862745098039216, 0.00980392156862745, 0.016176470588235296, 0.046078431372549015, 0.00980392156862745], [0.7787128712871287, 0.12673267326732673, 0.015841584158415842, 0.021287128712871285, 0.047524752475247525, 0.009900990099009901], [0.9523809523809523, 0.009523809523809523, 0.009523809523809523, 0.009523809523809523, 0.009523809523809523, 0.009523809523809523], [0.9523809523809523, 0.009523809523809523, 0.009523809523809523, 0.009523809523809523, 0.009523809523809523, 0.009523809523809523], [0.7188118811881188, 0.1589108910891089, 0.026732673267326732, 0.021287128712871285, 0.06435643564356436, 0.009900990099009901], [0.7460396039603961, 0.13514851485148519, 0.01930693069306931, 0.02326732673267327, 0.06633663366336635, 0.009900990099009903], [0.765686274509804, 0.12549019607843137, 0.00980392156862745, 0.023039215686274508, 0.0661764705882353, 0.00980392156862745], [0.7303921568627451, 0.15098039215686274, 0.00980392156862745, 0.022549019607843137, 0.07647058823529411, 0.00980392156862745], [0.5897058823529412, 0.25392156862745097, 0.00980392156862745, 0.030882352941176472, 0.10588235294117647, 0.00980392156862745], [0.18137254901960784, 0.7014705882352942, 0.00980392156862745, 0.01764705882352941, 0.07990196078431373, 0.00980392156862745], [0.5504901960784314, 0.2995098039215686, 0.00980392156862745, 0.021078431372549018, 0.10931372549019608, 0.00980392156862745], [0.1803921568627451, 0.2142156862745098, 0.00980392156862745, 0.024999999999999998, 0.5607843137254901, 0.00980392156862745], [0.6274509803921569, 0.21911764705882353, 0.00980392156862745, 0.026470588235294117, 0.10735294117647058, 0.00980392156862745], [0.3573529411764706, 0.4426470588235294, 0.00980392156862745, 0.028431372549019607, 0.15196078431372548, 0.00980392156862745], [0.6715686274509804, 0.20098039215686272, 0.00980392156862745, 0.02696078431372549, 0.08088235294117647, 0.00980392156862745], [0.7269607843137256, 0.15098039215686274, 0.00980392156862745, 0.024019607843137256, 0.0784313725490196, 0.00980392156862745], [0.16323529411764706, 0.1426470588235294, 0.00980392156862745, 0.023529411764705882, 0.6509803921568628, 0.00980392156862745], [0.6833333333333335, 0.18725490196078434, 0.009803921568627453, 0.02401960784313726, 0.08578431372549021, 0.009803921568627453], [0.6166666666666667, 0.23872549019607842, 0.00980392156862745, 0.03137254901960784, 0.09362745098039216, 0.00980392156862745], [0.6990196078431372, 0.17156862745098037, 0.00980392156862745, 0.025490196078431372, 0.08431372549019607, 0.00980392156862745], [0.1681372549019608, 0.13186274509803922, 0.00980392156862745, 0.024999999999999998, 0.6553921568627451, 0.00980392156862745], [0.17450980392156862, 0.1588235294117647, 0.00980392156862745, 0.022549019607843137, 0.6245098039215686, 0.00980392156862745], [0.6637254901960785, 0.20245098039215684, 0.00980392156862745, 0.021568627450980392, 0.09264705882352942, 0.00980392156862745], [0.22598039215686275, 0.2838235294117647, 0.00980392156862745, 0.031862745098039214, 0.4387254901960784, 0.00980392156862745], [0.6348039215686274, 0.2333333333333333, 0.00980392156862745, 0.025980392156862743, 0.08627450980392157, 0.00980392156862745], [0.7406862745098038, 0.16225490196078432, 0.00980392156862745, 0.024509803921568627, 0.052941176470588235, 0.00980392156862745], [0.009523809523809523, 0.009523809523809523, 0.009523809523809523, 0.009523809523809523, 0.009523809523809523, 0.9523809523809523], [0.0514201762977473, 0.04456415279138099, 0.00979431929480901, 0.00979431929480901, 0.8746327130264445, 0.00979431929480901], [0.9480582524271844, 0.013106796116504853, 0.009708737864077669, 0.009708737864077669, 0.009708737864077669, 0.009708737864077669], [0.9518072289156626, 0.009638554216867469, 0.009638554216867469, 0.009638554216867469, 0.009638554216867469, 0.009638554216867469], [0.9521072796934865, 0.009578544061302681, 0.009578544061302681, 0.009578544061302681, 0.009578544061302681, 0.009578544061302681], [0.9523809523809523, 0.009523809523809523, 0.009523809523809523, 0.009523809523809523, 0.009523809523809523, 0.009523809523809523]], [[0.9523809523809523, 0.009523809523809523, 0.009523809523809523, 0.009523809523809523, 0.009523809523809523, 0.009523809523809523], [0.9339853300733496, 0.025427872860635695, 0.009779951100244499, 0.009779951100244499, 0.011246943765281174, 0.009779951100244499], [0.907843137254902, 0.042156862745098035, 0.00980392156862745, 0.010784313725490196, 0.0196078431372549, 0.00980392156862745], [0.8950980392156863, 0.05392156862745098, 0.00980392156862745, 0.012745098039215686, 0.018627450980392157, 0.00980392156862745], [0.8921568627450981, 0.054901960784313725, 0.00980392156862745, 0.011274509803921568, 0.022058823529411763, 0.00980392156862745], [0.9004901960784314, 0.045588235294117645, 0.00980392156862745, 0.013725490196078431, 0.020588235294117647, 0.00980392156862745], [0.91748046875, 0.0302734375, 0.009765625, 0.009765625, 0.02294921875, 0.009765625], [0.928921568627451, 0.018137254901960782, 0.00980392156862745, 0.00980392156862745, 0.023529411764705882, 0.00980392156862745], [0.9049261083743843, 0.03300492610837439, 0.009852216748768475, 0.01083743842364532, 0.03152709359605912, 0.009852216748768475], [0.8759231905465289, 0.055637616937469235, 0.009847365829640574, 0.013293943870014773, 0.03545051698670606, 0.009847365829640574], [0.9523809523809523, 0.009523809523809523, 0.009523809523809523, 0.009523809523809523, 0.009523809523809523, 0.009523809523809523], [0.9523809523809523, 0.009523809523809523, 0.009523809523809523, 0.009523809523809523, 0.009523809523809523, 0.009523809523809523], [0.842313395946614, 0.0790904597132971, 0.009886307464162138, 0.014335145823035099, 0.04448838358872961, 0.009886307464162138], [0.11176470588235295, 0.07794117647058824, 0.00980392156862745, 0.021568627450980392, 0.7691176470588235, 0.00980392156862745], [0.8137254901960784, 0.09019607843137255, 0.00980392156862745, 0.020588235294117647, 0.05588235294117647, 0.00980392156862745], [0.14019607843137252, 0.1230392156862745, 0.00980392156862745, 0.01715686274509804, 0.7, 0.00980392156862745], [0.17401960784313725, 0.1970588235294118, 0.00980392156862745, 0.029411764705882353, 0.5799019607843138, 0.00980392156862745], [0.5808823529411765, 0.2867647058823529, 0.00980392156862745, 0.023039215686274508, 0.08970588235294118, 0.00980392156862745], [0.18970588235294117, 0.22647058823529412, 0.00980392156862745, 0.02696078431372549, 0.5372549019607843, 0.00980392156862745], [0.6686274509803922, 0.19754901960784316, 0.00980392156862745, 0.028921568627450978, 0.08529411764705881, 0.00980392156862745], [0.20735294117647057, 0.20833333333333331, 0.00980392156862745, 0.02696078431372549, 0.5377450980392157, 0.00980392156862745], [0.615686274509804, 0.2392156862745098, 0.00980392156862745, 0.025490196078431372, 0.09999999999999999, 0.00980392156862745], [0.6259803921568627, 0.2269607843137255, 0.00980392156862745, 0.024509803921568627, 0.10294117647058823, 0.00980392156862745], [0.6926470588235294, 0.16617647058823531, 0.00980392156862745, 0.02696078431372549, 0.0946078431372549, 0.00980392156862745], [0.7578431372549019, 0.12990196078431374, 0.00980392156862745, 0.020098039215686276, 0.07254901960784313, 0.00980392156862745], [0.7818627450980392, 0.11764705882352941, 0.00980392156862745, 0.020588235294117647, 0.060294117647058824, 0.00980392156862745], [0.7720588235294117, 0.11519607843137254, 0.00980392156862745, 0.020588235294117647, 0.07254901960784313, 0.00980392156862745], [0.7583333333333333, 0.125, 0.00980392156862745, 0.024019607843137256, 0.0730392156862745, 0.00980392156862745], [0.782843137254902, 0.10833333333333334, 0.00980392156862745, 0.019117647058823527, 0.07009803921568626, 0.00980392156862745], [0.19166666666666668, 0.11568627450980391, 0.00980392156862745, 0.023039215686274508, 0.65, 0.00980392156862745], [0.6799019607843138, 0.171078431372549, 0.00980392156862745, 0.028431372549019607, 0.10098039215686273, 0.00980392156862745], [0.6549019607843137, 0.2107843137254902, 0.00980392156862745, 0.024999999999999998, 0.08970588235294118, 0.00980392156862745], [0.6514705882352941, 0.2053921568627451, 0.00980392156862745, 0.030392156862745098, 0.09313725490196079, 0.00980392156862745], [0.009523809523809523, 0.009523809523809523, 0.009523809523809523, 0.009523809523809523, 0.009523809523809523, 0.9523809523809523], [0.8142156862745098, 0.10833333333333334, 0.00980392156862745, 0.014705882352941176, 0.043137254901960784, 0.00980392156862745], [0.062133072407045006, 0.050880626223091974, 0.009784735812133072, 0.009784735812133072, 0.8576320939334637, 0.009784735812133072], [0.024378352023403223, 0.02096538274012677, 0.009751340809361289, 0.009751340809361289, 0.9254022428083862, 0.009751340809361289], [0.9518304431599229, 0.009633911368015413, 0.009633911368015413, 0.009633911368015413, 0.009633911368015413, 0.009633911368015413], [0.009596928982725527, 0.009596928982725527, 0.009596928982725527, 0.009596928982725527, 0.9520153550863724, 0.009596928982725527], [0.9523809523809523, 0.009523809523809523, 0.009523809523809523, 0.009523809523809523, 0.009523809523809523, 0.009523809523809523]], [[0.9523809523809523, 0.009523809523809523, 0.009523809523809523, 0.009523809523809523, 0.009523809523809523, 0.009523809523809523], [0.9515033947623667, 0.009699321047526674, 0.009699321047526674, 0.009699321047526674, 0.009699321047526674, 0.009699321047526674], [0.015144113336590131, 0.021983390327308252, 0.009770395701025891, 0.009770395701025891, 0.9335613092330238, 0.009770395701025891], [0.9402332361516036, 0.02089407191448008, 0.009718172983479108, 0.009718172983479108, 0.009718172983479108, 0.009718172983479108], [0.9413489736070382, 0.01857282502443793, 0.009775171065493648, 0.009775171065493648, 0.010752688172043012, 0.009775171065493648], [0.9377450980392157, 0.018627450980392157, 0.00980392156862745, 0.010784313725490196, 0.013235294117647059, 0.00980392156862745], [0.9436274509803921, 0.013235294117647059, 0.00980392156862745, 0.00980392156862745, 0.013725490196078431, 0.00980392156862745], [0.9344743276283619, 0.020048899755501223, 0.009779951100244499, 0.009779951100244499, 0.016136919315403425, 0.009779951100244499], [0.9336935166994106, 0.0206286836935167, 0.009823182711198428, 0.009823182711198428, 0.016208251473477406, 0.009823182711198428], [0.9523809523809523, 0.009523809523809523, 0.009523809523809523, 0.009523809523809523, 0.009523809523809523, 0.009523809523809523], [0.9359921221073364, 0.01821762678483506, 0.009847365829640574, 0.010339734121122601, 0.015755785327424915, 0.009847365829640574], [0.9238329238329237, 0.032432432432432434, 0.009828009828009828, 0.009828009828009828, 0.01425061425061425, 0.009828009828009828], [0.04082636497786523, 0.029021151008362025, 0.009837678307919331, 0.010821446138711263, 0.8996556812592228, 0.009837678307919331], [0.05188448360254528, 0.03230543318649046, 0.009789525208027412, 0.009789525208027412, 0.8864415075868821, 0.009789525208027412], [0.8794708476237139, 0.053895149436550716, 0.009799118079372856, 0.009799118079372856, 0.03723664870161685, 0.009799118079372856], [0.8382352941176471, 0.08529411764705881, 0.00980392156862745, 0.018137254901960782, 0.03872549019607843, 0.00980392156862745], [0.7823529411764706, 0.12794117647058822, 0.00980392156862745, 0.020098039215686276, 0.049999999999999996, 0.00980392156862745], [0.7362745098039215, 0.1553921568627451, 0.00980392156862745, 0.023039215686274508, 0.06568627450980392, 0.00980392156862745], [0.75, 0.1377450980392157, 0.00980392156862745, 0.024019607843137256, 0.06862745098039216, 0.00980392156862745], [0.7490196078431373, 0.14656862745098037, 0.00980392156862745, 0.024019607843137256, 0.060784313725490195, 0.00980392156862745], [0.7029411764705882, 0.1642156862745098, 0.00980392156862745, 0.029901960784313723, 0.08333333333333334, 0.00980392156862745], [0.6387254901960784, 0.21176470588235294, 0.00980392156862745, 0.021568627450980392, 0.10833333333333334, 0.00980392156862745], [0.3730392156862745, 0.4343137254901961, 0.00980392156862745, 0.025980392156862743, 0.14705882352941177, 0.00980392156862745], [0.21911764705882353, 0.21323529411764705, 0.00980392156862745, 0.027941176470588237, 0.5200980392156862, 0.00980392156862745], [0.16323529411764706, 0.13676470588235295, 0.00980392156862745, 0.021078431372549018, 0.6593137254901961, 0.00980392156862745], [0.16029411764705884, 0.09068627450980392, 0.00980392156862745, 0.020098039215686276, 0.7093137254901961, 0.00980392156862745], [0.8416666666666667, 0.075, 0.00980392156862745, 0.014215686274509804, 0.04950980392156863, 0.00980392156862745], [0.85, 0.06813725490196079, 0.00980392156862745, 0.012745098039215686, 0.04950980392156863, 0.00980392156862745], [0.009523809523809523, 0.009523809523809523, 0.009523809523809523, 0.009523809523809523, 0.009523809523809523, 0.9523809523809523], [0.7617647058823529, 0.11666666666666665, 0.00980392156862745, 0.022058823529411763, 0.07990196078431373, 0.00980392156862745], [0.7049019607843137, 0.1607843137254902, 0.00980392156862745, 0.028431372549019607, 0.08627450980392157, 0.009