{"prediction": [[[1.0, 0.0, 0.0, 0.0, 0.0, 0.0], [1.0, 0.0, 0.0, 0.0, 0.0, 0.0], [1.0, 0.0, 0.0, 0.0, 0.0, 0.0], [1.0, 0.0, 0.0, 0.0, 0.0, 0.0], [1.0, 0.0, 0.0, 0.0, 0.0, 0.0], [1.0, 0.0, 0.0, 0.0, 0.0, 0.0], [1.0, 0.0, 0.0, 0.0, 0.0, 0.0], [1.0, 0.0, 0.0, 0.0, 0.0, 0.0], [1.0, 0.0, 0.0, 0.0, 0.0, 0.0], [1.0, 0.0, 0.0, 0.0, 0.0, 0.0], [1.0, 0.0, 0.0, 0.0, 0.0, 0.0], [1.0, 0.0, 0.0, 0.0, 0.0, 0.0], [1.0, 0.0, 0.0, 0.0, 0.0, 0.0], [1.0, 0.0, 0.0, 0.0, 0.0, 0.0], [1.0, 0.0, 0.0, 0.0, 0.0, 0.0], [1.0, 0.0, 0.0, 0.0, 0.0, 0.0], [1.0, 0.0, 0.0, 0.0, 0.0, 0.0], [1.0, 0.0, 0.0, 0.0, 0.0, 0.0], [1.0, 0.0, 0.0, 0.0, 0.0, 0.0], [1.0, 0.0, 0.0, 0.0, 0.0, 0.0], [1.0, 0.0, 0.0, 0.0, 0.0, 0.0], [1.0, 0.0, 0.0, 0.0, 0.0, 0.0], [1.0, 0.0, 0.0, 0.0, 0.0, 0.0], [1.0, 0.0, 0.0, 0.0, 0.0, 0.0], [1.0, 0.0, 0.0, 0.0, 0.0, 0.0], [1.0, 0.0, 0.0, 0.0, 0.0, 0.0], [1.0, 0.0, 0.0, 0.0, 0.0, 0.0], [1.0, 0.0, 0.0, 0.0, 0.0, 0.0], [1.0, 0.0, 0.0, 0.0, 0.0, 0.0], [1.0, 0.0, 0.0, 0.0, 0.0, 0.0], [1.0, 0.0, 0.0, 0.0, 0.0, 0.0], [1.0, 0.0, 0.0, 0.0, 0.0, 0.0], [1.0, 0.0, 0.0, 0.0, 0.0, 0.0], [1.0, 0.0, 0.0, 0.0, 0.0, 0.0], [1.0, 0.0, 0.0, 0.0, 0.0, 0.0], [1.0, 0.0, 0.0, 0.0, 0.0, 0.0], [1.0, 0.0, 0.0, 0.0, 0.0, 0.0], [1.0, 0.0, 0.0, 0.0, 0.0, 0.0], [1.0, 0.0, 0.0, 0.0, 0.0, 0.0], [1.0, 0.0, 0.0, 0.0, 0.0, 0.0]], [[1.0, 0.0, 0.0, 0.0, 0.0, 0.0], [0.891172580199718, 0.06574899099282429, 0.023128915505036558, 0.009974756651210566, 0.009974756651210566, 0.0], [0.8774666656992283, 0.07415415647833058, 0.027301112796066396, 0.011123123471749588, 0.009954941554625202, 0.0], [0.010012102434539151, 0.08188228109253523, 0.029952188333136405, 0.012282342163880284, 0.865871085975909, 0.0], [1.0, 0.0, 0.0, 0.0, 0.0, 0.0], [0.00999084104107157, 0.09076402034590368, 0.03291009165757732, 0.013614603051885553, 0.8527204439035619, 0.0], [0.8328408240356701, 0.1028868326459008, 0.03855063515695404, 0.01543302489688512, 0.01028868326459008, 0.0], [0.8343723396815214, 0.09988930663509052, 0.04076602702461541, 0.014983395995263578, 0.009988930663509052, 0.0], [0.8204595861657981, 0.10827644374599009, 0.04419485915171438, 0.016241466561898513, 0.01082764437459901, 0.0], [0.8118144585911751, 0.1142798998406993, 0.045335666607950825, 0.017141984976104894, 0.011427989984069931, 0.0], [0.009951506850245912, 0.13163189083483837, 0.05675314797764005, 0.019744783625225755, 0.7819186707120499, 0.0], [0.7405437908669892, 0.15730582665512932, 0.06282392581409904, 0.023595873998269398, 0.015730582665512936, 0.0], [0.00987944190650368, 0.17877821834625074, 0.07965417845149741, 0.02681673275193761, 0.7048714285438105, 0.0], [0.6756734559404307, 0.19349876077254957, 0.08245309309388234, 0.02902481411588243, 0.019349876077254958, 0.0], [0.6480210268539687, 0.2066412758195878, 0.09367737837154645, 0.030996191372938166, 0.02066412758195878, 0.0], [0.5997002902998829, 0.2329046794880498, 0.1091688603400549, 0.03493570192320747, 0.023290467948804978, 0.0], [0.5581320943625496, 0.2588836335041088, 0.1182633637573144, 0.038832545025616325, 0.025888363350410882, 0.0], [0.5197731462992392, 0.2830598502337619, 0.12640204090855847, 0.042458977535064286, 0.028305985023376192, 0.0], [0.014119095286663105, 0.27687785163846124, 0.12192389185443071, 0.041531677745769185, 0.545547483474676, 0.0], [0.5278064331122423, 0.28005675618303494, 0.12212262165896386, 0.04200851342745524, 0.028005675618303492, 0.0], [0.5088484553259565, 0.29079690530095453, 0.12765541304785052, 0.043619535795143174, 0.029079690530095452, 0.0], [0.014560869254965643, 0.2701957327974419, 0.12653106093772, 0.04052935991961629, 0.5481829770902562, 0.0], [0.5671723926583853, 0.2553934165771676, 0.11358583662015519, 0.03830901248657514, 0.025539341657716763, 0.0], [0.009882256528917652, 0.25245549971678904, 0.11590681755185171, 0.03786832495751835, 0.5838871012449233, 0.0], [0.5749786717233619, 0.2501648517451932, 0.11231526359514647, 0.037524727761778974, 0.02501648517451932, 0.0], [0.5829187622106412, 0.2430627597621759, 0.11325278808663887, 0.03645941396432638, 0.02430627597621759, 0.0], [0.602446006601494, 0.23422995906474617, 0.10476654456757309, 0.03513449385971192, 0.02342299590647462, 0.0], [0.5795519578155464, 0.24907789027441413, 0.10910067934143604, 0.03736168354116212, 0.024907789027441413, 0.0], [0.5750576124509691, 0.25401431683322634, 0.10742449150749796, 0.03810214752498395, 0.025401431683322637, 0.0], [0.010457226570029687, 0.25810555534137786, 0.11789197733143145, 0.03871583330120668, 0.5748294074559543, 0.0], [0.58164980319127, 0.25097223373624433, 0.10463490463842445, 0.037645835060436644, 0.025097223373624432, 0.0], [0.011928456198035462, 0.2673320949543592, 0.11941539020962338, 0.04009981424315388, 0.5612242443948281, 0.0], [0.5039072269074761, 0.29296717579366194, 0.12988380335044653, 0.04394507636904929, 0.0292967175793662, 0.0], [0.5209733986420194, 0.2846899846619793, 0.12316412053050632, 0.0427034976992969, 0.02846899846619793, 0.0], [0.5625146815912421, 0.256718109719493, 0.11658768125939153, 0.038507716457923946, 0.0256718109719493, 0.0], [0.5530113075132449, 0.26547674142841676, 0.11514276570123387, 0.039821511214262514, 0.026547674142841676, 0.0], [0.009741529525191165, 0.2830296347833727, 0.1251079805570531, 0.042454445217505896, 0.5396664099168771, 0.0], [0.5019253727161899, 0.29416044079783904, 0.13037407628651135, 0.04412406611967585, 0.029416044079783907, 0.0], [0.6043382278852055, 0.23633082651668513, 0.10024823896893807, 0.035449623977502766, 0.023633082651668514, 0.0], [1.0, 0.0, 0.0, 0.0, 0.0, 0.0]], [[1.0, 0.0, 0.0, 0.0, 0.0, 0.0], [0.010008212865005412, 0.08923219443082123, 0.03477428244470913, 0.013384829164623182, 0.8526004810948411, 0.0], [0.01012450036359377, 0.12689178570905665, 0.01012450036359377, 0.019033767856358498, 0.8338254457073973, 0.0], [0.8157220230595029, 0.11299175571584245, 0.043038282295693966, 0.01694876335737637, 0.011299175571584245, 0.0], [1.0, 0.0, 0.0, 0.0, 0.0, 0.0], [1.0, 0.0, 0.0, 0.0, 0.0, 0.0], [0.7827053591211182, 0.13170294282380618, 0.05266596234912405, 0.019755441423570927, 0.01317029428238062, 0.0], [0.7801479524944255, 0.13110926090742922, 0.05596547137128804, 0.019666389136114383, 0.013110926090742922, 0.0], [0.7669606330639281, 0.1366214587794638, 0.06226254346174216, 0.02049321881691957, 0.013662145877946383, 0.0], [0.7535180604135068, 0.18933648495404154, 0.009811333393941427, 0.02840047274310623, 0.018933648495404156, 0.0], [0.7288164695877677, 0.20910786225473948, 0.009798702593807976, 0.03136617933821092, 0.020910786225473946, 0.0], [0.6875018421170226, 0.2422086769178696, 0.00973731173564028, 0.03633130153768043, 0.024220867691786958, 0.0], [0.015327454861382329, 0.2829683974409045, 0.010052747077835468, 0.04244525961613568, 0.649206141003742, 0.0], [0.622370391330398, 0.2943547506482926, 0.009686170359236234, 0.044153212597243884, 0.029435475064829256, 0.0], [0.592281401310168, 0.318427798348049, 0.009683850754770722, 0.047764169752207354, 0.0318427798348049, 0.0], [0.553119570741393, 0.349789034522698, 0.009644136105234544, 0.052468355178404695, 0.034978903452269804, 0.0], [0.5044410015020165, 0.3887265975187161, 0.009650751599588425, 0.05830898962780741, 0.03887265975187161, 0.0], [0.07464779021396888, 0.7327802164969778, 0.0093769391648089, 0.10991703247454666, 0.07327802164969778, 0.0], [0.03988894053301659, 0.3968728251059319, 0.01003371623765152, 0.05953092376588978, 0.4936735943575102, 0.0], [0.04379105411323115, 0.3930357938914189, 0.010048790820134034, 0.058955369083712836, 0.4941689920915031, 0.0], [0.08928929401082508, 0.7208707239130691, 0.00962230109783852, 0.10813060858696034, 0.07208707239130692, 0.0], [0.508939014202172, 0.3850578828022437, 0.009738632295023272, 0.05775868242033655, 0.03850578828022437, 0.0], [0.5585846382047203, 0.3453233967726115, 0.009761115829515414, 0.05179850951589172, 0.034532339677261145, 0.0], [0.554561155597425, 0.348466731886421, 0.009855429544548716, 0.05227000978296315, 0.034846673188642104, 0.0], [0.03510413076657968, 0.37319678991679384, 0.01004381862045197, 0.05597951848751907, 0.5256757422086554, 0.0], [0.5501055864849299, 0.35208293338452673, 0.009790746784411594, 0.05281244000767901, 0.03520829333845268, 0.0], [0.57576011994003, 0.33156221889055476, 0.009787106446776613, 0.049734332833583215, 0.033156221889055475, 0.0], [0.03861317625388164, 0.3535765208247656, 0.01004730606606104, 0.05303647812371484, 0.5447265187315768, 0.0], [0.0342575319810796, 0.37771882244655874, 0.010041000753075058, 0.05665782336698381, 0.5213248214523027, 0.0], [0.03695345835098887, 0.35849781728239344, 0.010051340671468973, 0.053774672592359005, 0.5407227111027898, 0.0], [0.5643969290378129, 0.34067589868694836, 0.00975819760350147, 0.05110138480304225, 0.03406758986869484, 0.0], [0.03179548513954822, 0.38819038900250274, 0.010040679517752069, 0.058228558350375416, 0.5117448879898215, 0.0], [0.07332545627659942, 0.7338510777419615, 0.00936069654594886, 0.11007766166129421, 0.07338510777419616, 0.0], [0.4912539039770096, 0.3992447363108456, 0.009690175634433374, 0.05988671044662684, 0.03992447363108456, 0.0], [0.027865301299724296, 0.3731784166994879, 0.010043324143363527, 0.055976762504923186, 0.532936195352501, 0.0], [0.5393703572691899, 0.3608065086664309, 0.00962150689777149, 0.054120976299964624, 0.03608065086664309, 0.0], [0.024276537167329457, 0.4250841235851943, 0.009984704802691955, 0.06376261853777913, 0.47689201590700514, 0.0], [0.03129496786296727, 0.7680057985226557, 0.008697783983712971, 0.11520086977839834, 0.07680057985226557, 0.0], [0.5306803572104529, 0.27423349844503725, 0.12652776973325058, 0.04113502476675559, 0.027423349844503724, 0.0], [1.0, 0.0, 0.0, 0.0, 0.0, 0.0]], [[1.0, 0.0, 0.0, 0.0, 0.0, 0.0], [0.009946860696033403, 0.12526142514395622, 0.051250702417477735, 0.018789213771593434, 0.7947517979709391, 0.0], [0.7683693431540058, 0.1774332529445584, 0.009839090665296103, 0.02661498794168376, 0.01774332529445584, 0.0], [0.7533089304126592, 0.1465983334134287, 0.06344315282055478, 0.021989750012014305, 0.014659833341342871, 0.0], [0.00990136783076837, 0.15361776847131728, 0.06462280825450423, 0.02304266527069759, 0.7488153901727126, 0.0], [1.0, 0.0, 0.0, 0.0, 0.0, 0.0], [1.0, 0.0, 0.0, 0.0, 0.0, 0.0], [1.0, 0.0, 0.0, 0.0, 0.0, 0.0], [0.7150933333333332, 0.17080888888888884, 0.07139555555555553, 0.02562133333333333, 0.017080888888888885, 0.0], [0.7118872689702674, 0.22265909003941378, 0.009788868480465313, 0.03339886350591206, 0.022265909003941382, 0.0], [0.01516000200820806, 0.2461039287046763, 0.010071557178310174, 0.03691558930570144, 0.6917489228031041, 0.0], [0.6627377050432816, 0.2620103600815971, 0.009749344854722014, 0.039301554012239566, 0.02620103600815971, 0.0], [0.620288664000614, 0.29598619080693306, 0.009728597490719745, 0.04439792862103996, 0.02959861908069331, 0.0], [0.026245620600596313, 0.32514039929781885, 0.010045228147320165, 0.04877105989467283, 0.5897976920595918, 0.0], [0.5723592034200725, 0.3342953285353323, 0.00977163591076197, 0.05014429928029984, 0.03342953285353323, 0.0], [0.5316552250190695, 0.36689549961861173, 0.009725400457665906, 0.05503432494279176, 0.03668954996186118, 0.0], [0.5164037549598374, 0.3789799670957128, 0.009871286170521631, 0.05684699506435691, 0.03789799670957128, 0.0], [0.49271459485453234, 0.39798028372204863, 0.00981005049290695, 0.05969704255830729, 0.03979802837220486, 0.0], [0.516866753256212, 0.3785824401257571, 0.009905196586591569, 0.05678736601886356, 0.03785824401257572, 0.0], [0.5245033761841155, 0.37239739709072195, 0.0099998774524822, 0.055859609563608296, 0.0372397397090722, 0.0], [0.04490626863905908, 0.3940512749732583, 0.010055849398867238, 0.05910769124598875, 0.49187891574282655, 0.0], [0.5265581079771251, 0.3708442376659881, 0.009886594940389648, 0.05562663564989822, 0.03708442376659882, 0.0], [0.550204199995167, 0.35194896208404824, 0.009859597399772843, 0.05279234431260724, 0.035194896208404824, 0.0], [0.5347063680963714, 0.36430757274007863, 0.00990916597853014, 0.05464613591101179, 0.036430757274007866, 0.0], [0.09813297450561066, 0.7136506716005477, 0.009803685993704493, 0.10704760074008217, 0.07136506716005478, 0.0], [0.5234130355625682, 0.37334627988833596, 0.009904114577011775, 0.05600194198325039, 0.037334627988833594, 0.0], [0.03653956928797285, 0.3546662117762236, 0.010086701129562193, 0.053199931766433534, 0.5455075860398079, 0.0], [0.5222149584755816, 0.3743250768746519, 0.009878695431103361, 0.05614876153119778, 0.03743250768746519, 0.0], [0.10149869546750806, 0.7108791942236514, 0.009902311752927615, 0.10663187913354771, 0.07108791942236514, 0.0], [0.5230407200300821, 0.3736490338545141, 0.009897987651775207, 0.056047355078177104, 0.03736490338545141, 0.0], [0.5484706477610861, 0.35335927429555825, 0.00983025936946596, 0.05300389114433374, 0.03533592742955583, 0.0], [0.5477436351937063, 0.3538795876989571, 0.0099068801825974, 0.05308193815484357, 0.035387958769895714, 0.0], [0.4953837276399307, 0.3958453548759377, 0.009809578765147143, 0.05937680323139065, 0.03958453548759377, 0.0], [0.5046112355221651, 0.38845144356955374, 0.009824460015892508, 0.058267716535433056, 0.03884514435695537, 0.0], [0.5371114299378287, 0.36250597800095646, 0.009756097560975608, 0.054375896700143464, 0.03625059780009565, 0.0], [0.03150839033972444, 0.37519600434225, 0.010043299420787166, 0.0562794006513375, 0.5269729052459008, 0.0], [0.5096822156402299, 0.38455093636052534, 0.009629113909113437, 0.057682640454078796, 0.03845509363605253, 0.0], [0.4842402360370696, 0.4050589145086713, 0.009436120827091199, 0.06075883717630069, 0.04050589145086714, 0.0], [0.009731495883306074, 0.26744426971291513, 0.12071179705171577, 0.04011664045693727, 0.5619957968951258, 0.0], [1.0, 0.0, 0.0, 0.0, 0.0, 0.0]], [[1.0, 0.0, 0.0, 0.0, 0.0, 0.0], [0.7453252455463688, 0.15125495157329324, 0.06560606498701464, 0.022688242735993985, 0.015125495157329324, 0.0], [0.7109530795528722, 0.22345994016507034, 0.009721995240789776, 0.03351899102476055, 0.022345994016507036, 0.0], [0.69663650537769, 0.23493592635084612, 0.009693586683752344, 0.03524038895262691, 0.023493592635084614, 0.0], [0.009853546504103675, 0.19214536407659158, 0.08514854927594181, 0.028821804611488734, 0.6840307355318741, 0.0], [0.670815081212785, 0.19935194263000633, 0.079994990499707, 0.029902791394500944, 0.019935194263000635, 0.0], [1.0, 0.0, 0.0, 0.0, 0.0, 0.0], [1.0, 0.0, 0.0, 0.0, 0.0, 0.0], [0.009790120173592643, 0.20904154044199832, 0.08664600821712956, 0.03135623106629975, 0.6631661001009796, 0.0], [0.01784209255215855, 0.2760595590735912, 0.010057124268695998, 0.04140893386103868, 0.6546322902445155, 0.0], [0.021785869547001784, 0.2773508776945227, 0.010056495392929351, 0.04160263165417841, 0.6492041257113678, 0.0], [0.02736856665777435, 0.3015482506842142, 0.010077955953404275, 0.045232237602632126, 0.6157729891019751, 0.0], [0.5982242620114617, 0.31357754736702986, 0.00980380377975082, 0.04703663210505448, 0.031357754736702985, 0.0], [0.5701621257016213, 0.3360073233600733, 0.009828720098287202, 0.050401098504010984, 0.03360073233600733, 0.0], [0.55588245977262, 0.3473902146671025, 0.00987977189350187, 0.05210853220006537, 0.034739021466710256, 0.0], [0.5298933995863269, 0.368095756789504, 0.009986904426793298, 0.055214363518425603, 0.0368095756789504, 0.0], [0.502701249174958, 0.3898599261740045, 0.00997384310753661, 0.05847898892610068, 0.03898599261740045, 0.0], [0.5279434504086591, 0.3696340475664532, 0.010013990133274428, 0.055445107134967975, 0.03696340475664532, 0.0], [0.046199211196747726, 0.36954417273454265, 0.010101435245591144, 0.055431625910181394, 0.5187235549129371, 0.0], [0.04407580248315077, 0.3776304197072637, 0.010068828338816076, 0.05664456295608955, 0.51158038651468, 0.0], [0.5353465358571308, 0.3637866686117899, 0.009920128378131953, 0.054568000291768476, 0.036378666861178986, 0.0], [0.5439133391625376, 0.3569416108034587, 0.009909647333139026, 0.053541241620518806, 0.03569416108034587, 0.0], [0.554802342250407, 0.3482275190125617, 0.009913258983890956, 0.052234127851884256, 0.034822751901256166, 0.0], [0.5549837253577351, 0.34799484124547075, 0.010022723085426519, 0.052199226186820616, 0.03479948412454708, 0.0], [0.049952302488942855, 0.3818278677354213, 0.010109394551333674, 0.057274180160313194, 0.500836255063989, 0.0], [0.05630675284507713, 0.35608073278083985, 0.010111423926404696, 0.05341210991712598, 0.5240889805305523, 0.0], [0.05091228165844155, 0.36283056422408344, 0.010113053026603775, 0.05442458463361252, 0.5217195164572588, 0.0], [0.5334372959134263, 0.34908581630904695, 0.010131385193775157, 0.05236287244635704, 0.05498263013739448, 0.0], [0.5145360219263899, 0.3803837118245889, 0.009984338292873924, 0.05705755677368834, 0.03803837118245889, 0.0], [0.5405644063431325, 0.3595422936826226, 0.010007726553589167, 0.05393134405239339, 0.035954229368262265, 0.0], [0.5551150269211944, 0.3479197258932941, 0.00998531571218796, 0.05218795888399412, 0.034791972589329416, 0.0], [0.5430057859678125, 0.35766032965430056, 0.00991880196431176, 0.05364904944814508, 0.03576603296543006, 0.0], [0.5185867746550595, 0.37721574237978617, 0.009893547370207813, 0.05658236135696792, 0.03772157423797862, 0.0], [0.5170271903323264, 0.3784894259818731, 0.009861027190332328, 0.05677341389728096, 0.03784894259818731, 0.0], [0.5340161815799281, 0.3649391086906865, 0.009809932556713672, 0.054740866303602975, 0.036493910869068655, 0.0], [0.538816056546553, 0.3611529001599923, 0.00974281825345655, 0.054172935023998836, 0.03611529001599923, 0.0], [0.5366850554617084, 0.36294047464354484, 0.009639351233860585, 0.05444107119653172, 0.03629404746435449, 0.0], [0.5468574390042726, 0.3548825321994913, 0.0095393957463632, 0.05323237982992369, 0.03548825321994913, 0.0], [0.5961042377869606, 0.24048542822913296, 0.10328897692662303, 0.03607281423436994, 0.0240485428229133, 0.0], [1.0, 0.0, 0.0, 0.0, 0.0, 0.0]], [[1.0, 0.0, 0.0, 0.0, 0.0, 0.0], [0.7093642120772787, 0.1714261427228894, 0.07635310951910952, 0.02571392140843341, 0.01714261427228894, 0.0], [0.669538405859592, 0.2566375392955615, 0.009664670020956062, 0.03849563089433423, 0.025663753929556152, 0.0], [0.6509106164274038, 0.2715576516800455, 0.009642318972539473, 0.04073364775200682, 0.027155765168004546, 0.0], [0.640488088112112, 0.27987397167339023, 0.009669447296150031, 0.04198109575100853, 0.027987397167339025, 0.0], [0.009792256471868648, 0.2217297043378411, 0.09645532107795046, 0.03325945565067616, 0.6387632624616637, 0.0], [0.00973856212288459, 0.2400671035567862, 0.10100487288206801, 0.036010065533517925, 0.6131793959047434, 0.0], [1.0, 0.0, 0.0, 0.0, 0.0, 0.0], [0.011034371587740526, 0.23469628611837676, 0.09093089796756472, 0.03520444291775651, 0.6281340014085616, 0.0], [0.026201455142960767, 0.2901897508394581, 0.01006609576113747, 0.04352846262591871, 0.6300142356305249, 0.0], [0.02895341065751864, 0.3028023646107443, 0.010062173380125728, 0.045420354691611646, 0.6127616966599998, 0.0], [0.029454281725024307, 0.31940874353066556, 0.010064779684932927, 0.047911311529599834, 0.5931608835297775, 0.0], [0.5717122549553804, 0.3347258043033407, 0.009880489665443713, 0.05020887064550111, 0.03347258043033407, 0.0], [0.03816275028856873, 0.3491496182489131, 0.010084457330139922, 0.05237244273733697, 0.5502307313950413, 0.0], [0.04350074604521801, 0.3687418188656648, 0.010095736283531826, 0.05531127282984972, 0.5223504259757356, 0.0], [0.5010741863805442, 0.39112660667591487, 0.010017555274562039, 0.05866899100138723, 0.03911266066759149, 0.0], [0.1193107804050053, 0.6793510440926854, 0.010065921920025263, 0.10190265661390281, 0.08936959696838113, 0.0], [0.05281367710895853, 0.3792487291554266, 0.01009746029074746, 0.05688730937331399, 0.5009528240715534, 0.0], [0.5333268154376359, 0.3653606433163053, 0.009972380416982379, 0.054804096497445796, 0.036536064331630536, 0.0], [0.04765301472190849, 0.36418395450672686, 0.010105213101111574, 0.05462759317600903, 0.523430224494244, 0.0], [0.044244064911091195, 0.3524678191239279, 0.010095961120651684, 0.05287017286858918, 0.54032198197574, 0.0], [0.5438247011952191, 0.3570109804683704, 0.00991157321931785, 0.05355164707025555, 0.03570109804683704, 0.0], [0.5664052525989421, 0.33893853729710005, 0.009921575779682654, 0.05084078059456501, 0.03389385372971001, 0.0], [0.5632230145669532, 0.3414640092643385, 0.009946973852623883, 0.051219601389650773, 0.034146400926433854, 0.0], [0.044104158992526524, 0.36474930592810334, 0.010086601383941044, 0.0547123958892155, 0.5263475378062137, 0.0], [0.5269731989181216, 0.3703958691910499, 0.010031964593066142, 0.05555938037865748, 0.03703958691910499, 0.0], [0.12448880365864794, 0.6741251354346373, 0.010069673253911254, 0.10111877031519557, 0.09019761733760799, 0.0], [0.529244803609276, 0.36712484971678594, 0.010113905380448929, 0.05506872745751788, 0.0384477138359713, 0.0], [0.530214139043708, 0.3678498093282488, 0.009973599295981229, 0.055177471399237316, 0.03678498093282488, 0.0], [0.04739571701531055, 0.36973622174247495, 0.010124320702746966, 0.05546043326137124, 0.5172833072780962, 0.0], [0.5386724104170746, 0.3610730370080282, 0.00998629332289015, 0.05416095555120422, 0.03610730370080282, 0.0], [0.045451057182678105, 0.36296481503944783, 0.010100234929484022, 0.05444472225591717, 0.5270391705924728, 0.0], [0.52500182851013, 0.3720408611063705, 0.009947095106906893, 0.05580612916595557, 0.03720408611063705, 0.0], [0.513852314786724, 0.3809962987682786, 0.009902311752927615, 0.057149444815241784, 0.03809962987682787, 0.0], [0.5263627270207407, 0.3710425780638008, 0.009834050399508298, 0.05565638670957013, 0.03710425780638008, 0.0], [0.033439034268836, 0.3672860543915281, 0.010076163945114541, 0.05509290815872921, 0.5341058392357921, 0.0], [0.5543758694075545, 0.348737947187578, 0.009701696607972987, 0.0523106920781367, 0.0348737947187578, 0.0], [0.568703371423175, 0.33733119274719053, 0.009632637642836906, 0.05059967891207858, 0.03373311927471905, 0.0], [0.6142999314747493, 0.22798182867193584, 0.10072278268533093, 0.03419727430079037, 0.022798182867193588, 0.0], [1.0, 0.0, 0.0, 0.0, 0.0, 0.0]], [[1.0, 0.0, 0.0, 0.0, 0.0, 0.0], [0.6492897264830085, 0.2059375694863382, 0.0932883116590687, 0.030890635422950733, 0.020593756948633822, 0.0], [0.6064331541855353, 0.30716422006793703, 0.009611570729543219, 0.046074633010190554, 0.030716422006793705, 0.0], [0.5805839098537666, 0.32784975377210424, 0.009603897931103167, 0.049177463065815635, 0.032784975377210424, 0.0], [0.5726988931983729, 0.33412165358055057, 0.009649039825938892, 0.05011824803708258, 0.03341216535805506, 0.0], [0.5691718299200681, 0.3369436692995318, 0.009648583455517192, 0.05054155039492977, 0.03369436692995318, 0.0], [0.016794526428040028, 0.2688086665530991, 0.11998125172637146, 0.04032129998296486, 0.5540942553095246, 0.0], [0.019229725959451917, 0.2528442556885114, 0.10913571827143655, 0.037926638353276705, 0.5808636617273234, 0.0], [0.017967050076735287, 0.2442259664069435, 0.10343209399430767, 0.03663389496104152, 0.5977409945609721, 0.0], [0.034604813035138716, 0.32172589033240395, 0.010084831227383285, 0.04825888354986059, 0.5853255818552134, 0.0], [0.04031238378579397, 0.32279657865377465, 0.010115284492376348, 0.0484194867980662, 0.5783562662699888, 0.0], [0.5540687514511615, 0.34876758196771396, 0.009971771089196028, 0.0523151372951571, 0.0348767581967714, 0.0], [0.05378554129748951, 0.342028497422157, 0.010103361348699687, 0.051304274613323556, 0.5427783253183301, 0.0], [0.0489639107757735, 0.3639370152807998, 0.010099734881959347, 0.05459055229211997, 0.5224087867693473, 0.0], [0.5373381575064415, 0.36141620396431967, 0.010117868204847155, 0.054212430594647955, 0.03691533972974381, 0.0], [0.5049600492159922, 0.37909213362737243, 0.010121030658288703, 0.05686382004410586, 0.04896296645424078, 0.0], [0.06640492101688435, 0.37851301650686275, 0.010132089668993571, 0.056776952476029416, 0.48817302033122995, 0.0], [0.5229346455329987, 0.3735812665364358, 0.010088771296456567, 0.05603718998046536, 0.03735812665364358, 0.0], [0.5473585879692224, 0.35408933356277195, 0.01002974507731262, 0.053113400034415795, 0.0354089333562772, 0.0], [0.5468431521819209, 0.3545099580069252, 0.010019400309422657, 0.05317649370103878, 0.03545099580069252, 0.0], [0.04418054023230734, 0.3503204452763763, 0.010115409884838042, 0.052548066791456446, 0.5428355378150219, 0.0], [0.042460419936036234, 0.3400806499672235, 0.010130907212808645, 0.05101209749508352, 0.5563159253888481, 0.0], [0.03920674494798043, 0.32921769904486226, 0.010111474044738318, 0.04938265485672933, 0.5720814271056897, 0.0], [0.5773607895698795, 0.3301571828926526, 0.009942731814304863, 0.049523577433897896, 0.033015718289265264, 0.0], [0.5612938663411657, 0.3429966432712847, 0.00996032956972841, 0.051449496490692706, 0.03429966432712848, 0.0], [0.5596744358120607, 0.3442101368849426, 0.010062893081761006, 0.05163152053274139, 0.03442101368849426, 0.0], [0.5445425262484939, 0.3563402099879516, 0.010032211266566674, 0.05345103149819273, 0.03563402099879515, 0.0], [0.5510782990003592, 0.3510510473311944, 0.01010789183564766, 0.052657657099679164, 0.035105104733119445, 0.0], [0.5427661901894028, 0.35776354764567786, 0.010029375253499832, 0.05366453214685167, 0.03577635476456779, 0.0], [0.04846041365133825, 0.3675742236279273, 0.010129020886140372, 0.055136133544189087, 0.518700208290405, 0.0], [0.5468978124578256, 0.3544726219833879, 0.01001141006293938, 0.05317089329750818, 0.0354472621983388, 0.0], [0.5382044229559555, 0.361384856371104, 0.010064506580164535, 0.0542077284556656, 0.036138485637110404, 0.0], [0.5298322895005598, 0.3681017829237982, 0.010040481844692448, 0.05521526743856972, 0.03681017829237982, 0.0], [0.5126058600214154, 0.38197216003114964, 0.009928939939647621, 0.057295824004672445, 0.038197216003114966, 0.0], [0.529700748432174, 0.3683208190298281, 0.009898227780540765, 0.05524812285447421, 0.03683208190298281, 0.0], [0.5440596440596441, 0.3569023569023569, 0.009812409812409812, 0.05353535353535354, 0.03569023569023569, 0.0], [0.029914846353202518, 0.3549302727384919, 0.01007034431691966, 0.05323954091077379, 0.5518449956806122, 0.0], [0.5838456243621086, 0.32517623602572926, 0.009684080605729747, 0.04877643540385939, 0.03251762360257293, 0.0], [0.6192360524462187, 0.22507037837002994, 0.09942597459124383, 0.03376055675550449, 0.022507037837002995, 0.0], [1.0, 0.0, 0.0, 0.0, 0.0, 0.0]], [[1.0, 0.0, 0.0, 0.0, 0.0, 0.0], [0.6050373793093772, 0.23154827741831382, 0.10552727391773042, 0.03473224161274707, 0.023154827741831384, 0.0], [0.02346235834417467, 0.35580494992084516, 0.010015830969137447, 0.05337074248812678, 0.557346118277716, 0.0], [0.5326751237109733, 0.3661132800911367, 0.009683276175105912, 0.0549169920136705, 0.03661132800911367, 0.0], [0.509133288935401, 0.38493007325658835, 0.009704119493863572, 0.057739510988488243, 0.038493007325658836, 0.0], [0.04266882145857404, 0.3743129753126871, 0.01005131590941005, 0.05614694629690306, 0.5168199410224258, 0.0], [0.5288642392090669, 0.3690378586930311, 0.009838437424644322, 0.05535567880395466, 0.03690378586930312, 0.0], [0.5527972963116049, 0.34982615672639744, 0.00992000778039826, 0.052473923508959616, 0.034982615672639744, 0.0], [0.5794732283368508, 0.32845762525771305, 0.009954740091007795, 0.04926864378865696, 0.03284576252577131, 0.0], [0.5724031234391941, 0.33412515684196425, 0.009940430508350693, 0.05011877352629464, 0.033412515684196425, 0.0], [0.5556130877530389, 0.3474615972581798, 0.010059915674236263, 0.052119239588726975, 0.03474615972581798, 0.0], [0.11625788470723791, 0.6906535751392288, 0.010045153951832501, 0.10359803627088432, 0.07944534993081644, 0.0], [0.054544734601754144, 0.36290562078045496, 0.010097210398146863, 0.05443584311706824, 0.5180165911025758, 0.0], [0.5409858303838991, 0.3591609219499562, 0.010063017178655551, 0.05387413829249343, 0.03591609219499562, 0.0], [0.5336202045940713, 0.36154702267786715, 0.010113203431548732, 0.05423205340168007, 0.04048751589483259, 0.0], [0.13275735948280976, 0.6597338921729504, 0.01008283742907416, 0.09896008382594255, 0.09846582708922325, 0.0], [0.5227036395147313, 0.3737558801683585, 0.0101015102748205, 0.05606338202525377, 0.037375588016835846, 0.0], [0.5443554814424267, 0.3565113969371114, 0.010005272386183898, 0.053476709540566714, 0.03565113969371114, 0.0], [0.043973695104146275, 0.34321295513642014, 0.010113454116398917, 0.051481943270463015, 0.5512179523725718, 0.0], [0.5636908035441491, 0.3410693553315001, 0.009972502291475711, 0.05116040329972502, 0.034106935533150015, 0.0], [0.583880976229448, 0.32492121271345853, 0.009967507878728653, 0.04873818190701878, 0.032492121271345854, 0.0], [0.5865797443413323, 0.32279643391430207, 0.009924713265790147, 0.048419465087145314, 0.032279643391430204, 0.0], [0.6112440775655742, 0.30303326332242464, 0.00996434328139501, 0.0454549894983637, 0.030303326332242468, 0.0], [0.6031111327839275, 0.3095528356171064, 0.009947822694689619, 0.046432925342565955, 0.030955283561710636, 0.0], [0.590467623713032, 0.3196907630033914, 0.009918922532728799, 0.04795361445050871, 0.03196907630033914, 0.0], [0.5803766492133816, 0.3277311950007933, 0.00995935703562667, 0.049159679250118986, 0.032773119500079335, 0.0], [0.03735534082419241, 0.3288259537981228, 0.010093363613424174, 0.04932389306971842, 0.5744014486945421, 0.0], [0.04412340672361395, 0.3388082714035705, 0.010113679743390164, 0.05082124071053558, 0.5561334014188898, 0.0], [0.04572519159849306, 0.3391616385523007, 0.010139064224013679, 0.0508742457828451, 0.5540998598423474, 0.0], [0.5564785075251351, 0.34678382003667196, 0.010041717429024993, 0.05201757300550079, 0.0346783820036672, 0.0], [0.5528846153846154, 0.3496860282574568, 0.010007849293563579, 0.05245290423861852, 0.03496860282574569, 0.0], [0.5525152289251326, 0.3499705246610336, 0.010021615248575358, 0.052495578699155034, 0.034997052466103365, 0.0], [0.5424309960569176, 0.358061276970929, 0.009992407729421273, 0.05370919154563934, 0.0358061276970929, 0.0], [0.045897791634965865, 0.3698675776607542, 0.010144257306102964, 0.055480136649113124, 0.5186102367490638, 0.0], [0.5453926077329245, 0.3557437282526705, 0.009927731951237317, 0.05336155923790058, 0.03557437282526705, 0.0], [0.569831315930193, 0.33620144864129115, 0.009916873268193089, 0.050430217296193666, 0.03362014486412912, 0.0], [0.5816366930210796, 0.32685870595433764, 0.00978992453599837, 0.04902880589315065, 0.032685870595433764, 0.0], [0.024389882642204375, 0.3182534079183186, 0.010071935342124883, 0.047738011187747786, 0.5995467629096044, 0.0], [0.6363432941895032, 0.2161174755865124, 0.09350986132735628, 0.032417621337976855, 0.02161174755865124, 0.0], [1.0, 0.0, 0.0, 0.0, 0.0, 0.0]], [[1.0, 0.0, 0.0, 0.0, 0.0, 0.0], [0.5795371566589901, 0.24583871632121926, 0.11316444793948584, 0.03687580744818289, 0.024583871632121928, 0.0], [0.5388578941757578, 0.36118119469812726, 0.0096656124515831, 0.05417717920471909, 0.03611811946981272, 0.0], [0.4997311089068681, 0.3924136859591047, 0.009751783644251109, 0.058862052893865695, 0.03924136859591047, 0.0], [0.1049933502599444, 0.7081126828678516, 0.009865796155241207, 0.10621690243017773, 0.07081126828678516, 0.0], [0.49099498080897547, 0.39917330971361087, 0.010038382049010926, 0.05987599645704163, 0.03991733097136109, 0.0], [0.4991164343216179, 0.3926958570587081, 0.010013744354997056, 0.05890437855880621, 0.03926958570587081, 0.0], [0.5204416886934612, 0.3755836071243299, 0.010078802401126456, 0.05633754106864949, 0.037558360712433, 0.0], [0.5527666646150059, 0.3497507232104389, 0.01004493137194559, 0.05246260848156583, 0.03497507232104389, 0.0], [0.050829890951287614, 0.34643670066897103, 0.010116388052744072, 0.05196550510034565, 0.5406515152266517, 0.0], [0.5617916113868888, 0.33679670457989846, 0.010136696331410342, 0.050519505686984774, 0.04075548201481746, 0.0], [0.5389285228551293, 0.3607858653049618, 0.010089145513668569, 0.05411787979574427, 0.03607858653049618, 0.0], [0.5506735802714169, 0.3458456347532686, 0.01012231126107128, 0.0518768452129903, 0.04148162850125288, 0.0], [0.5490367297931561, 0.3426394050200195, 0.010121407272528814, 0.05139591075300292, 0.04680654716129256, 0.0], [0.5306683161553003, 0.35419290570837336, 0.010135412086478912, 0.053128935856256, 0.05187443019359134, 0.0], [0.5349904759062809, 0.35102377790708655, 0.010145770854781194, 0.05265356668606298, 0.05118640864578825, 0.0], [0.55877832316922, 0.34488571570231535, 0.010114532202885615, 0.05173285735534731, 0.03448857157023154, 0.0], [0.5809546006550459, 0.32722856687233964, 0.010009690754529508, 0.049084285030850945, 0.032722856687233966, 0.0], [0.6030350165958334, 0.30957659191397113, 0.009994243511702819, 0.04643648878709567, 0.030957659191397115, 0.0], [0.6046013911182451, 0.30838075781896007, 0.009922661608054866, 0.046257113672844005, 0.03083807578189601, 0.0], [0.6291402802931774, 0.2887530235441407, 0.009918440276646692, 0.0433129535316211, 0.02887530235441407, 0.0], [0.6374093553755148, 0.2821431608099409, 0.009911693612059229, 0.04232147412149113, 0.028214316080994093, 0.0], [0.6532245353249997, 0.2695054378796513, 0.009893667325436183, 0.04042581568194769, 0.02695054378796513, 0.0], [0.02782371055419683, 0.28576237957086137, 0.010099709880882834, 0.042864356935629205, 0.6334498430584298, 0.0], [0.030086815580707756, 0.29338362672522117, 0.010111549223170318, 0.04400754400878317, 0.6224104644621177, 0.0], [0.03279345318029722, 0.3041432030251095, 0.0100902932862453, 0.045621480453766426, 0.6073515700545816, 0.0], [0.03430166657592152, 0.31193232721711023, 0.01009746029074746, 0.04678984908256654, 0.5968786968336542, 0.0], [0.03854585991205796, 0.3148572490245866, 0.01010714064532111, 0.04722858735368799, 0.5892611630643463, 0.0], [0.048161544744309365, 0.32327816271154464, 0.010128819719421764, 0.04849172440673169, 0.5699397484179926, 0.0], [0.053401295613606674, 0.3530832182585823, 0.010115008639903214, 0.052962482738787335, 0.5304379947491206, 0.0], [0.5618582939153538, 0.34240877996697583, 0.010130731125926478, 0.05136131699504637, 0.03424087799669759, 0.0], [0.5664464474298204, 0.33882653437139276, 0.010020384605938551, 0.05082398015570891, 0.03388265343713928, 0.0], [0.5663468634686347, 0.33889298892988934, 0.010036900369003692, 0.050833948339483404, 0.03388929889298893, 0.0], [0.5560665362035225, 0.34716242661448143, 0.009980430528375734, 0.052074363992172204, 0.03471624266144815, 0.0], [0.559572431010871, 0.3444305745761273, 0.009889350768969738, 0.051664586186419094, 0.03444305745761273, 0.0], [0.03467741336219816, 0.3309711409612084, 0.010105989036983462, 0.04964567114418126, 0.5745997854954288, 0.0], [0.6053778195036229, 0.3078404467875111, 0.009821622011988156, 0.04617606701812666, 0.03078404467875111, 0.0], [0.6451782723139506, 0.2760469011725292, 0.009763101220387652, 0.04140703517587939, 0.027604690117252927, 0.0], [0.6697718200752113, 0.19925465044947374, 0.08115986686294642, 0.02988819756742106, 0.019925465044947376, 0.0], [1.0, 0.0, 0.0, 0.0, 0.0, 0.0]], [[1.0, 0.0, 0.0, 0.0, 0.0, 0.0], [0.5437429330494, 0.2671699122984706, 0.1222946765775118, 0.04007548684477059, 0.02671699122984706, 0.0], [0.5044770432463327, 0.38864545627738617, 0.009716136406934656, 0.058296818441607924, 0.038864545627738625, 0.0], [0.05157000369412634, 0.40339859623199115, 0.010048023642408572, 0.06050978943479867, 0.4744735869966753, 0.0], [0.4600136041201049, 0.42405985812846175, 0.00991157321931785, 0.06360897871926925, 0.04240598581284617, 0.0], [0.47593143897059553, 0.408873767394938, 0.010088322272444045, 0.0613310651092407, 0.043775406252781694, 0.0], [0.13331984175364212, 0.6511003452692681, 0.010069325330523137, 0.09766505179039021, 0.10784543585617647, 0.0], [0.49139830193816686, 0.3965444689224981, 0.010099259882670365, 0.05948167033837472, 0.04247629891829005, 0.0], [0.05315957293820696, 0.3597197221023818, 0.010116187387494608, 0.05395795831535726, 0.5230465592565594, 0.0], [0.548040940744963, 0.35339892443805604, 0.010111273574384773, 0.0530098386657084, 0.035439022576887816, 0.0], [0.5575382329267538, 0.34588570367159926, 0.010104637483747137, 0.05188285555073989, 0.034588570367159926, 0.0], [0.5473746472625106, 0.3540560190262597, 0.010055328954664763, 0.05310840285393896, 0.03540560190262597, 0.0], [0.050956864939547535, 0.35511339016666216, 0.010102235614837411, 0.05326700852499932, 0.5305605007539537, 0.0], [0.5387846402385983, 0.3574002733938113, 0.010140425003106747, 0.0536100410090717, 0.04006462035541195, 0.0], [0.1310549203726333, 0.6569072226152606, 0.010092564649308118, 0.09853608339228907, 0.10340920897050893, 0.0], [0.05546300686956759, 0.3570586234548438, 0.010129322651201244, 0.05355879351822657, 0.5237902535061608, 0.0], [0.5638878687721876, 0.3408985187905497, 0.009988982739625415, 0.05113477781858246, 0.03408985187905497, 0.0], [0.037681661756331856, 0.32036839890074525, 0.010101260181723653, 0.04805525983511178, 0.5837934193260875, 0.0], [0.6145169915892849, 0.30045213671058385, 0.009917837522485293, 0.04506782050658757, 0.030045213671058387, 0.0], [0.627284729708451, 0.2902651437154035, 0.009883840647294662, 0.04353977155731053, 0.02902651437154035, 0.0], [0.6482983739345947, 0.273469141026416, 0.009865199782385299, 0.0410203711539624, 0.027346914102641603, 0.0], [0.6672316520981136, 0.25831133925760913, 0.009879173829874816, 0.03874670088864137, 0.025831133925760915, 0.0], [0.681790134659359, 0.24666981234800917, 0.00987259990562956, 0.03700047185220137, 0.02466698123480092, 0.0], [0.6821686630134329, 0.24635080742931964, 0.009892827699917561, 0.03695262111439795, 0.024635080742931966, 0.0], [0.02247547005415895, 0.2592104872325468, 0.01009910989217715, 0.03888157308488203, 0.6693333597362351, 0.0], [0.6624318099163536, 0.26214086555946176, 0.009892108134319313, 0.03932112983391926, 0.026214086555946176, 0.0], [0.6464519101368799, 0.27492392187291614, 0.009893187521974756, 0.041238588280937426, 0.027492392187291617, 0.0], [0.6302674082529813, 0.2878585480776236, 0.00990940664998907, 0.04317878221164354, 0.028785854807762364, 0.0], [0.5940132112074258, 0.3167743044471183, 0.0100189082336763, 0.047516145667067744, 0.03167743044471183, 0.0], [0.1120242299875693, 0.7008543635682011, 0.010062942720151536, 0.10512815453523017, 0.07193030918884787, 0.0], [0.5597376075252181, 0.3441302060771087, 0.010099634878395939, 0.051619530911566305, 0.03441302060771088, 0.0], [0.563840054732264, 0.3409526834691459, 0.00996909093130368, 0.05114290252037189, 0.03409526834691459, 0.0], [0.5638995452818394, 0.3408792851977595, 0.010001348220961161, 0.05113189277966393, 0.034087928519775955, 0.0], [0.5548902195608783, 0.348044651437865, 0.010053966141790494, 0.052206697715679755, 0.0348044651437865, 0.0], [0.042090755402638486, 0.36359670214717393, 0.010113679743390166, 0.05453950532207608, 0.5296593573847214, 0.0], [0.5891609031360925, 0.32070845683755994, 0.009953525816957588, 0.04810626852563399, 0.032070845683756, 0.0], [0.6120229053357931, 0.302561276565158, 0.009775498957759303, 0.0453841914847737, 0.030256127656515804, 0.0], [0.0200326640976173, 0.2850954018621496, 0.010065673585994899, 0.04276431027932244, 0.6420419501749157, 0.0], [0.009814324245639616, 0.2004730316613613, 0.08457786856649273, 0.030070954749204196, 0.6750638207773022, 0.0], [1.0, 0.0, 0.0, 0.0, 0.0, 0.0]], [[1.0, 0.0, 0.0, 0.0, 0.0, 0.0], [0.018679116843652904, 0.2806681731920011, 0.12956759770189097, 0.04210022597880016, 0.5289848862836549, 0.0], [0.4846522752805595, 0.4043923122455636, 0.009857334412485957, 0.060658846836834535, 0.040439231224556366, 0.0], [0.48122077282795966, 0.406989908934285, 0.0100418410041841, 0.061048486340142746, 0.0406989908934285, 0.0], [0.48024308661185783, 0.4078071970300305, 0.00999791710060404, 0.061171079554504564, 0.04078071970300305, 0.0], [0.07203792409723134, 0.40191406550390574, 0.010121030658288703, 0.06028710982558586, 0.4556398699149883, 0.0], [0.07883195745356406, 0.4006588347356723, 0.010120654072074933, 0.06009882521035085, 0.450289728528337