{"prediction": [[[1.0, 0.0, 0.0, 0.0, 0.0, 0.0], [1.0, 0.0, 0.0, 0.0, 0.0, 0.0], [1.0, 0.0, 0.0, 0.0, 0.0, 0.0], [1.0, 0.0, 0.0, 0.0, 0.0, 0.0], [1.0, 0.0, 0.0, 0.0, 0.0, 0.0], [1.0, 0.0, 0.0, 0.0, 0.0, 0.0], [1.0, 0.0, 0.0, 0.0, 0.0, 0.0], [1.0, 0.0, 0.0, 0.0, 0.0, 0.0], [1.0, 0.0, 0.0, 0.0, 0.0, 0.0], [1.0, 0.0, 0.0, 0.0, 0.0, 0.0], [1.0, 0.0, 0.0, 0.0, 0.0, 0.0], [1.0, 0.0, 0.0, 0.0, 0.0, 0.0], [1.0, 0.0, 0.0, 0.0, 0.0, 0.0], [1.0, 0.0, 0.0, 0.0, 0.0, 0.0], [1.0, 0.0, 0.0, 0.0, 0.0, 0.0], [1.0, 0.0, 0.0, 0.0, 0.0, 0.0], [1.0, 0.0, 0.0, 0.0, 0.0, 0.0], [1.0, 0.0, 0.0, 0.0, 0.0, 0.0], [1.0, 0.0, 0.0, 0.0, 0.0, 0.0], [1.0, 0.0, 0.0, 0.0, 0.0, 0.0], [1.0, 0.0, 0.0, 0.0, 0.0, 0.0], [1.0, 0.0, 0.0, 0.0, 0.0, 0.0], [1.0, 0.0, 0.0, 0.0, 0.0, 0.0], [1.0, 0.0, 0.0, 0.0, 0.0, 0.0], [1.0, 0.0, 0.0, 0.0, 0.0, 0.0], [1.0, 0.0, 0.0, 0.0, 0.0, 0.0], [1.0, 0.0, 0.0, 0.0, 0.0, 0.0], [1.0, 0.0, 0.0, 0.0, 0.0, 0.0], [1.0, 0.0, 0.0, 0.0, 0.0, 0.0], [1.0, 0.0, 0.0, 0.0, 0.0, 0.0], [1.0, 0.0, 0.0, 0.0, 0.0, 0.0], [1.0, 0.0, 0.0, 0.0, 0.0, 0.0], [1.0, 0.0, 0.0, 0.0, 0.0, 0.0], [1.0, 0.0, 0.0, 0.0, 0.0, 0.0], [1.0, 0.0, 0.0, 0.0, 0.0, 0.0], [1.0, 0.0, 0.0, 0.0, 0.0, 0.0], [1.0, 0.0, 0.0, 0.0, 0.0, 0.0], [1.0, 0.0, 0.0, 0.0, 0.0, 0.0], [1.0, 0.0, 0.0, 0.0, 0.0, 0.0], [1.0, 0.0, 0.0, 0.0, 0.0, 0.0]], [[1.0, 0.0, 0.0, 0.0, 0.0, 0.0], [1.0, 0.0, 0.0, 0.0, 0.0, 0.0], [0.5047743560732173, 0.2908012779737204, 0.131724046459632, 0.04362019169605806, 0.029080127797372044, 0.0], [0.5308746099642985, 0.2767529788396899, 0.12318416648608929, 0.04151294682595349, 0.027675297883968993, 0.0], [0.5531720599634451, 0.26264361952362203, 0.11852341563202749, 0.039396542928543304, 0.026264361952362206, 0.0], [0.5558493252780288, 0.26152444742377834, 0.11724511544224835, 0.039228667113566755, 0.026152444742377833, 0.0], [0.5737490995047803, 0.24861371591365888, 0.11548375560314621, 0.037292057387048834, 0.02486137159136589, 0.0], [0.5545639629172859, 0.26278222976402743, 0.11695824987767982, 0.03941733446460411, 0.026278222976402744, 0.0], [1.0, 0.0, 0.0, 0.0, 0.0, 0.0], [0.5752915764369492, 0.2549437048832368, 0.10602879245900469, 0.03824155573248552, 0.025494370488323682, 0.0], [0.5652390068711693, 0.25748334149562946, 0.11290681625929389, 0.03862250122434442, 0.02574833414956295, 0.0], [0.548483446059599, 0.26411215752310746, 0.12137635703651661, 0.039616823628466115, 0.026411215752310747, 0.0], [0.5455311351746632, 0.2664167937579968, 0.1214478726278409, 0.03996251906369952, 0.02664167937579968, 0.0], [0.5390108584764594, 0.26841073083928435, 0.1254757279744353, 0.04026160962589265, 0.026841073083928434, 0.0], [0.5377064807781105, 0.26959798620730746, 0.12529603646275528, 0.04043969793109612, 0.026959798620730748, 0.0], [0.5489174386205014, 0.26600955034636947, 0.11857062344653671, 0.03990143255195542, 0.02660095503463695, 0.0], [0.01093462634888491, 0.26580294358214507, 0.1229225414191122, 0.039870441537321756, 0.5604694471125361, 0.0], [0.5571332446396676, 0.2604543279548267, 0.11729884541679901, 0.039068149193224, 0.026045432795482673, 0.0], [0.5767499971079209, 0.25056973959719125, 0.11003782839559016, 0.03758546093957869, 0.025056973959719127, 0.0], [1.0, 0.0, 0.0, 0.0, 0.0, 0.0], [0.6236865548641155, 0.22387084274626026, 0.0964748917030592, 0.03358062641193904, 0.022387084274626025, 0.0], [0.009805182341650672, 0.21276391554702492, 0.09236852207293665, 0.03191458733205374, 0.653147792706334, 0.0], [0.6541531928302934, 0.2052024639301336, 0.08934372725703953, 0.03078036958952004, 0.020520246393013364, 0.0], [0.6628337658579304, 0.19956891610776722, 0.08770508900736075, 0.029935337416165088, 0.019956891610776725, 0.0], [0.6811257259726841, 0.18760839688128794, 0.08436377792570593, 0.02814125953219319, 0.0187608396881288, 0.0], [0.6622787274851075, 0.1991299926982537, 0.08880878164207535, 0.029869498904738057, 0.01991299926982537, 0.0], [0.6626749919449458, 0.1998029212370685, 0.08757135650871874, 0.02997043818556027, 0.019980292123706854, 0.0], [0.009837519090855588, 0.20497042424873924, 0.09201430596117091, 0.030745563637310885, 0.6624321870619233, 0.0], [0.6690807008037059, 0.19671649963168572, 0.08502367465668688, 0.029507474944752858, 0.019671649963168572, 0.0], [0.6701474736667551, 0.19721241885481888, 0.08333700276472136, 0.02958186282822283, 0.019721241885481886, 0.0], [0.6526181479671522, 0.20434806489001678, 0.09194677092032678, 0.030652209733502515, 0.02043480648900168, 0.0], [0.009805275248667958, 0.21331922110099466, 0.09267118097735227, 0.031997883165149205, 0.6522064395078359, 0.0], [0.009824288960102194, 0.2064950322217989, 0.09086744772236512, 0.030974254833269835, 0.661838976262464, 0.0], [0.6670682189809054, 0.19769331199441145, 0.08581514102608041, 0.029653996799161714, 0.01976933119944115, 0.0], [0.6801868664908923, 0.18876021705305115, 0.08386286219279356, 0.02831403255795767, 0.018876021705305116, 0.0], [0.7015085562964263, 0.1764005350831915, 0.0779907748495843, 0.026460080262478727, 0.01764005350831915, 0.0], [1.0, 0.0, 0.0, 0.0, 0.0, 0.0], [1.0, 0.0, 0.0, 0.0, 0.0, 0.0], [0.8206497399302343, 0.10991015250869206, 0.04196256943390064, 0.016486522876303807, 0.010991015250869207, 0.0], [1.0, 0.0, 0.0, 0.0, 0.0, 0.0]], [[1.0, 0.0, 0.0, 0.0, 0.0, 0.0], [1.0, 0.0, 0.0, 0.0, 0.0, 0.0], [0.029460267111043027, 0.13704223077301658, 0.7689725853152005, 0.020556334615952486, 0.04396858218478726, 0.0], [0.4604944589660562, 0.4240973588005939, 0.009383842533201453, 0.06361460382008909, 0.0424097358800594, 0.0], [0.021864674334009862, 0.39728995695698643, 0.010000882430802717, 0.05959349354354796, 0.511250992734653, 0.0], [0.5357914242213226, 0.36366211479221505, 0.009630932288408656, 0.05454931721883225, 0.036366211479221505, 0.0], [0.5461051733535559, 0.3553807142687869, 0.00966893381046046, 0.053307107140318034, 0.03553807142687869, 0.0], [0.5224297115924899, 0.27906766968159974, 0.1287357013055105, 0.04186015045223996, 0.027906766968159972, 0.0], [1.0, 0.0, 0.0, 0.0, 0.0, 0.0], [0.015583079766552922, 0.27986825302097057, 0.12932315882052975, 0.04198023795314558, 0.5332452704388012, 0.0], [0.5359484902943241, 0.3634719065017912, 0.009711626578436858, 0.054520785975268674, 0.03634719065017912, 0.0], [0.5165393489461918, 0.3789644825401379, 0.009755047878635728, 0.05684467238102069, 0.037896448254013795, 0.0], [0.47586533902323375, 0.4115694642010431, 0.009672830725462303, 0.061735419630156455, 0.04115694642010431, 0.0], [0.4865569847442418, 0.4029434639545319, 0.009763685312593482, 0.06044151959317979, 0.04029434639545319, 0.0], [0.4959726281274503, 0.3954665336089529, 0.009694204861358618, 0.05931998004134294, 0.03954665336089529, 0.0], [0.505277704972718, 0.38800066715909354, 0.00972146107841502, 0.05820010007386403, 0.03880006671590936, 0.0], [0.5148712821794551, 0.38033348805655737, 0.009711857749848254, 0.057050023208483604, 0.03803334880565574, 0.0], [0.504340953453004, 0.3887099285089873, 0.009771635910761974, 0.05830648927634809, 0.03887099285089873, 0.0], [0.0202305900072501, 0.2930047653203161, 0.1410372194457593, 0.043950714798047415, 0.5017767104286271, 0.0], [0.548055287688846, 0.2654716660048783, 0.12010512980505608, 0.03982074990073175, 0.026547166600487834, 0.0], [1.0, 0.0, 0.0, 0.0, 0.0, 0.0], [0.6056714012289716, 0.23486264546000626, 0.1007502919460208, 0.03522939681900094, 0.023486264546000626, 0.0], [0.009816202328568854, 0.229747089288932, 0.10669410262521045, 0.0344620633933398, 0.6192805423639488, 0.0], [0.6061825234136051, 0.23039374711653654, 0.10582529269072415, 0.03455906206748048, 0.023039374711653657, 0.0], [0.6370305986983309, 0.282601110698049, 0.009718012929107914, 0.042390166604707354, 0.028260111069804902, 0.0], [0.6235627918578794, 0.29340504929840294, 0.009680896519116855, 0.044010757394760444, 0.029340504929840295, 0.0], [0.6137174699152291, 0.30128638330665714, 0.009674550951449404, 0.045192957495998574, 0.030128638330665716, 0.0], [0.6148225617922229, 0.30040745245204986, 0.009668122642714837, 0.045061117867807476, 0.030040745245204985, 0.0], [0.6267452065940537, 0.2908499846609113, 0.00969231257980712, 0.04362749769913669, 0.02908499846609113, 0.0], [0.6284497018886337, 0.28947149198490996, 0.00971093313022885, 0.04342072379773649, 0.028947149198490996, 0.0], [0.6080376909367851, 0.3058214224894253, 0.009685530951433359, 0.04587321337341379, 0.03058214224894253, 0.0], [0.6066017124298789, 0.30700915264245643, 0.009636846767050487, 0.046051372896368466, 0.030700915264245645, 0.0], [0.607156679786758, 0.30655552473355385, 0.009648914296299833, 0.04598332871003307, 0.030655552473355385, 0.0], [0.6215555816126214, 0.2950332290630425, 0.009652882058575445, 0.04425498435945638, 0.029503322906304252, 0.0], [0.6236724873592602, 0.2933685457040281, 0.009616830510704685, 0.04400528185560421, 0.029336854570402807, 0.0], [0.009837386123924987, 0.21529242680637012, 0.09973187448325956, 0.032293864020955514, 0.64284444856549, 0.0], [0.6811222691502031, 0.19089163526766142, 0.08026318676522011, 0.028633745290149216, 0.019089163526766144, 0.0], [1.0, 0.0, 0.0, 0.0, 0.0, 0.0], [1.0, 0.0, 0.0, 0.0, 0.0, 0.0], [1.0, 0.0, 0.0, 0.0, 0.0, 0.0]], [[1.0, 0.0, 0.0, 0.0, 0.0, 0.0], [0.5309093889146884, 0.27899946276213106, 0.12034128263264768, 0.04184991941431966, 0.02789994627621311, 0.0], [0.451184404896295, 0.3205132612189954, 0.14817401857996082, 0.04807698918284931, 0.03205132612189955, 0.0], [0.02665588671248147, 0.4255631913564367, 0.009995957517180552, 0.06383447870346551, 0.4739504857104357, 0.0], [0.5000647264425171, 0.3922657785414191, 0.009603050380709167, 0.05883986678121286, 0.03922657785414191, 0.0], [0.0343882676479704, 0.39229191162362803, 0.010036060944472049, 0.0588437867435442, 0.5044399730403853, 0.0], [0.521379672883239, 0.3750970717195732, 0.009748987467294296, 0.05626456075793598, 0.03750970717195732, 0.0], [0.5012282904722306, 0.29131094691545406, 0.1346330258834518, 0.04369664203731811, 0.029131094691545404, 0.0], [0.5179437046244353, 0.2861380816492362, 0.12438369331401943, 0.04292071224738543, 0.028613808164923624, 0.0], [0.48195407604047513, 0.30684138756140894, 0.13449418950776376, 0.046026208134211335, 0.030684138756140893, 0.0], [0.04953897115170692, 0.39107111957086005, 0.010085778557832548, 0.058660667935629004, 0.4906434627839715, 0.0], [0.4713116236451539, 0.4150802358246025, 0.009838081574093053, 0.062262035373690364, 0.04150802358246025, 0.0], [0.10309452340481959, 0.7096548648029607, 0.009836895591479513, 0.10644822972044411, 0.07096548648029607, 0.0], [0.46251730250856016, 0.422059787755895, 0.009907962796571069, 0.06330896816338424, 0.04220597877558951, 0.0], [0.4762566258453665, 0.4110400292451106, 0.009943337598245294, 0.06165600438676659, 0.041104002924511066, 0.0], [0.4797992104878405, 0.40820702763292555, 0.009942004971002486, 0.06123105414493883, 0.04082070276329256, 0.0], [0.495669099756691, 0.39552311435523113, 0.009927007299270074, 0.05932846715328466, 0.03955231143552312, 0.0], [0.4704223640230933, 0.41572774232756, 0.0099179580674567, 0.06235916134913399, 0.041572774232755995, 0.0], [0.09706215362612478, 0.7145700494606996, 0.009725284548000715, 0.10718550741910493, 0.07145700494606996, 0.0], [0.4924032541515163, 0.2979722193817492, 0.13513147162129704, 0.04469583290726238, 0.029797221938174922, 0.0], [0.5330960673348866, 0.27491880818981534, 0.12325542242784444, 0.041237821228472304, 0.027491880818981535, 0.0], [1.0, 0.0, 0.0, 0.0, 0.0, 0.0], [1.0, 0.0, 0.0, 0.0, 0.0, 0.0], [0.566107402097383, 0.2585557332291093, 0.11069793136623028, 0.0387833599843664, 0.02585557332291093, 0.0], [0.026710707241267798, 0.30813590368346083, 0.010072059662141647, 0.04622038555251912, 0.6088609438606106, 0.0], [0.5907840933546953, 0.3195676606327268, 0.009756330854396329, 0.04793514909490902, 0.031956766063272676, 0.0], [0.02599909397096768, 0.3303066711311575, 0.010045104488782966, 0.04954600066967363, 0.5841031297394181, 0.0], [0.5781486198564508, 0.32971087807839267, 0.009712782545558426, 0.049456631711758896, 0.03297108780783927, 0.0], [0.5865318098327806, 0.32298847832828415, 0.009732592256864101, 0.04844827174924262, 0.03229884783282842, 0.0], [0.5948067128663271, 0.3163682772933838, 0.00973294051694319, 0.04745524159400757, 0.03163682772933838, 0.0], [0.5741060889678442, 0.33293193280316674, 0.009728995028197395, 0.04993978992047501, 0.03329319328031667, 0.0], [0.029937834677171173, 0.3336000492398597, 0.010044931371945592, 0.050040007385978955, 0.5763771773250447, 0.0], [0.5808962685234781, 0.327512944117122, 0.009712551330119624, 0.049126941617568295, 0.0327512944117122, 0.0], [0.5900632941512397, 0.32018274401560937, 0.009708275829248561, 0.048027411602341405, 0.03201827440156094, 0.0], [0.5834302946833518, 0.3255051884216275, 0.009688219789613659, 0.04882577826324413, 0.03255051884216276, 0.0], [0.5608774134838083, 0.3436778565541213, 0.009525265823540163, 0.051551678483118195, 0.03436778565541213, 0.0], [0.009775577345261667, 0.23130808228109936, 0.1009952397815306, 0.0346962123421649, 0.6232248882499434, 0.0], [1.0, 0.0, 0.0, 0.0, 0.0, 0.0], [0.741394785082962, 0.15651615445121314, 0.06296002185302149, 0.02347742316768197, 0.015651615445121315, 0.0], [1.0, 0.0, 0.0, 0.0, 0.0, 0.0]], [[1.0, 0.0, 0.0, 0.0, 0.0, 0.0], [0.00976746799281414, 0.2606098760914569, 0.12170822162452104, 0.039091481413718536, 0.5688229528774893, 0.0], [0.526364974417681, 0.3712823867485924, 0.00953204214657851, 0.055692358012288855, 0.03712823867485924, 0.0], [0.5171826991255023, 0.37853935239895997, 0.009643110375797683, 0.056780902859843996, 0.037853935239896004, 0.0], [0.5073576607631047, 0.3863544514441935, 0.009699274931653394, 0.05795316771662903, 0.03863544514441935, 0.0], [0.04029227970257871, 0.38878342034488217, 0.010085429520645468, 0.05831751305173232, 0.5025213573801613, 0.0], [0.5175285686616308, 0.378074762734844, 0.009877977919814061, 0.056711214410226606, 0.03780747627348441, 0.0], [0.5031976744186046, 0.3895348837209303, 0.009883720930232558, 0.05843023255813954, 0.03895348837209303, 0.0], [0.5075157349129952, 0.3859311366160681, 0.010070344316919659, 0.057889670492410214, 0.038593113661606816, 0.0], [0.11992317421651753, 0.6821123638721576, 0.010059345205661834, 0.10231685458082362, 0.08558826212483943, 0.0], [0.48244695915577934, 0.4060041127433475, 0.01004789991503614, 0.06090061691150212, 0.04060041127433475, 0.0], [0.4872620501622315, 0.4021367679534154, 0.010066989895999112, 0.06032051519301231, 0.040213676795341546, 0.0], [0.46023730143165326, 0.4238085899195921, 0.010001961168856639, 0.06357128848793882, 0.04238085899195921, 0.0], [0.46439674315321994, 0.4204293116210215, 0.010066617320503332, 0.06306439674315321, 0.04204293116210215, 0.0], [0.06917209034984925, 0.4217218201773402, 0.010108242429347599, 0.06325827302660103, 0.435739574016862, 0.0], [0.13236701629056608, 0.6516226429988061, 0.010064432099618143, 0.09774339644982091, 0.10820251216118877, 0.0], [0.46921839947588895, 0.41432570328165014, 0.010124873439082013, 0.06214885549224752, 0.0441821683111314, 0.0], [0.4780748398585314, 0.4094675141592264, 0.010090767442435635, 0.06142012712388396, 0.04094675141592264, 0.0], [0.47148121396128934, 0.4148231578174161, 0.00998983876694049, 0.06222347367261241, 0.041482315781741615, 0.0], [0.05081648118155748, 0.38265899961862876, 0.010103861755397394, 0.05739884994279431, 0.49902180750162206, 0.0], [0.5170664285673491, 0.2853765008919205, 0.1262129453177503, 0.04280647513378808, 0.028537650089192054, 0.0], [1.0, 0.0, 0.0, 0.0, 0.0, 0.0], [1.0, 0.0, 0.0, 0.0, 0.0, 0.0], [0.020861748473495506, 0.28314428272992526, 0.11737059481400912, 0.04247164240948879, 0.5361517315730813, 0.0], [0.01878534896916602, 0.2675226363455079, 0.11137110890396641, 0.04012839545182618, 0.5621925103295335, 0.0], [0.033201366534699864, 0.3396603396603397, 0.010064010064010065, 0.05094905094905095, 0.5661252327918994, 0.0], [0.038840420721809196, 0.3445728418488238, 0.01008071988199628, 0.051685926277323574, 0.5548200912700472, 0.0], [0.03802937781767601, 0.3746707573321232, 0.010062247827245015, 0.05620061359981848, 0.5210370034231372, 0.0], [0.5592703696535708, 0.34468743952003106, 0.009870330946390558, 0.05170311592800465, 0.03446874395200311, 0.0], [0.03363826760452066, 0.35050976053109933, 0.010076661661266103, 0.052576464079664896, 0.5531988461234489, 0.0], [0.03399944319752445, 0.3611332162241401, 0.010052009293181141, 0.05416998243362101, 0.5406453488515334, 0.0], [0.5553703148425787, 0.3478740629685157, 0.009787106446776613, 0.05218110944527735, 0.03478740629685158, 0.0], [0.035175208157086246, 0.35432467063439055, 0.010092464787687194, 0.05314870059515858, 0.5472589558256774, 0.0], [0.029881265187585198, 0.3554141889088646, 0.010075666278127901, 0.05331212833632969, 0.5513167512890925, 0.0], [0.027412091832968333, 0.3676271561800241, 0.01003961711656291, 0.05514407342700362, 0.5397770614434411, 0.0], [0.05167981464114304, 0.7514536327025984, 0.009003144480609036, 0.11271804490538974, 0.07514536327025984, 0.0], [0.5642700722953554, 0.2558042968970273, 0.11597455658336059, 0.03837064453455409, 0.025580429689702727, 0.0], [0.6548283727772481, 0.20031878994030128, 0.09477313979737512, 0.03004781849104519, 0.02003187899403013, 0.0], [0.7116867899968259, 0.17132851654370385, 0.07415256432354435, 0.025699277481555576, 0.017132851654370385, 0.0], [1.0, 0.0, 0.0, 0.0, 0.0, 0.0]], [[1.0, 0.0, 0.0, 0.0, 0.0, 0.0], [0.5835627357747315, 0.24636431888329666, 0.10848186562114764, 0.0369546478324945, 0.024636431888329667, 0.0], [0.5491634632916546, 0.35297981013907653, 0.009611774034499868, 0.052946971520861474, 0.03529798101390765, 0.0], [0.5214443449716504, 0.3750522232169502, 0.009740376007162044, 0.05625783348254252, 0.03750522232169502, 0.0], [0.48206186556598113, 0.4065177221568957, 0.00979098173789926, 0.06097765832353435, 0.04065177221568957, 0.0], [0.5004070028793935, 0.3917433087511694, 0.009913861181644779, 0.05876149631267541, 0.039174330875116944, 0.0], [0.5029913799418817, 0.38963639471563566, 0.009963126663573537, 0.05844545920734535, 0.038963639471563574, 0.0], [0.0522728513773127, 0.3994181977035688, 0.010126934169963714, 0.05991272965553532, 0.47826928709361954, 0.0], [0.060001093640480604, 0.38008977794127147, 0.010141029911067145, 0.05701346669119072, 0.49275463181599005, 0.0], [0.06309540692307883, 0.40857759167618324, 0.010150996066489023, 0.06128663875142748, 0.45688936658282137, 0.0], [0.49044722220840525, 0.393054153132943, 0.010147183907760109, 0.05895812296994145, 0.04739331778095016, 0.0], [0.48480342960512457, 0.4040689390278655, 0.010110396610043489, 0.06061034085417983, 0.04040689390278655, 0.0], [0.4591811475815635, 0.42457547403336804, 0.010099509876726571, 0.0636863211050052, 0.04245754740333681, 0.0], [0.06820043183679547, 0.43233315960588686, 0.01012582830764649, 0.06484997394088303, 0.4244906063087881, 0.0], [0.4440339456055934, 0.4231779562123537, 0.010130051991002132, 0.06347669343185305, 0.05918135275919774, 0.0], [0.07247583517464042, 0.424565231979838, 0.010140651835134873, 0.0636847847969757, 0.429133496213411, 0.0], [0.4683054131223751, 0.40747879626804395, 0.010121231515728841, 0.061121819440206594, 0.05297273965364551, 0.0], [0.470810727634629, 0.41208968485215497, 0.010126029355557651, 0.061813452727823244, 0.045160105429835035, 0.0], [0.48571675579542783, 0.40336425051562946, 0.010077931060035322, 0.060504637577344415, 0.04033642505156295, 0.0], [0.49998775260257183, 0.39201469687691365, 0.009993876301285976, 0.05880220453153705, 0.039201469687691365, 0.0], [0.4904846177153433, 0.30241565845364665, 0.13149580921759843, 0.045362348768047, 0.030241565845364665, 0.0], [0.49942977352762136, 0.2978277453707628, 0.1282855447589252, 0.04467416180561442, 0.02978277453707628, 0.0], [0.0638783473715491, 0.2633078875448792, 0.532500621124064, 0.039496183131731886, 0.10081696082777569, 0.0], [1.0, 0.0, 0.0, 0.0, 0.0, 0.0], [0.019971491297723448, 0.27671343364315615, 0.11670665777333755, 0.041507015046473424, 0.5451014022393096, 0.0], [0.021002991364262043, 0.279911720149799, 0.11685545328011936, 0.041986758022469844, 0.5402430771833499, 0.0], [0.042536058078269316, 0.36523702366160865, 0.01007822978857949, 0.0547855535492413, 0.5273631349223014, 0.0], [0.0994928993869021, 0.71254260970116, 0.009828838486647958, 0.106881391455174, 0.071254260970116, 0.0], [0.5191988062164097, 0.3767212199885959, 0.009899668797845365, 0.056508182998289386, 0.037672121998859595, 0.0], [0.04810109651675736, 0.3523615855032905, 0.010105688660575181, 0.05285423782549358, 0.5365773914938834, 0.0], [0.5234196752113811, 0.3732994961018045, 0.009955954661363333, 0.05599492441527068, 0.037329949610180456, 0.0], [0.547004365957759, 0.3544130416172388, 0.00997933202069244, 0.053161956242585816, 0.035441304161723884, 0.0], [0.03967998733406888, 0.3569219808328839, 0.010093163860536224, 0.05353829712493259, 0.5397665708475784, 0.0], [0.5541903760888212, 0.34876106943085305, 0.009858287122612447, 0.052314160414627955, 0.0348761069430853, 0.0], [0.5568058600997566, 0.34669044119418807, 0.009831088407508251, 0.05200356617912821, 0.034669044119418804, 0.0], [0.030210810344615157, 0.37036580707958056, 0.010053842268028535, 0.055554871061937086, 0.5338146692458386, 0.0], [0.5924065032943072, 0.31833910034602075, 0.009669621273166801, 0.04775086505190311, 0.03183391003460208, 0.0], [0.6372110442978715, 0.28250083700448864, 0.009662909446517778, 0.04237512555067329, 0.02825008370044886, 0.0], [0.6890164008494103, 0.18524375367098903, 0.07942890706185335, 0.027786563050648354, 0.018524375367098903, 0.0], [1.0, 0.0, 0.0, 0.0, 0.0, 0.0]], [[1.0, 0.0, 0.0, 0.0, 0.0, 0.0], [0.5959546503480083, 0.2385771483916385, 0.10582391416244356, 0.03578657225874577, 0.023857714839163848, 0.0], [0.5487088720359147, 0.35338107908525074, 0.009564779107521713, 0.05300716186278761, 0.035338107908525075, 0.0], [0.03397868207033588, 0.3977475580900041, 0.010045871220794953, 0.05966213371350062, 0.4985657549053644, 0.0], [0.08737576554485471, 0.722366348010472, 0.009666299442055512, 0.10835495220157078, 0.0722366348010472, 0.0], [0.48398766601112003, 0.404885036540656, 0.009906038313059947, 0.0607327554810984, 0.0404885036540656, 0.0], [0.5027319732547765, 0.3898348592453153, 0.009974452688579497, 0.0584752288867973, 0.03898348592453153, 0.0], [0.4924457151307519, 0.39799866906563475, 0.010055948537204545, 0.059699800359845206, 0.03979986690656347, 0.0], [0.5026141685457294, 0.389820848923359, 0.010109770300071859, 0.05847312733850385, 0.0389820848923359, 0.0], [0.49546707732048384, 0.39551923697871394, 0.010133876456123793, 0.05932788554680709, 0.0395519236978714, 0.0], [0.4792829275519778, 0.4085140006913921, 0.010074571583781914, 0.06127710010370881, 0.04085140006913921, 0.0], [0.47402658809359094, 0.4098209708486589, 0.010153446448035758, 0.06147314562729883, 0.04452584898241562, 0.0], [0.46654712847205815, 0.40502060417355756, 0.01014665396676971, 0.06075309062603363, 0.05753252276158099, 0.0], [0.442308840207724, 0.42141705963111087, 0.010147436280069241, 0.06321255894466662, 0.0629141049364293, 0.0], [0.44168849521350434, 0.4173634770818951, 0.010168655120590779, 0.06260452156228426, 0.06817485102172553, 0.0], [0.45535607539951384, 0.4158530267405252, 0.010162196628541825, 0.06237795401107878, 0.05625074722034033, 0.0], [0.47200839922177834, 0.40712341581621236, 0.010150718262833943, 0.06106851237243185, 0.04964895432674366, 0.0], [0.4672713668893071, 0.4142751676017232, 0.010141861777361278, 0.06214127514025848, 0.046170328591350084, 0.0], [0.4951240418897598, 0.39579114749617994, 0.010137023740015155, 0.05936867212442699, 0.039579114749618, 0.0], [0.057227739031557374, 0.3833263250087708, 0.01015170327168496, 0.057498948751315615, 0.49179528393667127, 0.0], [0.0566356720202874, 0.3759136790810999, 0.01014370245139476, 0.056387051862164986, 0.5009198945850529, 0.0], [0.5336434409018962, 0.36283579456367515, 0.01013813204916994, 0.054425369184551264, 0.03895726330070744, 0.0], [0.48566330834795934, 0.29866087445576817, 0.13451375488475378, 0.044799131168365224, 0.036362931143153594, 0.0], [0.5186218551087806, 0.2836492726049328, 0.12360688956433638, 0.04254739089073992, 0.031574591831210315, 0.0], [1.0, 0.0, 0.0, 0.0, 0.0, 0.0], [0.5183017708643838, 0.2900824013712816, 0.11909522742151424, 0.04351236020569224, 0.02900824013712816, 0.0], [0.5126663845502808, 0.2891051781180272, 0.1259521428021851, 0.043365776717704085, 0.028910517811802722, 0.0], [0.47008596408080844, 0.3072898002905285, 0.1358317246375136, 0.04609347004357928, 0.040699040947569994, 0.0], [0.5087374318257708, 0.3826413880953264, 0.010091641004711906, 0.05739620821429896, 0.0411333308598919, 0.0], [0.06531276675997061, 0.3734143291048776, 0.01012447144303496, 0.05601214936573164, 0.49513628332638515, 0.0], [0.11892958441238131, 0.68220495745468, 0.010062893081761006, 0.102330743618202, 0.0864718214329757, 0.0], [0.5038836738450211, 0.3888827535431621, 0.010012884226026137, 0.058332413031474316, 0.038888275354316215, 0.0], [0.5261331704337202, 0.37111789859499084, 0.009969456322541233, 0.05566768478924863, 0.03711178985949909, 0.0], [0.04356272735382449, 0.3754621415615181, 0.010110121024095788, 0.05631932123422771, 0.5145456888263339, 0.0], [0.5407686002218043, 0.359515887940595, 0.009836539852451903, 0.05392738319108925, 0.035951588794059505, 0.0], [0.5446541783296251, 0.35646785808272924, 0.009760999066963325, 0.05347017871240938, 0.03564678580827293, 0.0], [0.5731204147394205, 0.33374157263290566, 0.009702619469447452, 0.05006123589493585, 0.03337415726329057, 0.0], [0.6201836774324946, 0.2961194708498516, 0.00966698400519109, 0.044417920627477736, 0.029611947084985157, 0.0], [0.009840541679065977, 0.20454027230812638, 0.09215809793971813, 0.030681040846218956, 0.6627800472268707, 0.0], [1.0, 0.0, 0.0, 0.0, 0.0, 0.0]], [[1.0, 0.0, 0.0, 0.0, 0.0, 0.0], [0.6217566551961522, 0.2268571579769745, 0.0946718973326296, 0.03402857369654617, 0.022685715797697452, 0.0], [0.0186530257416664, 0.33850333030139856, 0.010025019597948758, 0.05077549954520978, 0.5820431248137765, 0.0], [0.5441304012070666, 0.3569400387306792, 0.009694550379584417, 0.05354100580960188, 0.03569400387306792, 0.0], [0.5035455912900222, 0.38937038894062037, 0.009741422534202423, 0.05840555834109305, 0.03893703889406204, 0.0], [0.5117113622035788, 0.3827166480772029, 0.009892827699917558, 0.05740749721158043, 0.03827166480772029, 0.0], [0.5193791833798661, 0.3765377159507931, 0.009948671681642507, 0.05648065739261896, 0.03765377159507931, 0.0], [0.5127851406611814, 0.3817312903384737, 0.010050746415726463, 0.057259693550771054, 0.03817312903384737, 0.0], [0.521260233192756, 0.3748945671049367, 0.010121557926072933, 0.0562341850657405, 0.037489456710493675, 0.0], [0.5020941179377572, 0.39025957178685705, 0.0100814173286715, 0.05853893576802856, 0.03902595717868571, 0.0], [0.503852713081797, 0.3876364632218391, 0.010157718496757248, 0.058145469483275855, 0.04020763571633077, 0.0], [0.5010584866750085, 0.38652798957185397, 0.010149531454840804, 0.0579791984357781, 0.044284793862518615, 0.0], [0.4725191125300875, 0.3978399411346545, 0.010176720751281445, 0.05967599117019818, 0.059788234413778486, 0.0], [0.13692287503373554, 0.6485637954129599, 0.010102085535942874, 0.09728456931194399, 0.10712667470541772, 0.0], [0.4373077897623673, 0.4239928059341107, 0.010135286197628145, 0.06359892089011661, 0.06496519721577726, 0.0], [0.4620003128670291, 0.41949012606554814, 0.010130932368577225, 0.06292351890983222, 0.0454551097890134, 0.0], [0.07303072524744453, 0.3958614260682301, 0.01016946617780115, 0.05937921391023451, 0.46155916859628965, 0.0], [0.07209157875568438, 0.40306426627486097, 0.010177634647861325, 0.06045963994122914, 0.45420688038036416, 0.0], [0.4996432901124011, 0.38644402648134385, 0.010177456932893642, 0.057966603972201575, 0.04576862250115993, 0.0], [0.49648742238497057, 0.392254418086292, 0.01014965769781882, 0.0588381627129438, 0.04227033911797484, 0.0], [0.06206064225548381, 0.38147138964577654, 0.010152663207793662, 0.05722070844686648, 0.48909459644407943, 0.0], [0.5204479427904551, 0.37553696024631883, 0.010130856901646263, 0.05633054403694782, 0.037553696024631884, 0.0], [0.5240611412876128, 0.3727105888728768, 0.01005062262129106, 0.05590658833093152, 0.03727105888728768, 0.0], [0.4960301124470528, 0.29513840121581136, 0.1324219268362849, 0.04427076018237171, 0.032138799318479225, 0.0], [0.51922323178336, 0.28481501276797905, 0.12475800225666607, 0.04272225191519686, 0.028481501276797907, 0.0], [1.0, 0.0, 0.0, 0.0, 0.0, 0.0], [1.0, 0.0, 0.0, 0.0, 0.0, 0.0], [0.4815614735425055, 0.3017156559681339, 0.1412939564973271, 0.04525734839522008, 0.03017156559681339, 0.0], [0.12863778347203864, 0.6634716447962743, 0.010042903876117828, 0.09952074671944114, 0.09832692113612813, 0.0], [0.5099003879730827, 0.3724839461553928, 0.010127512330494486, 0.055872591923308915, 0.051615561617721156, 0.0], [0.502473927654667, 0.3899257201671607, 0.010118922136382238, 0.0584888580250741, 0.038992572016716076, 0.0], [0.5209453791878423, 0.3751911975131988, 0.0100656239206592, 0.05627867962697981, 0.037519119751319885, 0.0], [0.521189773844641, 0.3750245821042281, 0.010029498525073748, 0.05625368731563422, 0.037502458210422814, 0.0], [0.5341178193891751, 0.36473718903347085, 0.009960694318986354, 0.05471057835502063, 0.03647371890334709, 0.0], [0.5493297000072991, 0.3525948273764629, 0.009926765772122334, 0.052889224106469436, 0.035259482737646286, 0.0], [0.035454767974009725, 0.35993759565246414, 0.010087549046998583, 0.053990639347869615, 0.5405294479786579, 0.0], [0.5789266688118989, 0.32907862276091393, 0.009725052736958778, 0.04936179341413709, 0.032907862276091396, 0.0], [0.6219996202909295, 0.2946313990851771, 0.009711130852599129, 0.044194709862776564, 0.029463139908517712, 0.0], [0.6497751103331934, 0.20745690494569563, 0.09090375848468708, 0.031118535741854348, 0.020745690494569567, 0.0], [1.0, 0.0, 0.0, 0.0, 0.0, 0.0]], [[1.0, 0.0, 0.0, 0.0, 0.0, 0.0], [0.00984030459278442, 0.18651683661279259, 0.07864536366929487, 0.027977525491918887, 0.6970199696332092, 0.0], [0.6532399307771276, 0.269652743925115, 0.009694139316478615, 0.04044791158876725, 0.026965274392511503, 0.0], [0.6175295498464712, 0.2982370863910657, 0.009674092164696677, 0.04473556295865985, 0.02982370863910657, 0.0], [0.5759290812253505, 0.3314785468323662, 0.009722735234191619, 0.04972178202485493, 0.033147854683236624, 0.0], [0.5672216341064382, 0.33836974304686745, 0.009816187084977383, 0.05075546145703012, 0.03383697430468675, 0.0], [0.5676546706382148, 0.33790712437130715, 0.009961423897651252, 0.05068606865569607, 0.033790712437130714, 0.0], [0.5434128440366973, 0.3572844036697248, 0.00998165137614679, 0.053592660550458714, 0.03572844036697248, 0.0], [0.5432165762210162, 0.3573754316724223, 0.010064134188455845, 0.053606314750863346, 0.03573754316724223, 0.0], [0.5205295710275963, 0.3754688392657542, 0.010134379890210885, 0.056320325889863125, 0.037546883926575424, 0.0], [0.05934983596779003, 0.3757828810020876, 0.010140172979421413, 0.056367432150313146, 0.4983596779003877, 0.0], [0.5061396967437236, 0.38180462341536164, 0.010141685309470544, 0.057270693512304245, 0.044643301019139936, 0.0], [0.4873665529146162, 0.38386961077881576, 0.010155544105677398, 0.05758044161682236, 0.06102785058406823, 0.0], [0.4691323064388322, 0.39312124757497396, 0.010134807848514431, 0.05896818713624609, 0.06864345100143326, 0.0], [0.0, 0.0, 0.0, 0.0, 0.0, 1.0], [0.47035655263183934, 0.4138504319600994, 0.01009391297463657, 0.062077564794014904, 0.04362153763940979, 0.0], [0.4708394698085419, 0.4153166421207658, 0.010014727540500737, 0.06229749631811486, 0.04153166421207659, 0.0], [0.4701736972704714, 0.4138957816377171, 0.010124069478908189, 0.06208436724565756, 0.04372208436724566, 0.0], [0.4902557856272838, 0.3827798965675606, 0.010183502725584553, 0.05741698448513409, 0.059363830594437, 0.0], [0.48539272209252887, 0.39435051003030597, 0.010143425046801465, 0.05915257650454589, 0.05096076632581774, 0.0], [0.5025170578500897, 0.380366451818096, 0.010137804568969374, 0.05705496777271439, 0.049923717990130546, 0.0], [0.5254246979939188, 0.37128288255139513, 0.0101435259194435, 0.05569243238270927, 0.037456461152533274, 0.0], [0.5194747494693193, 0.37636372611936614, 0.010070592881473071, 0.05645455891790492, 0.037636372611936614, 0.0], [0.05327883084219247, 0.3652129913037439, 0.0101200013890198, 0.054781948695561584, 0.5166062277694823, 0.0], [0.522853964618593, 0.28033605640058906, 0.12672596488067048, 0.04205040846008836, 0.02803360564005891, 0.0], [1.0, 0.0, 0.0, 0.0, 0.0, 0.0], [1.0, 0.0, 0.0, 0.0, 0.0, 0.0], [0.48267878236307954, 0.3050458228904613, 0.13601393902384395, 0.04575687343356919, 0.03050458228904613, 0.0], [0.48872926991149357, 0.29359685030347726, 0.1365256913023572, 0.04403952754552159, 0.03710866093715026, 0.0], [0.530013674730042, 0.36298838764757413, 0.010125752916738019, 0.05444825814713612, 0.042423926558509725, 0.0], [0.5209382929999381, 0.3751686575478121, 0.010100885065296775, 0.056275298632171816, 0.037516865754781206, 0.0], [0.528779909622935, 0.3689162160160012, 0.010074820357063485, 0.05533743240240018, 0.03689162160160012, 0.0], [0.5228661723294106, 0.37367961535150823, 0.010034308481204117, 0.05605194230272624, 0.037367961535150825, 0.0], [0.5366333226829207, 0.3626711234546661, 0.010027772998746529, 0.05440066851819992, 0.03626711234546662, 0.0], [0.5462226821695988, 0.3550739635965179, 0.00993486333475376, 0.05326109453947769, 0.035507396359651784, 0.0], [0.5629974762182101, 0.34168122694622405, 0.009900990099009901, 0.05125218404193361, 0.0341681226946224, 0.0], [0.5768625802965719, 0.33067178963799004, 0.009797682655940445, 0.0496007684456985, 0.033067178963799, 0.0], [0.607492341982622, 0.30622534237595206, 0.009725980047437991, 0.04593380135639281, 0.030622534237595204, 0.0], [0.6321140374607978, 0.2186283753656505, 0.09460049333213932, 0.03279425630484757, 0.02186283753656505, 0.0], [1.0, 0.0, 0.0, 0.0, 0.0, 0.0]], [[1.0, 0.0, 0.0, 0.0, 0.0, 0.0], [0.7148406561967401, 0.17043152242568443, 0.07211994077115429, 0.02556472836385266, 0.017043152242568443, 0.0], [0.6718671602086508, 0.25475475949295184, 0.00968939042515928, 0.03821321392394278, 0.025475475949295185, 0.0], [0.647081256557615, 0.274589751811467, 0.009681553678051224, 0.041188462771720044, 0.027458975181146702, 0.0], [0.6161863667332035, 0.2992481742227747, 0.009753415488328174, 0.04488722613341621, 0.029924817422277476, 0.0], [0.5953012641208176, 0.3159221599298911, 0.009796035966818328, 0.04738832398948366, 0.03159221599298911, 0.0], [0.57939727615184, 0.3286004056795132, 0.009852216748768475, 0.04929006085192698, 0.03286004056795132, 0.0], [0.043762916138443644, 0.3434049235761547, 0.010122035025218258, 0.051510738536423205, 0.5511993867237602, 0.0], [0.5548969869454928, 0.3480047020973829, 0.010097135432778567, 0.05220070531460743, 0.034800470209738296, 0.0], [0.05883553427344088, 0.3672492147795659, 0.010154356169020254, 0.05508738221693488, 0.508673512561038, 0.0], [0.06976894957585067, 0.351986594786529, 0.010173599509273436, 0.052797989217979346, 0.5152728669103676, 0.0], [0.51523475214993, 0.3665920708934279, 0.01017895501051576, 0.05498881063401419, 0.05300541131211221, 0.0], [0.4850131098045447, 0.3899173685046877, 0.010130303511838551, 0.05848760527570315, 0.056451612903225805, 0.0], [0.48081435044379617, 0.3880578486748184, 0.010129725032586433, 0.05820867730122276, 0.06278939854757619, 0.0], [0.13005537841919787, 0.6580259222333, 0.010068803490518544, 0.098703888334995, 0.10314600752198849, 0.0], [0.0, 0.0, 0.0, 0.0, 0.0, 1.0], [0.0, 0.0, 0.0, 0.0, 0.0, 1.0], [0.46900664720134183, 0.4057898987388955, 0.010138535130769708, 0.06086848481083432, 0.054196434118158665, 0.0], [0.4811827019377856, 0.37998335766568836, 0.010164779040624239, 0.05699750364985325, 0.07167165770604852, 0.0], [0.14003278525656948, 0.6338482936764195, 0.010133624757836173, 0.09507724405146292, 0.12090805225771198, 0.0], [0.49546031193253903, 0.3865575483196936, 0.01014900126862516, 0.05798363224795403, 0.049849506231188286, 0.0], [0.5332171748599875, 0.3653018046048538, 0.01015556938394524, 0.054795270690728065, 0.036530180460485374, 0.0], [0.5253463048470333, 0.3716634978641448, 0.010074322822785751, 0.05574952467962172, 0.03716634978641448, 0.0], [0.5371748581534154, 0.3622430182005748, 0.010021369095866185, 0.05433645273008622, 0.03622430182005748, 0.0], [0.5274593716353572, 0.27636227946406705, 0.12708777903455887, 0.041454341919610053, 0.027636227946406706, 0.0], [0.5307807661411335, 0.27656721819988267, 0.12351021110901315, 0.0414850827299824, 0.02765672181998827, 0.0], [1.0, 0.0, 0.0, 0.0, 0.0, 0.0], [1.0, 0.0, 0.0, 0.0, 0.0, 0.0], [0.5116351992094337, 0.28658032515844584, 0.13013939434250912, 0.04298704877376688, 0.028658032515844586, 0.0], [0.027808270013918748, 0.27808270013918746, 0.12998101635087317, 0.04171240502087812, 0.5224156084751425, 0.0], [0.5346883132978064, 0.3641591275250961, 0.010112777295823524, 0.054623869128764414, 0.036415912752509605, 0.0], [0.5328739449973353, 0.3656103213652757, 0.01011315329607, 0.054841548204791354, 0.036561032136527574, 0.0], [0.5244106388513806, 0.3723845744087806, 0.010108643137643545, 0.05585768616131709, 0.03723845744087806, 0.0], [0.5426360410094638, 0.35784700315457413, 0.010055205047318614, 0.05367705047318612, 0.03578470031545741, 0.0], [0.5513545260994053, 0.3509287130166654, 0.009984582629762867, 0.052639306952499805, 0.035092871301666544, 0.0], [0.5570476329489612, 0.3464214469907069, 0.009925558312655087, 0.051963217048606035, 0.0346421446990707, 0.0], [0.5803046078597545, 0.3278529746482966, 0.009879173829874816, 0.04917794619724449, 0.032785297464829666, 0.0], [0.02611649239215222, 0.32129703683955885, 0.010071388370508607, 0.04819455552593383, 0.5943205268718466, 0.0], [0.6248298144866595, 0.22350835473198916, 0.09578474209835398, 0.03352625320979837, 0.022350835473198917, 0.0], [1.0, 0.0, 0.0, 0.0, 0.0, 0.0]], [[1.0, 0.0, 0.0, 0.0, 0.0, 0.0], [0.7432082209890104, 0.15226519442106412, 0.06646028598465935, 0.02283977916315962, 0.015226519442106411, 0.0], [0.7046169640395821, 0.22851928250268538, 0.009733932832061141, 0.03427789237540281, 0.022851928250268543, 0.0], [0.6763850452805784, 0.25110074005378485, 0.009739029652190447, 0.03766511100806773, 0.025110074005378485, 0.0], [0.6450735478329337, 0.27615332307361945, 0.009734798325042055, 0.041422998461042915, 0.027615332307361948, 0.0], [0.6285557267959332, 0.2893564149433115, 0.009748754524927423, 0.04340346224149672, 0.02893564149433115, 0.0], [0.6048003859606802, 0.3082860933542395, 0.009841997346520323, 0.046242914003135925, 0.030828609335423956, 0.0], [0.591929126651942, 0.3184907686487938, 0.009957412537065734, 0.047773615297319064, 0.03184907686487938, 0.0], [0.5560865622625788, 0.34713133838198174, 0.009999264759944122, 0.05206970075729726, 0.03471313383819818, 0.0], [0.12026181328474671, 0.6818631916663366, 0.010100209925931795, 0.1022794787499505, 0.08549530637303444, 0.0], [0.5302269631868295, 0.3646521985505374, 0.01014027378739226, 0.0546978297825806, 0.04028273469266023, 0.0], [0.5215634462699081, 0.3656069687763587, 0.010151602236338255, 0.054841045316453806, 0.047836937400941, 0.0], [0.14329312024850008, 0.6353964179193067, 0.010090368150049711, 0.095309462687896, 0.11591063099424752, 0.0], [0.08050013698971331, 0.3581658322747764, 0.010162146006127176, 0.05372487484121646, 0.4974470098881666, 0.0], [0.48825327922061834, 0.4004935555324305, 0.010108968736527571, 0.06007403332986457, 0.04107016318055907, 0.0], [0.055592996072448636, 0.3953224862807248, 0.010071910478489805, 0.05929837294210872, 0.479714234226228, 0.0], [0.49137186165354135, 0.39884464413558146, 0.010072333176981757, 0.05982669662033722, 0.039884464413558154, 0.0], [0.11532449146126848, 0.6937166340585766, 0.010028216648805955, 0.1040574951087865, 0.07687316272256248, 0.0], [0.08023542369038096, 0.37870123268522043, 0.010166476045240817, 0.05680518490278307, 0.4740916826763747, 0.0], [0.4