{"prediction": [[[1.0, 0.0, 0.0, 0.0, 0.0, 0.0], [1.0, 0.0, 0.0, 0.0, 0.0, 0.0], [1.0, 0.0, 0.0, 0.0, 0.0, 0.0], [1.0, 0.0, 0.0, 0.0, 0.0, 0.0], [1.0, 0.0, 0.0, 0.0, 0.0, 0.0], [1.0, 0.0, 0.0, 0.0, 0.0, 0.0], [1.0, 0.0, 0.0, 0.0, 0.0, 0.0], [1.0, 0.0, 0.0, 0.0, 0.0, 0.0], [1.0, 0.0, 0.0, 0.0, 0.0, 0.0], [1.0, 0.0, 0.0, 0.0, 0.0, 0.0], [1.0, 0.0, 0.0, 0.0, 0.0, 0.0], [1.0, 0.0, 0.0, 0.0, 0.0, 0.0], [1.0, 0.0, 0.0, 0.0, 0.0, 0.0], [1.0, 0.0, 0.0, 0.0, 0.0, 0.0], [1.0, 0.0, 0.0, 0.0, 0.0, 0.0], [1.0, 0.0, 0.0, 0.0, 0.0, 0.0], [1.0, 0.0, 0.0, 0.0, 0.0, 0.0], [1.0, 0.0, 0.0, 0.0, 0.0, 0.0], [1.0, 0.0, 0.0, 0.0, 0.0, 0.0], [1.0, 0.0, 0.0, 0.0, 0.0, 0.0], [1.0, 0.0, 0.0, 0.0, 0.0, 0.0], [1.0, 0.0, 0.0, 0.0, 0.0, 0.0], [1.0, 0.0, 0.0, 0.0, 0.0, 0.0], [1.0, 0.0, 0.0, 0.0, 0.0, 0.0], [1.0, 0.0, 0.0, 0.0, 0.0, 0.0], [1.0, 0.0, 0.0, 0.0, 0.0, 0.0], [1.0, 0.0, 0.0, 0.0, 0.0, 0.0], [1.0, 0.0, 0.0, 0.0, 0.0, 0.0], [1.0, 0.0, 0.0, 0.0, 0.0, 0.0], [1.0, 0.0, 0.0, 0.0, 0.0, 0.0], [1.0, 0.0, 0.0, 0.0, 0.0, 0.0], [1.0, 0.0, 0.0, 0.0, 0.0, 0.0], [1.0, 0.0, 0.0, 0.0, 0.0, 0.0], [1.0, 0.0, 0.0, 0.0, 0.0, 0.0], [1.0, 0.0, 0.0, 0.0, 0.0, 0.0], [1.0, 0.0, 0.0, 0.0, 0.0, 0.0], [1.0, 0.0, 0.0, 0.0, 0.0, 0.0], [1.0, 0.0, 0.0, 0.0, 0.0, 0.0], [1.0, 0.0, 0.0, 0.0, 0.0, 0.0], [1.0, 0.0, 0.0, 0.0, 0.0, 0.0]], [[1.0, 0.0, 0.0, 0.0, 0.0, 0.0], [0.8523598523704274, 0.09099465376366, 0.03309840401241718, 0.013649198064549, 0.009897891788946239, 0.0], [0.8391805953540934, 0.09897584028566542, 0.03709960428882496, 0.014846376042849812, 0.009897584028566542, 0.0], [0.8122627695379963, 0.11547106893149847, 0.043398394297630614, 0.017320660339724767, 0.011547106893149849, 0.0], [0.009943016151472991, 0.11871030185711692, 0.04561805093460771, 0.017806545278567537, 0.8079220857782349, 0.0], [0.8032080503471866, 0.1196898106816103, 0.047179686300800626, 0.017953471602241543, 0.01196898106816103, 0.0], [0.7927943339249356, 0.1274914407768282, 0.04784136510402932, 0.01912371611652423, 0.01274914407768282, 0.0], [1.0, 0.0, 0.0, 0.0, 0.0, 0.0], [1.0, 0.0, 0.0, 0.0, 0.0, 0.0], [0.7874292143828213, 0.13082709477516996, 0.049036917148215994, 0.019624064216275494, 0.013082709477516996, 0.0], [0.7711260159993918, 0.13813552677534088, 0.05620457553143213, 0.020720329016301133, 0.01381355267753409, 0.0], [0.738742947616712, 0.15419023011500282, 0.06851926473953461, 0.023128534517250422, 0.015419023011500282, 0.0], [0.7045669549201138, 0.17353889197286793, 0.07850943011380118, 0.02603083379593019, 0.017353889197286792, 0.0], [0.6787535693237815, 0.19034825688125173, 0.08331110957465372, 0.028552238532187756, 0.019034825688125177, 0.0], [0.009832843115247836, 0.21134168176422516, 0.09595240612359868, 0.03170125226463377, 0.6511718167322946, 0.0], [0.6088653927386476, 0.23167402627127637, 0.10154207442225709, 0.034751103940691454, 0.023167402627127638, 0.0], [0.5773057263431928, 0.2480228106392462, 0.11266576035774961, 0.037203421595886924, 0.02480228106392462, 0.0], [0.010497914141508993, 0.25883618582849005, 0.1199690070754978, 0.0388254278742735, 0.5718714650802296, 0.0], [0.010556363543886402, 0.2686594521919089, 0.12036941514387121, 0.040298917828786335, 0.5601158512915472, 0.0], [0.01265334390973948, 0.27707947402349975, 0.12337010311995993, 0.04156192110352496, 0.5453351578432759, 0.0], [0.016306801227266115, 0.284053956862055, 0.1225888888038746, 0.042608093529308236, 0.5344422595774961, 0.0], [0.4926044659602184, 0.30025591042211364, 0.1320756460121396, 0.045038386563317045, 0.030025591042211364, 0.0], [0.014414483673194825, 0.2727220310968461, 0.12384924372008994, 0.04090830466452691, 0.5481059368453421, 0.0], [0.5681432249432183, 0.2557854119503615, 0.11212501011882997, 0.03836781179255422, 0.025578541195036147, 0.0], [0.5784340812818396, 0.2466046859097796, 0.113310061330936, 0.03699070288646694, 0.024660468590977962, 0.0], [0.5940655025439625, 0.23953877939248114, 0.1065110232154361, 0.03593081690887217, 0.023953877939248115, 0.0], [0.6064460222507967, 0.23201207580924693, 0.10353888298764466, 0.03480181137138704, 0.023201207580924695, 0.0], [0.009831106264821324, 0.21041153524188158, 0.09496454944381588, 0.03156173028628223, 0.653231078763199, 0.0], [0.6725111253277841, 0.19595574709007357, 0.08254419080962391, 0.029393362063511033, 0.019595574709007357, 0.0], [0.6896826084005925, 0.18641461924942723, 0.07729911753762342, 0.027962192887414083, 0.018641461924942725, 0.0], [0.6898530282491341, 0.1854226523656296, 0.07836865629382893, 0.02781339785484444, 0.01854226523656296, 0.0], [1.0, 0.0, 0.0, 0.0, 0.0, 0.0], [0.6705104223837632, 0.19844158947419513, 0.08143759077349282, 0.02976623842112927, 0.019844158947419515, 0.0], [0.6352077419630544, 0.21771251821432078, 0.09265161026904475, 0.032656877732148114, 0.021771251821432077, 0.0], [0.009803441360870366, 0.2245931679881984, 0.10095503718728871, 0.03368897519822976, 0.6309593782654127, 0.0], [0.6180235214445905, 0.22621590468967787, 0.09920659769331208, 0.03393238570345168, 0.02262159046896779, 0.0], [0.6126671093843378, 0.23014242802799734, 0.09965485558066545, 0.0345213642041996, 0.023014242802799737, 0.0], [0.6359838250443441, 0.21306622944525902, 0.09768338814908205, 0.03195993441678885, 0.0213066229445259, 0.0], [0.6830325132060262, 0.1874012434634661, 0.08271593246464126, 0.028110186519519912, 0.01874012434634661, 0.0], [1.0, 0.0, 0.0, 0.0, 0.0, 0.0]], [[1.0, 0.0, 0.0, 0.0, 0.0, 0.0], [0.009972230643303218, 0.12058449038986234, 0.05216079548899533, 0.01808767355847935, 0.7991948099193596, 0.0], [0.7568579116231241, 0.18666153703664123, 0.009815167081074277, 0.027999230555496184, 0.018666153703664125, 0.0], [0.010085899939207473, 0.2054065341721336, 0.010085899939207473, 0.030810980125820033, 0.7436106858236314, 0.0], [0.010081202213316577, 0.21678374684274745, 0.010081202213316577, 0.032517562026412115, 0.7305362867042072, 0.0], [0.7230778559301481, 0.21373999514916325, 0.009747150133398011, 0.03206099927237449, 0.021373999514916326, 0.0], [0.7202828650448893, 0.16400316026959263, 0.07471318461811982, 0.024600474040438892, 0.016400316026959266, 0.0], [1.0, 0.0, 0.0, 0.0, 0.0, 0.0], [1.0, 0.0, 0.0, 0.0, 0.0, 0.0], [1.0, 0.0, 0.0, 0.0, 0.0, 0.0], [0.7100861340330981, 0.1695664189046818, 0.07795584233604974, 0.02543496283570227, 0.016956641890468183, 0.0], [0.6783317627031051, 0.24955921022632274, 0.009719224513991277, 0.037433881533948415, 0.024955921022632277, 0.0], [0.6426203402442232, 0.2781575910386714, 0.009682670957437479, 0.041723638655800706, 0.027815759103867143, 0.0], [0.629086799846925, 0.2889834884868959, 0.009683839544455038, 0.043347523273034386, 0.02889834884868959, 0.0], [0.5894488932095998, 0.32070866391426434, 0.009665276897569648, 0.048106299587139655, 0.032070866391426436, 0.0], [0.028437464637668323, 0.36240547494993924, 0.010036752225059408, 0.054360821242490885, 0.5447594869448421, 0.0], [0.5027839182911115, 0.3900559147920041, 0.00964618821888336, 0.05850838721880061, 0.03900559147920041, 0.0], [0.5203500884786456, 0.3759146778899039, 0.009756564158974605, 0.05638720168348558, 0.0375914677889904, 0.0], [0.5129241877256318, 0.3818050541516246, 0.009819494584837546, 0.05727075812274369, 0.03818050541516246, 0.0], [0.4937447472685797, 0.39716652659382873, 0.00979709448913435, 0.05957497898907431, 0.03971665265938287, 0.0], [0.05342743922875224, 0.39942432427104074, 0.01005461033456223, 0.05991364864065612, 0.47717997752498864, 0.0], [0.0951995428136013, 0.7160681969711401, 0.009715210972473569, 0.10741022954567102, 0.07160681969711401, 0.0], [0.500445107427279, 0.39179077544931784, 0.009816423261073551, 0.05876861631739767, 0.03917907754493179, 0.0], [0.5283452410871361, 0.36951136322837763, 0.009765554877392023, 0.05542670448425664, 0.036951136322837766, 0.0], [0.03268070507512126, 0.36890255924918175, 0.010055601561575773, 0.055335383887377264, 0.5330257502267439, 0.0], [0.5467292510181901, 0.3548198311177995, 0.009745960084560537, 0.053222974667669926, 0.035481983111779955, 0.0], [0.5229722792607803, 0.275546563594637, 0.1325945162459234, 0.041331984539195545, 0.0275546563594637, 0.0], [0.5797881599660935, 0.2472980745943328, 0.11108924679099055, 0.03709471118914992, 0.024729807459433283, 0.0], [0.6093122042560856, 0.22890250629481892, 0.10455966287539073, 0.03433537594422284, 0.022890250629481895, 0.0], [0.6473359797256044, 0.20777874006428745, 0.09294059519403643, 0.03116681100964312, 0.020777874006428748, 0.0], [1.0, 0.0, 0.0, 0.0, 0.0, 0.0], [0.009783673551955627, 0.2291189636521091, 0.10067170339858994, 0.03436784454781636, 0.626057814849529, 0.0], [0.01111152980643715, 0.23121644197220959, 0.10270531933087333, 0.03468246629583144, 0.6202842425946485, 0.0], [0.6058169739972327, 0.3076447457218152, 0.009627093850498225, 0.04614671185827228, 0.030764474572181524, 0.0], [0.580483389460783, 0.32795671720948183, 0.00957071402736471, 0.049193507581422276, 0.03279567172094819, 0.0], [0.019919928738535028, 0.3693262463414873, 0.010008907683121408, 0.05539893695122309, 0.5453459802856332, 0.0], [0.5198740337184149, 0.37654168824730155, 0.009448855972458032, 0.056481253237095234, 0.03765416882473016, 0.0], [0.013445144787097353, 0.3476669984765428, 0.010019321895344949, 0.052150049771481424, 0.5767184850695334, 0.0], [0.6351857334100435, 0.21393182110160924, 0.09739949021294501, 0.032089773165241385, 0.021393182110160926, 0.0], [1.0, 0.0, 0.0, 0.0, 0.0, 0.0]], [[1.0, 0.0, 0.0, 0.0, 0.0, 0.0], [0.7508647719514394, 0.14946325233740376, 0.062306162626806036, 0.02241948785061056, 0.014946325233740376, 0.0], [0.707365337777329, 0.2263361476332609, 0.009714477681094869, 0.03395042214498913, 0.022633614763326093, 0.0], [0.6924388066606965, 0.23828750899432455, 0.00970180709639787, 0.03574312634914868, 0.023828750899432455, 0.0], [0.010063277449125687, 0.2556897467577726, 0.010063277449125687, 0.038353462013665886, 0.6858302363303102, 0.0], [0.6766468055762195, 0.2509440512373624, 0.009673130377077324, 0.03764160768560436, 0.02509440512373624, 0.0], [0.6677516962055954, 0.1953714965607904, 0.0880339330934167, 0.02930572448411856, 0.01953714965607904, 0.0], [0.6717965723374719, 0.1961804482763338, 0.08297786731711093, 0.02942706724145007, 0.019618044827633383, 0.0], [0.6871911635334055, 0.18902209538468315, 0.0765312172357405, 0.028353314307702472, 0.018902209538468318, 0.0], [1.0, 0.0, 0.0, 0.0, 0.0, 0.0], [0.6711932124471197, 0.1947635694884884, 0.08535232569226979, 0.029214535423273257, 0.019476356948848843, 0.0], [0.6417609982695102, 0.21016150128680502, 0.0955371251219836, 0.03152422519302075, 0.021016150128680505, 0.0], [0.020882379015179125, 0.30555254577870583, 0.010047182356359768, 0.04583288186680587, 0.6176850109829494, 0.0], [0.024251744942623922, 0.3136953349895501, 0.010055601561575773, 0.04705430024843251, 0.6049430182578177, 0.0], [0.025420832790415803, 0.34974542289792576, 0.010030657426005462, 0.05246181343468886, 0.5623412734509642, 0.0], [0.037337602364386435, 0.38248876300720397, 0.010048642324979989, 0.0573733144510806, 0.512751677852349, 0.0], [0.09460909372690206, 0.7165303640828783, 0.009727951169500012, 0.10747955461243174, 0.07165303640828782, 0.0], [0.4909006973297374, 0.3993488349490974, 0.009913258983890956, 0.059902325242364614, 0.03993488349490974, 0.0], [0.501356111090657, 0.3909036240688241, 0.010014358823312837, 0.058635543610323616, 0.03909036240688241, 0.0], [0.12223535701847757, 0.6777881875125693, 0.01000642569493155, 0.10166822812688539, 0.08830180164713616, 0.0], [0.4860208464097026, 0.3980487997746334, 0.01008218961435625, 0.05970731996619501, 0.0461408442351127, 0.0], [0.4725578226326483, 0.41401126644036446, 0.00992809431689601, 0.06210168996605467, 0.041401126644036446, 0.0], [0.05037049474196232, 0.3871120669433752, 0.010074098948392465, 0.058066810041506274, 0.49437652932476367, 0.0], [0.5240342046212627, 0.3728546303596336, 0.009897507429195219, 0.05592819455394504, 0.03728546303596337, 0.0], [0.5238031802162935, 0.3730517239291294, 0.009882164872294819, 0.0559577585893694, 0.03730517239291294, 0.0], [0.5022596623160636, 0.3903250298275426, 0.009834050399508298, 0.05854875447413139, 0.03903250298275426, 0.0], [0.05795703966071087, 0.22379263021826898, 0.5972207195151349, 0.03356889453274035, 0.08746071607314482, 0.0], [1.0, 0.0, 0.0, 0.0, 0.0, 0.0], [0.0097262613827213, 0.26262956781552393, 0.11617900213165916, 0.03939443517232859, 0.5720707334977669, 0.0], [1.0, 0.0, 0.0, 0.0, 0.0, 0.0], [1.0, 0.0, 0.0, 0.0, 0.0, 0.0], [0.009839094803278098, 0.2550005399503245, 0.10825884018670283, 0.038250080992548674, 0.5886514440671459, 0.0], [0.5985634097612026, 0.3133859765959471, 0.009704119493863572, 0.04700789648939206, 0.031338597659594715, 0.0], [0.024139923057068056, 0.349807642670141, 0.01002962179967797, 0.05247114640052115, 0.5635516660725919, 0.0], [0.5366111365477406, 0.3630472299510442, 0.00957982601345402, 0.054457084492656634, 0.03630472299510443, 0.0], [0.027826240586559487, 0.413663812882028, 0.010011557459714524, 0.062049571932304204, 0.48644881713939375, 0.0], [0.051112540763582306, 0.7518690241142932, 0.009051179093551034, 0.11278035361714397, 0.07518690241142932, 0.0], [0.5198940760973767, 0.37651334746763515, 0.00946423956807945, 0.05647700212014527, 0.037651334746763514, 0.0], [0.5928489245281361, 0.2405140705122723, 0.10650848733152342, 0.03607711057684085, 0.024051407051227235, 0.0], [1.0, 0.0, 0.0, 0.0, 0.0, 0.0]], [[1.0, 0.0, 0.0, 0.0, 0.0, 0.0], [0.7189062442546427, 0.16735194538386763, 0.07190382401552273, 0.025102791807580144, 0.016735194538386768, 0.0], [0.010059443503660233, 0.26340323253782716, 0.010059443503660233, 0.039510484880674074, 0.6769673955741784, 0.0], [0.6515933974134489, 0.2710016867990746, 0.00965449408770789, 0.04065025301986119, 0.02710016867990746, 0.0], [0.013464062500767794, 0.28392464645779675, 0.010052347685336015, 0.04258869696866951, 0.64997024638743, 0.0], [0.6330457844475794, 0.28583062312872926, 0.009665936641509096, 0.042874593469309386, 0.02858306231287293, 0.0], [0.01657709134518423, 0.294157288558462, 0.010047586582098905, 0.0441235932837693, 0.6350944402304856, 0.0], [0.6374533803993067, 0.2822722655973369, 0.00970628760402225, 0.04234083983960053, 0.02822722655973369, 0.0], [0.010656249817529967, 0.20456106955660266, 0.09094890255224482, 0.0306841604334904, 0.663149617640132, 0.0], [0.6494843945240089, 0.20980282511743703, 0.08826207407919477, 0.03147042376761555, 0.020980282511743706, 0.0], [1.0, 0.0, 0.0, 0.0, 0.0, 0.0], [0.6204992861324182, 0.2247369668885643, 0.0985795052568764, 0.03371054503328464, 0.022473696688856428, 0.0], [0.5895222007309562, 0.24222777386883618, 0.10769308193299852, 0.03633416608032543, 0.02422277738688362, 0.0], [0.5985856955269911, 0.3132672360828344, 0.009830259369465964, 0.046990085412425164, 0.031326723608283445, 0.0], [0.03428602437514337, 0.34991477826315387, 0.010063811471265106, 0.05248721673947308, 0.5532481691509645, 0.0], [0.5332587766216084, 0.36545755129825924, 0.009919284255567441, 0.054818632694738884, 0.03654575512982593, 0.0], [0.48717979773511777, 0.4023496639011687, 0.009883122388421242, 0.060352449585175307, 0.04023496639011687, 0.0], [0.5033050628392767, 0.3893204003003483, 0.010044436785287854, 0.05839806004505224, 0.03893204003003484, 0.0], [0.5047226524038771, 0.3860255008386481, 0.010093463492833148, 0.05790382512579721, 0.041254558138844495, 0.0], [0.4969429936384564, 0.3943661971830985, 0.010099259882670363, 0.05915492957746478, 0.039436619718309855, 0.0], [0.06141933692893401, 0.3844781091370558, 0.0101126269035533, 0.057671716370558374, 0.4863182106598985, 0.0], [0.4964516327409139, 0.39480966730213396, 0.010036283131418732, 0.059221450095320094, 0.039480966730213396, 0.0], [0.5140002209592085, 0.38078636927193943, 0.010016817450867266, 0.05711795539079091, 0.03807863692719395, 0.0], [0.523800167018716, 0.3729429680208282, 0.01002112295524881, 0.05594144520312423, 0.03729429680208282, 0.0], [0.5261701580616329, 0.3710714154535549, 0.009990572621423412, 0.05566071231803323, 0.037107141545355486, 0.0], [0.5212520028866029, 0.3750137602896388, 0.009980796751348506, 0.056252064043445814, 0.03750137602896388, 0.0], [0.4811060038789705, 0.307523260798007, 0.13448992012352085, 0.046128489119701056, 0.030752326079800704, 0.0], [1.0, 0.0, 0.0, 0.0, 0.0, 0.0], [1.0, 0.0, 0.0, 0.0, 0.0, 0.0], [1.0, 0.0, 0.0, 0.0, 0.0, 0.0], [1.0, 0.0, 0.0, 0.0, 0.0, 0.0], [0.5595656273929719, 0.263487744935985, 0.11107469143704687, 0.03952316174039775, 0.0263487744935985, 0.0], [0.028913570135143802, 0.33778549683480286, 0.010065474927592724, 0.05066782452522042, 0.5725676335772403, 0.0], [0.5393899078209636, 0.3607336310937946, 0.009693053311793216, 0.054110044664069185, 0.03607336310937946, 0.0], [0.5105825462428091, 0.3837587393846997, 0.009719029526316418, 0.057563810907704946, 0.03837587393846997, 0.0], [0.04393874162002583, 0.40617504151546835, 0.0100375176825143, 0.06092625622732025, 0.47892244295467123, 0.0], [0.4905221150648486, 0.39982897049741073, 0.009691671813387807, 0.05997434557461161, 0.039982897049741076, 0.0], [0.5310257727081655, 0.3674956304877801, 0.009604689182109218, 0.05512434457316702, 0.03674956304877801, 0.0], [0.5898747406926476, 0.2398622119674011, 0.11029749434810107, 0.03597933179511017, 0.023986221196740112, 0.0], [1.0, 0.0, 0.0, 0.0, 0.0, 0.0]], [[1.0, 0.0, 0.0, 0.0, 0.0, 0.0], [0.6749213223739369, 0.19384444416357835, 0.08277312242159038, 0.029076666624536753, 0.019384444416357834, 0.0], [0.6220835427079578, 0.2946365154672419, 0.009620812957989854, 0.04419547732008629, 0.029463651546724194, 0.0], [0.019054887406732956, 0.32408041751812056, 0.010032299998575795, 0.04861206262771808, 0.5982203324488525, 0.0], [0.024645929978010517, 0.32753014330058683, 0.01003546849404021, 0.04912952149508803, 0.5886589367322744, 0.0], [0.02354795802748904, 0.33794768215183013, 0.010049756145622937, 0.05069215232277452, 0.5777624513522833, 0.0], [0.5780936933498712, 0.3297395286709284, 0.00973189581146837, 0.04946092930063926, 0.032973952867092836, 0.0], [0.5823387884418398, 0.32635365301698466, 0.009719145286929179, 0.0489530479525477, 0.03263536530169847, 0.0], [0.02656945892455309, 0.3208545605564305, 0.010055973322094304, 0.04812818408346458, 0.5943918231134575, 0.0], [0.5893310544790963, 0.2429028455010808, 0.10704038864455281, 0.03643542682516212, 0.024290284550108083, 0.0], [0.5941677295508464, 0.23752426303919652, 0.10892694165015802, 0.03562863945587948, 0.023752426303919653, 0.0], [1.0, 0.0, 0.0, 0.0, 0.0, 0.0], [0.5750006682169301, 0.24800394057069539, 0.11499440606970075, 0.037200591085604306, 0.02480039405706954, 0.0], [0.02010931892068331, 0.2583610322200834, 0.11762105785703632, 0.038754154833012505, 0.5651544361691844, 0.0], [0.556575589341655, 0.3468437413065302, 0.009869734025182337, 0.05202656119597952, 0.03468437413065303, 0.0], [0.5339881357580473, 0.3648740639891082, 0.009919284255567443, 0.05473110959836623, 0.03648740639891083, 0.0], [0.056412809026049435, 0.37686133790975435, 0.010103786691232736, 0.056529200686463145, 0.5000928656865004, 0.0], [0.06381181459893433, 0.3857939443182465, 0.01010684020045233, 0.05786909164773697, 0.4824183092346298, 0.0], [0.5126666402158387, 0.37315505475321376, 0.010117441675924457, 0.05597325821298206, 0.04808760514204095, 0.0], [0.05794228076479846, 0.3848775108115141, 0.010111398867424197, 0.057731626621727115, 0.4893371829345361, 0.0], [0.5052469671785458, 0.3877049790369396, 0.010121809025279715, 0.058155746855540945, 0.03877049790369396, 0.0], [0.06110697443534375, 0.387192851824274, 0.010126582278481011, 0.0580789277736411, 0.4834946636882601, 0.0], [0.5099833280406478, 0.38365354080660524, 0.010122261035249288, 0.057548031120990786, 0.03869283899650683, 0.0], [0.5163694699821065, 0.3788486456469427, 0.010069722959215155, 0.056827296847041395, 0.037884864564694275, 0.0], [0.5101152495424643, 0.3838353860612356, 0.010090517880991245, 0.05757530790918533, 0.038383538606123556, 0.0], [0.04721137640275127, 0.3797264123077229, 0.010127361499643807, 0.05695896184615844, 0.5059758879437236, 0.0], [0.5048807705381564, 0.2931395160433425, 0.12869483440766538, 0.043970927406501374, 0.029313951604334247, 0.0], [0.02325447600316957, 0.2807458256765191, 0.1252086738712031, 0.04211187385147787, 0.5286791505976304, 0.0], [0.018021118258316433, 0.283592970038453, 0.11965639095474062, 0.04253894550576795, 0.536190575242722, 0.0], [0.5549833132249004, 0.2632419575311783, 0.11596423986112676, 0.03948629362967674, 0.02632419575311783, 0.0], [0.5651911315825591, 0.2566529150692609, 0.1139927245808648, 0.03849793726038913, 0.02566529150692609, 0.0], [0.02143893057569835, 0.2608564901269359, 0.1176133910858673, 0.03912847351904039, 0.5609627146924581, 0.0], [0.03654916603693441, 0.3464268251122405, 0.010075716042614351, 0.05196402376683608, 0.5549842690413747, 0.0], [0.5320204142900029, 0.3665445812068448, 0.00979885920144101, 0.054981687181026716, 0.036654458120684484, 0.0], [0.49666093108883724, 0.3948163211281841, 0.009818667500932533, 0.059222448169227615, 0.03948163211281841, 0.0], [0.09075761335838621, 0.7196795121778281, 0.009642996419328535, 0.10795192682667423, 0.07196795121778281, 0.0], [0.5007703064634638, 0.391647507762319, 0.009670308833637505, 0.05874712616434784, 0.0391647507762319, 0.0], [0.5476978917472924, 0.3541487443581555, 0.009616177805013141, 0.053122311653723324, 0.035414874435815556, 0.0], [0.5863460751024364, 0.24521614954006885, 0.10713373797247748, 0.03678242243101033, 0.024521614954006888, 0.0], [1.0, 0.0, 0.0, 0.0, 0.0, 0.0]], [[1.0, 0.0, 0.0, 0.0, 0.0, 0.0], [0.009809425691839915, 0.22119198654134062, 0.09923446157645353, 0.03317879798120109, 0.6365853282091648, 0.0], [0.021826543234703517, 0.3549143075198082, 0.010016666650317195, 0.05323714612797122, 0.5600053364671999, 0.0], [0.5603027634303668, 0.3439887653821436, 0.00971127984195368, 0.05159831480732154, 0.03439887653821437, 0.0], [0.5642213888158994, 0.34082602775720805, 0.009746076487590473, 0.0511239041635812, 0.034082602775720804, 0.0], [0.03387131365970423, 0.3566102062600301, 0.010057857331265884, 0.053491530939004515, 0.5459690918099952, 0.0], [0.5417363281723244, 0.3587022364372077, 0.009885876281165953, 0.05380533546558115, 0.03587022364372077, 0.0], [0.5297302500180475, 0.36836152754048657, 0.009817840556344298, 0.05525422913107298, 0.03683615275404866, 0.0], [0.0375784635847382, 0.3444857313090408, 0.010086850751692886, 0.05167285969635612, 0.556176094658172, 0.0], [0.5803330766268772, 0.3278783211397766, 0.009819021948402002, 0.049181748170966495, 0.032787832113977664, 0.0], [0.5806745762173294, 0.24472007884194394, 0.1134253252302405, 0.03670801182629159, 0.024472007884194395, 0.0], [0.5700368081183014, 0.2534822197466132, 0.11311041719843225, 0.03802233296199198, 0.02534822197466132, 0.0], [1.0, 0.0, 0.0, 0.0, 0.0, 0.0], [0.541979866982573, 0.2724331605469831, 0.11747868233369814, 0.04086497408204746, 0.02724331605469831, 0.0], [0.029531195901904058, 0.28503180543742535, 0.1289557982490765, 0.0427547708156138, 0.5137264295959802, 0.0], [0.5411746033320602, 0.35681514951616183, 0.010118194398289827, 0.05352227242742428, 0.038369780326063765, 0.0], [0.5096693467461192, 0.3823139533443179, 0.010109144067691618, 0.05734709300164768, 0.040560462840223487, 0.0], [0.131260196766698, 0.6585257329312306, 0.010085529243090918, 0.09877885993968459, 0.10134968111929599, 0.0], [0.07007155927815881, 0.38194702728972335, 0.010116488388354137, 0.05729205409345849, 0.4805728709503052, 0.0], [0.07052442580616242, 0.3786703456244723, 0.010160298633091196, 0.056800551843670846, 0.48384437809260317, 0.0], [0.4923791941800232, 0.38245846250304777, 0.01015112234590447, 0.057368769375457165, 0.05764245159556735, 0.0], [0.0703280064351122, 0.3788846635636675, 0.01016070347929383, 0.05683269953455013, 0.4837939269873763, 0.0], [0.060560407514860415, 0.38698000959618933, 0.010143122440912582, 0.0580470014394284, 0.48426945900860924, 0.0], [0.5120555934727306, 0.3822547620524911, 0.010125953961655393, 0.057338214307873656, 0.03822547620524911, 0.0], [0.5069138171928063, 0.3797751579910401, 0.010143248524505395, 0.05696627369865601, 0.04620150259299221, 0.0], [0.49475173081217894, 0.39256557234670836, 0.010124320702746967, 0.058884835852006254, 0.04367354028635946, 0.0], [0.5231207337406909, 0.37228742318558955, 0.010138383971413733, 0.055843113477838435, 0.03861034562446731, 0.0], [0.04876862931872756, 0.35958802167053644, 0.01012085491456808, 0.05393820325058046, 0.5275842908455874, 0.0], [0.5498499743858708, 0.35215768545849296, 0.0099529187910131, 0.05282365281877394, 0.03521576854584929, 0.0], [0.04284024900894737, 0.3500107844376845, 0.010115058793779238, 0.05250161766565267, 0.5445322900939362, 0.0], [0.55722337874195, 0.3462741803927298, 0.009933895767137798, 0.051941127058909464, 0.034627418039272974, 0.0], [0.5355032829421008, 0.3636452229842491, 0.009940188327587677, 0.054546783447637366, 0.03636452229842491, 0.0], [0.5327367563558549, 0.3658735273019077, 0.00992133451676049, 0.05488102909528616, 0.03658735273019077, 0.0], [0.5156617166113521, 0.37956345841711286, 0.00988396036725696, 0.05693451876256692, 0.037956345841711286, 0.0], [0.503318031828753, 0.38939690966430035, 0.009935831090871454, 0.058409536449645055, 0.03893969096643004, 0.0], [0.4804513534601765, 0.40780265290198675, 0.009795330412340196, 0.06117039793529801, 0.040780265290198674, 0.0], [0.5192730946396142, 0.37673036910531954, 0.009813943978736457, 0.05650955536579792, 0.037673036910531955, 0.0], [0.028224834904384682, 0.3694798074417186, 0.010031125993892815, 0.055421971116257795, 0.5368422605437461, 0.0], [0.01033794501848088, 0.2537364458722028, 0.11185752676926716, 0.03806046688083042, 0.5860076154592188, 0.0], [1.0, 0.0, 0.0, 0.0, 0.0, 0.0]], [[1.0, 0.0, 0.0, 0.0, 0.0, 0.0], [0.5782547838738789, 0.2547102049837007, 0.1033574598964952, 0.03820653074755511, 0.025471020498370075, 0.0], [0.062037204262235864, 0.7430016254289326, 0.009210763951598339, 0.11145024381433989, 0.07430016254289326, 0.0], [0.520717952382654, 0.37565059968318626, 0.00971879801336335, 0.05634758995247793, 0.037565059968318625, 0.0], [0.5427514650782975, 0.3579594581612066, 0.00979921222019406, 0.05369391872418099, 0.03579594581612066, 0.0], [0.5273136827396798, 0.3702856041533662, 0.009829312068612454, 0.05554284062300492, 0.03702856041533662, 0.0], [0.5064722367128074, 0.3869026677504277, 0.009899428599158065, 0.05803540016256415, 0.03869026677504277, 0.0], [0.10253796016458509, 0.7100462440374322, 0.009904234788624696, 0.10650693660561482, 0.07100462440374322, 0.0], [0.5338758009111506, 0.3649474992082248, 0.009939825078568472, 0.054742124881233714, 0.036494749920822474, 0.0], [0.5458332324235305, 0.3554285437504541, 0.009881087888401831, 0.053314281562568115, 0.03554285437504541, 0.0], [0.039619160816649956, 0.3389914447374611, 0.01010288600824574, 0.05084871671061917, 0.560437791727024, 0.0], [0.5699367624857503, 0.25360476938718923, 0.11305727578026309, 0.03804071540807838, 0.025360476938718922, 0.0], [0.5487255321894197, 0.2656810072375171, 0.11917320876368397, 0.03985215108562756, 0.026568100723751712, 0.0], [1.0, 0.0, 0.0, 0.0, 0.0, 0.0], [0.05345433326940577, 0.46721535567534045, 0.3474286833504034, 0.07008230335130107, 0.06181932435354941, 0.0], [0.5126579188901417, 0.28385405464710123, 0.1256903627367726, 0.04257810819706518, 0.03521955552891923, 0.0], [0.5002328586387639, 0.28594457478262475, 0.12932745174867602, 0.04289168621739371, 0.041603428612541696, 0.0], [0.522589019574751, 0.37015067619385633, 0.010126155014556349, 0.055522601429078444, 0.04161154778775778, 0.0], [0.06350736571148871, 0.36240940386063164, 0.01013732598211557, 0.05436141057909474, 0.5095844938666694, 0.0], [0.5165895637467044, 0.3700940158185345, 0.010147739143411431, 0.05551410237278018, 0.047654578918569356, 0.0], [0.14643281128148578, 0.6269589362262258, 0.010133071065611636, 0.09404384043393385, 0.12243134099274293, 0.0], [0.07444582399235636, 0.37337367474241295, 0.010151703271684959, 0.056006051211361936, 0.48602274678218377, 0.0], [0.5183926096078085, 0.3702662143900612, 0.010153825478635903, 0.05553993215850918, 0.04564741836498523, 0.0], [0.5193809449128598, 0.37584420563143967, 0.010156605901286753, 0.056376630844715954, 0.03824161270969781, 0.0], [0.49785356546625326, 0.3879481675808888, 0.01013594085380396, 0.05819222513713331, 0.04587010096192065, 0.0], [0.13166987420028387, 0.6626591072901419, 0.010105588539073706, 0.09939886609352128, 0.09616656387697935, 0.0], [0.5157638647534879, 0.37833275408370987, 0.01012859341641428, 0.05674991311255648, 0.03902487463383149, 0.0], [0.5504623302429236, 0.35159260764106925, 0.010046910205740039, 0.052738891146160385, 0.03515926076410692, 0.0], [0.04829287419532556, 0.35527275795492336, 0.010125124702822626, 0.0532909136932385, 0.53301832945369, 0.0], [0.05208061562468164, 0.34553103095268267, 0.010137829759002915, 0.0518296546429024, 0.5404208690207304, 0.0], [0.5406033630069238, 0.3594460929772503, 0.010089020771513354, 0.05391691394658754, 0.03594460929772503, 0.0], [0.5417398124976656, 0.3553331092269575, 0.010159489037463115, 0.05329996638404362, 0.03946762285387019, 0.0], [0.047557639411716465, 0.3597385075249901, 0.010137678620679373, 0.053960776128748514, 0.5286053983138657, 0.0], [0.5203485192791435, 0.37578836081710026, 0.00991602969948111, 0.056368254122565034, 0.03757883608171003, 0.0], [0.5200213561131873, 0.37606173858175995, 0.009901470659612678, 0.05640926078726399, 0.037606173858175995, 0.0], [0.5194467516521614, 0.37658444982124156, 0.0098226860712867, 0.05648766747318623, 0.03765844498212415, 0.0], [0.537979996642122, 0.3617873503945506, 0.009785815364689516, 0.05426810255918259, 0.03617873503945506, 0.0], [0.5657791044776119, 0.3395820895522388, 0.009743283582089552, 0.05093731343283582, 0.033958208955223876, 0.0], [0.5973983483692721, 0.240534629110143, 0.10193336524304902, 0.03608019436652145, 0.024053462911014303, 0.0], [1.0, 0.0, 0.0, 0.0, 0.0, 0.0]], [[1.0, 0.0, 0.0, 0.0, 0.0, 0.0], [0.010533135368104223, 0.24226211346639717, 0.10570073486655383, 0.03633931701995957, 0.6051646992789852, 0.0], [0.03254286613182318, 0.37596350479786067, 0.01002831524303917, 0.056394525719679095, 0.525070788107598, 0.0], [0.5248783550463035, 0.3722154473998769, 0.009852335703850381, 0.05583231710998153, 0.03722154473998769, 0.0], [0.5263823372076059, 0.3709575451052862, 0.009920731410786364, 0.055643631765792935, 0.03709575451052862, 0.0], [0.515909951506712, 0.3792981298936079, 0.009967386126277986, 0.05689471948404118, 0.037929812989360795, 0.0], [0.5112384527984981, 0.38294719162179514, 0.010077557674257767, 0.05744207874326927, 0.03829471916217952, 0.0], [0.49437319752101616, 0.3964901515616371, 0.010014113026937473, 0.05947352273424556, 0.03964901515616371, 0.0], [0.5318751536003932, 0.3664782501843204, 0.010027033669206192, 0.05497173752764806, 0.03664782501843204, 0.0], [0.5426718293859701, 0.35788882238698405, 0.009967142630299623, 0.053683323358047604, 0.03578888223869841, 0.0], [0.5711849334259158, 0.33509970885258683, 0.009940430508350693, 0.05026495632788803, 0.033509970885258686, 0.0], [0.04204910025834412, 0.33609528484794393, 0.010115585439507312, 0.050414292727191584, 0.5613257367270131, 0.0], [0.5513973139528712, 0.26706045295074293, 0.11477711985870022, 0.04005906794261144, 0.026706045295074296, 0.0], [0.5552939120133228, 0.2597553929589296, 0.11268043289328668, 0.03896330894383943, 0.033306953190621616, 0.0], [1.0, 0.0, 0.0, 0.0, 0.0, 0.0], [1.0, 0.0, 0.0, 0.0, 0.0, 0.0], [0.5284400278913456, 0.2779608835307701, 0.12410886769519179, 0.041694132529615506, 0.02779608835307701, 0.0], [0.533168888244133, 0.27427461327182495, 0.12091177750618244, 0.04114119199077374, 0.030503528987085853, 0.0], [0.05753545703208383, 0.3446170342680983, 0.010127034714879293, 0.05169255514021475, 0.5360279188447237, 0.0], [0.5478770139060007, 0.3399465862224313, 0.010155089118373992, 0.050991987933364694, 0.05102932281982931, 0.0], [0.06322806093157005, 0.3565525794513773, 0.010140349394685761, 0.05348288691770659, 0.5165961233046603, 0.0], [0.0659282700421941, 0.3558633866730356, 0.010150465727251015, 0.05337950800095533, 0.514678369556564, 0.0], [0.5394142321910902, 0.35524465079226775, 0.010156959882497915, 0.05328669761884016, 0.041897459515303895, 0.0], [0.5375562332354861, 0.36073636072643545, 0.010123843388112922, 0.05411045410896532, 0.03747310854100033, 0.0], [0.06367288057604059, 0.3519418984964744, 0.010147865341806471, 0.052791284774471155, 0.5214460708112074, 0.0], [0.5159223807218145, 0.3791575105218071, 0.010130731125926476, 0.05687362657827106, 0.03791575105218072, 0.0], [0.5395323423859728, 0.36026772963777026, 0.01013299556681444, 0.05404015944566554, 0.03602677296377703, 0.0], [0.5504754397201556, 0.3515790510912943, 0.010050746415726461, 0.05273685766369414, 0.035157905109129424, 0.0], [0.0475654397566558, 0.35154687084516884, 0.010139341390133526, 0.05273203062677532, 0.5380163173812665, 0.0], [0.5423377136646577, 0.3580673846457859, 0.010078055528109869, 0.05371010769686788, 0.035806738464578595, 0.0], [0.12061395371847673, 0.6829678552434665, 0.010092389892768356, 0.10244517828651997, 0.08388062285876838, 0.0], [0.5243896399742485, 0.37240627940375376, 0.010102510771059278, 0.05586094191056306, 0.03724062794037537, 0.0], [0.545705483672212, 0.3553912507701787, 0.010055452865064696, 0.053308687615526804, 0.03553912507701787, 0.0], [0.5354731382718465, 0.3636363636363636, 0.009981407182698894, 0.054545454545454536, 0.03636363636363636, 0.0], [0.04193755468364658, 0.3646980966992765, 0.010112601838609814, 0.05470471450489148, 0.5285470322735756, 0.0], [0.5363288602829559, 0.3630092901815532, 0.009909526990102618, 0.05445139352723298, 0.03630092901815533, 0.0], [0.5577125694839719, 0.3459242125149868, 0.00988216487229482, 0.05188863187724802, 0.03459242125149868, 0.0], [0.579988761761295, 0.3282043924775534, 0.009755747641763209, 0.049230658871633005, 0.032820439247755344, 0.0], [0.6109848294067282, 0.22796606539420525, 0.10405758885051536, 0.034194909809130786, 0.022796606539420526, 0.0], [1.0, 0.0, 0.0, 0.0, 0.0, 0.0]], [[1.0, 0.0, 0.0, 0.0, 0.0, 0.0], [0.6006067458267039, 0.2401217770406746, 0.09924103287245267, 0.036018266556101186, 0.024012177704067463, 0.0], [0.5638812730957206, 0.3411133627369174, 0.009727023483132674, 0.051167004410537606, 0.03411133627369174, 0.0], [0.5312831389183457, 0.3671069121758411, 0.009833220861852886, 0.05506603682637616, 0.036710691217584114, 0.0], [0.5329111732258144, 0.3655972493630495, 0.010092265070373762, 0.05483958740445742, 0.036559724936304945, 0.0], [0.5014999074131227, 0.390741312264675, 0.010073452256033578, 0.05861119683970125, 0.0390741312264675, 0.0], [0.5056701619833397, 0.3841702389763407, 0.010133272401237849, 0.05762553584645111, 0.04240079079263053, 0.0], [0.5201039611586799, 0.37161641711681714, 0.010137703810087014, 0.05574246256752257, 0.04239945534689333, 0.0], [0.5100972141792239, 0.38387895664173677, 0.010054090018604992, 0.05758184349626051, 0.03838789566417368, 0.0], [0.5341865514062237, 0.3634272798469363, 0.010111724643859113, 0.05451409197704044, 0.03776035212594053, 0.0], [0.5568775605328362, 0.34649069008659816, 0.010009076858916176, 0.05197360351298973, 0.034649069008659814, 0.0], [0.044284432013726685, 0.33731546087051395, 0.010116488388354139, 0.050597319130577086, 0.5576862995968281, 0.0], [0.5665109778970984, 0.3387885697473429, 0.010003309918723108, 0.05081828546210143, 0.033878856974734285, 0.0], [0.02376391209393597, 0.2590217821281774, 0.11575406440651938, 0.03885326731922661, 0.5626069740521406, 0.0], [0.551311735258017, 0.2676743230198982, 0.11409536096711043, 0.04015114845298473, 0.02676743230198982, 0.0], [1.0, 0.0, 0.0, 0.0, 0.0, 0.0], [1.0, 0.0, 0.0, 0.0, 0.0, 0.0], [0.025667065232604144, 0.26882618699280303, 0.11925402791317558, 0.04032392804892045, 0.5459287918124968, 0.0], [0.5796152271796972, 0.3282104714769471, 0.010121683474119006, 0.049231570721542064, 0.03282104714769471, 0.0], [0.5616406026805123, 0.3425789061820711, 0.010135764591898841, 0.051386835927310665, 0.03425789061820712, 0.0], [0.5575393625072893, 0.34586895293869496, 0.010124446319341911, 0.05188034294080424, 0.0345868952938695, 0.0], [0.05624746898811698, 0.34916162948718904, 0.010136469676303767, 0.05237424442307836, 0.5320801874253118, 0.0], [0.5533378461783502, 0.3482190853524996, 0.01015390128815179, 0.052232862802874945, 0.036056304378123315, 0.0], [0.5559741858469803, 0.33846880789843453, 0.010146603499086061, 0.05077032118476518, 0.044640081570734014, 0.0], [0.5420941497950564, 0.3532480437212768, 0.010135386908458575, 0.05298720655819152, 0.04153521301701652, 0.0], [0.5473064667664179, 0.34965973544368606, 0.010140828267061695, 0.05244896031655291, 0.04044400920628134, 0.0], [0.5585556719452832, 0.3451106044734734, 0.010056072462875102, 0.05176659067102101, 0.03451106044734734, 0.0], [0.5778057914055837, 0.3296874420674057, 0.010084906010159059, 0.04945311631011085, 0.03296874420674057, 0.0], [0.5793001841620625, 0.32854511970534067, 0.010018416206261508, 0.049281767955801095, 0.03285451197053407, 0.0], [0.5676121904288995, 0.3374092235118863, 0.010129725032586433, 0.050611383526782946, 0.03423747749984483, 0.0], [0.548972158775233, 0.352762516204704, 0.010074695968886969, 0.0529143774307056, 0.0352762516204704, 0.0], [0.05579886616703948, 0.3488793107724051, 0.010118194398289827, 0.05233189661586076, 0.5328717320464048, 0.0], [0.5488612581558537, 0.3528745537363043, 0.01004554967376585, 0.05293118306044565, 0.03528745537363043, 0.0], [0.5449894229350125, 0.355979731391745, 0.010035912825306243, 0.053396959708761745, 0.0355979731391745, 0.0], [0.5482684908080376, 0.3534111036462469, 0.00996762963415379, 0.05301166554693703, 0.035341110364624694, 0.0], [0.5498852584417004, 0.35216551925108364, 0.009907842494445053, 0.052824827887662545, 0.03521655192510837, 0.0], [0.5602608999121509, 0.34393540079665946, 0.009819849092024985, 0.05159031011949892, 0.03439354007966594, 0.0], [0.6029579340042461, 0.30980340414302676, 0.009787810816970336, 0.04647051062145402, 0.030980340414302678, 0.0], [0.6277535104328753, 0.22196809208676258, 0.09478637445867158, 0.03329521381301438, 0.022196809208676258, 0.0], [1.0, 0.0, 0.0, 0.0, 0.0, 0.0]], [[1.0, 0.0, 0.0, 0.0, 0.0, 0.0], [0.009775611842884932, 0.2309495524087836, 0.10059649924028484, 0.03464243286131754, 0.624035903646729, 0.0], [0.029365175168689625, 0.3430699911066877, 0.010051167339618597, 0.051460498666003156, 0.5660531677190008, 0.0], [0.5317046622724799, 0.36674124690088894, 0.009868779101408962, 0.05501118703513334, 0.0366741246900889, 0.0], [0.5006023355869699, 0.39149354640442535, 0.010030731407498463, 0.058724031960663794, 0.03914935464044254, 0.0], [0.12278893617440961, 0.6752898361334799, 0.010059816457662471, 0.10129347542002198, 0.09056793581442597, 0.0], [0.48366614063645513, 0.4048361643699442, 0.010139542975011491, 0.060725424655491626, 0.040632727363097525, 0.0], [0.4922237299255924, 0.3935602841109604, 0.01013971936835513, 0.05903404261664406, 0.045042223978448134, 0.0], [0.13005304599877718, 0.6608595778597932, 0.010099284881519052, 0.09912893667896898, 0.09985915458094156, 0.0], [0.5058667558760485, 0.3872182780111264, 0.01011039661004349, 0.05808274170166896, 0.03872182780111264, 0.0], [0.5362530533086205, 0.36298469356442326, 0.010016079735850447, 0.054447704034663494, 0.03629846935644233, 0.0], [0.5598890239261469, 0.3440749334020795, 0.010017309321253637, 0.05161124001031193, 0.034407493340207956, 0.0], [0.558059942306752, 0.3455727766097883, 0.009974086931012567, 0.051835916491468244, 0.03455727766097884, 0.0], [0.5824597667208031, 0.3260002952901226, 0.01003986416654363, 0.04890004429351838, 0.03260002952901226, 0.0], [0.0215258801545413, 0.26677579562313547, 0.1165319243314521, 0.040016369343470325, 0.5551500305474006, 0.0], [1.0, 0.0, 0.0, 0.0, 0.0, 0.0], [1.0, 0.0, 0.0, 0.0, 0.0, 0.0], [0.5388930144185279, 0.2730143899848103, 0.1198389981004592, 0.04095215849772155, 0.02730143899848103, 0.0], [0.5502301192644369, 0