{"prediction": [[[1.0, 0.0, 0.0, 0.0, 0.0, 0.0], [1.0, 0.0, 0.0, 0.0, 0.0, 0.0], [1.0, 0.0, 0.0, 0.0, 0.0, 0.0], [1.0, 0.0, 0.0, 0.0, 0.0, 0.0], [1.0, 0.0, 0.0, 0.0, 0.0, 0.0], [1.0, 0.0, 0.0, 0.0, 0.0, 0.0], [1.0, 0.0, 0.0, 0.0, 0.0, 0.0], [1.0, 0.0, 0.0, 0.0, 0.0, 0.0], [1.0, 0.0, 0.0, 0.0, 0.0, 0.0], [1.0, 0.0, 0.0, 0.0, 0.0, 0.0], [1.0, 0.0, 0.0, 0.0, 0.0, 0.0], [1.0, 0.0, 0.0, 0.0, 0.0, 0.0], [1.0, 0.0, 0.0, 0.0, 0.0, 0.0], [1.0, 0.0, 0.0, 0.0, 0.0, 0.0], [1.0, 0.0, 0.0, 0.0, 0.0, 0.0], [1.0, 0.0, 0.0, 0.0, 0.0, 0.0], [1.0, 0.0, 0.0, 0.0, 0.0, 0.0], [1.0, 0.0, 0.0, 0.0, 0.0, 0.0], [1.0, 0.0, 0.0, 0.0, 0.0, 0.0], [1.0, 0.0, 0.0, 0.0, 0.0, 0.0], [1.0, 0.0, 0.0, 0.0, 0.0, 0.0], [1.0, 0.0, 0.0, 0.0, 0.0, 0.0], [1.0, 0.0, 0.0, 0.0, 0.0, 0.0], [1.0, 0.0, 0.0, 0.0, 0.0, 0.0], [1.0, 0.0, 0.0, 0.0, 0.0, 0.0], [1.0, 0.0, 0.0, 0.0, 0.0, 0.0], [1.0, 0.0, 0.0, 0.0, 0.0, 0.0], [1.0, 0.0, 0.0, 0.0, 0.0, 0.0], [1.0, 0.0, 0.0, 0.0, 0.0, 0.0], [1.0, 0.0, 0.0, 0.0, 0.0, 0.0], [1.0, 0.0, 0.0, 0.0, 0.0, 0.0], [1.0, 0.0, 0.0, 0.0, 0.0, 0.0], [1.0, 0.0, 0.0, 0.0, 0.0, 0.0], [1.0, 0.0, 0.0, 0.0, 0.0, 0.0], [1.0, 0.0, 0.0, 0.0, 0.0, 0.0], [1.0, 0.0, 0.0, 0.0, 0.0, 0.0], [1.0, 0.0, 0.0, 0.0, 0.0, 0.0], [1.0, 0.0, 0.0, 0.0, 0.0, 0.0], [1.0, 0.0, 0.0, 0.0, 0.0, 0.0], [1.0, 0.0, 0.0, 0.0, 0.0, 0.0]], [[1.0, 0.0, 0.0, 0.0, 0.0, 0.0], [0.009822913216435311, 0.19247212691020338, 0.08042247321186606, 0.028870819036530507, 0.6884116676249645, 0.0], [0.6221226596710874, 0.22456841046463, 0.09716682724812509, 0.0336852615696945, 0.022456841046463002, 0.0], [0.5953884708082163, 0.23640356781297198, 0.10910706942556885, 0.0354605351719458, 0.0236403567812972, 0.0], [0.5732019619701313, 0.2524284458221217, 0.11126248075221667, 0.03786426687331825, 0.02524284458221217, 0.0], [0.00974329271958191, 0.2541977456171404, 0.11285463877488902, 0.038129661842571064, 0.5850746610458175, 0.0], [0.009736716922382522, 0.2491553671224655, 0.10786108562461325, 0.037373305068369826, 0.595873525262169, 0.0], [0.622704811105606, 0.22490299666542338, 0.09616644306261471, 0.033735449499813504, 0.02249029966654234, 0.0], [0.009829816162168617, 0.20466546752891604, 0.09050151946416261, 0.030699820129337405, 0.6643033767154153, 0.0], [0.6790352731143634, 0.19266176098390383, 0.08013752565575667, 0.028899264147585577, 0.019266176098390382, 0.0], [0.7311483964650763, 0.16222532303259257, 0.06606994974418316, 0.024333798454888887, 0.01622253230325926, 0.0], [0.009916538944860498, 0.15152285554482126, 0.06562213231252738, 0.02272842833172319, 0.7502100448660676, 0.0], [0.7634119802865047, 0.14465097204410168, 0.05577430465836816, 0.021697645806615252, 0.01446509720441017, 0.0], [0.009903889222556533, 0.14292679084901316, 0.05696971044037204, 0.021439018627351973, 0.7687605908607062, 0.0], [0.009887395298208965, 0.15663296143070343, 0.06436928660498299, 0.023494944214605514, 0.7456154124514992, 0.0], [0.7277627011795086, 0.16309229812476989, 0.0683719261645292, 0.02446384471871548, 0.01630922981247699, 0.0], [0.6939474533508914, 0.18162586955446303, 0.07902020970602995, 0.027243880433169453, 0.018162586955446307, 0.0], [0.6846196040280264, 0.18582061677390943, 0.08310462500458671, 0.027873092516086415, 0.018582061677390946, 0.0], [0.6672063061893404, 0.19699811063672623, 0.08654605551475189, 0.02954971659550893, 0.019699811063672624, 0.0], [0.648795380707441, 0.20795022622746587, 0.09126683650822663, 0.03119253393411988, 0.020795022622746587, 0.0], [0.009813379717223378, 0.20888109424511467, 0.09089399380460211, 0.0313321641367672, 0.6590793680962926, 0.0], [0.6712313780949254, 0.19330299269843368, 0.0871398810320323, 0.02899544890476505, 0.01933029926984337, 0.0], [0.6920657836596807, 0.18253370332602856, 0.07976708718278358, 0.02738005549890428, 0.018253370332602856, 0.0], [0.009900032637470232, 0.17077858498434612, 0.07728552951273467, 0.025616787747651918, 0.7164190651177971, 0.0], [0.7250165304337729, 0.16291068351862428, 0.07134511516794684, 0.024436602527793644, 0.016291068351862427, 0.0], [0.7440313939057216, 0.1536890588749506, 0.06385728250059021, 0.023053358831242588, 0.01536890588749506, 0.0], [0.7580477673935617, 0.14594802202022789, 0.05951720508115336, 0.02189220330303418, 0.014594802202022788, 0.0], [0.009916353427073183, 0.14182792704997912, 0.058355376119541516, 0.021274189057496867, 0.7686261543459093, 0.0], [0.7112205770485827, 0.17445742238101256, 0.07070764497515168, 0.026168613357151885, 0.017445742238101254, 0.0], [0.682858603882484, 0.18874813630549542, 0.08120622573564668, 0.02831222044582431, 0.018874813630549544, 0.0], [0.6482263385235993, 0.20744551342414083, 0.09246676969622482, 0.03111682701362112, 0.020744551342414087, 0.0], [0.5868862088468607, 0.23983040663526153, 0.11332578285906242, 0.03597456099528923, 0.023983040663526155, 0.0], [0.5314570173205446, 0.27545837996040284, 0.12422000772895186, 0.04131875699406043, 0.02754583799604029, 0.0], [0.47318561882395654, 0.3078179776045744, 0.1420419091703255, 0.046172696640686156, 0.03078179776045744, 0.0], [0.5073480196191026, 0.29132392367422927, 0.12849707578811076, 0.04369858855113439, 0.029132392367422932, 0.0], [0.5379943548349964, 0.2712073562117535, 0.12299644990031172, 0.04068110343176303, 0.027120735621175354, 0.0], [0.5616562528426791, 0.2598694390339896, 0.11350694836483384, 0.03898041585509845, 0.02598694390339897, 0.0], [0.009789039873971376, 0.2325710490198518, 0.10457466296339542, 0.03488565735297777, 0.6181795907898037, 0.0], [0.009811376993801732, 0.20291494386402026, 0.08627133281872168, 0.03043724157960304, 0.6705651047438534, 0.0], [1.0, 0.0, 0.0, 0.0, 0.0, 0.0]], [[1.0, 0.0, 0.0, 0.0, 0.0, 0.0], [0.009801788082605916, 0.2168025050183108, 0.0949779586511278, 0.03252037575274662, 0.6458973724952088, 0.0], [0.5817805717610174, 0.3269976197786925, 0.009472403515616883, 0.04904964296680387, 0.03269976197786925, 0.0], [0.5224650814967582, 0.37450590484120405, 0.009402537451736743, 0.05617588572618061, 0.03745059048412041, 0.0], [0.48371541592093115, 0.40555853216447596, 0.009336418873473853, 0.0608337798246714, 0.0405558532164476, 0.0], [0.5257502387880673, 0.37183374427093746, 0.009457580873260919, 0.05577506164064062, 0.03718337442709375, 0.0], [0.5516036754346292, 0.35110934920537423, 0.009509638058652847, 0.05266640238080613, 0.03511093492053743, 0.0], [0.5863966484115413, 0.32321702961157667, 0.009582064573987664, 0.0484825544417365, 0.032321702961157675, 0.0], [0.6160196198997802, 0.29948146734610703, 0.009628545917586058, 0.04492222010191605, 0.029948146734610704, 0.0], [0.015212262757623855, 0.28790068804719837, 0.01005092415727018, 0.04318510320707975, 0.6436510218308278, 0.0], [0.6811857114363596, 0.24727649187459044, 0.00971867372040233, 0.037091473781188565, 0.024727649187459046, 0.0], [0.7024334676449622, 0.23025530956361975, 0.009747395400513278, 0.03453829643454297, 0.023025530956361978, 0.0], [0.7190266014553264, 0.2169629011093881, 0.009769772157938686, 0.03254443516640821, 0.02169629011093881, 0.0], [0.7218195928601278, 0.214721509163632, 0.009778520685332219, 0.0322082263745448, 0.021472150916363203, 0.0], [0.6920807536654568, 0.2385683809845488, 0.00970877010385718, 0.03578525714768232, 0.023856838098454878, 0.0], [0.01289392922315553, 0.25202218149534145, 0.010068583892234311, 0.037803327224301214, 0.6872119781649675, 0.0], [0.6562767227618895, 0.2672335342829817, 0.009681359384383284, 0.04008503014244725, 0.02672335342829817, 0.0], [0.6359234299753417, 0.28352611122227, 0.009668930996820854, 0.0425289166833405, 0.028352611122227, 0.0], [0.612859459280585, 0.30198597854708253, 0.009658067535561829, 0.04529789678206237, 0.030198597854708256, 0.0], [0.01792116455164192, 0.3336282551463202, 0.010027505305155698, 0.050044238271948024, 0.5883788367249342, 0.0], [0.6018574289629418, 0.3108106581939195, 0.009629248294658858, 0.04662159872908793, 0.031081065819391955, 0.0], [0.01481604312547864, 0.29686051970950744, 0.010045473478056312, 0.04452907795642611, 0.6337488857305316, 0.0], [0.6611261785694325, 0.26335159427181865, 0.009684328590794253, 0.039502739140772805, 0.02633515942718187, 0.0], [0.6772927980126181, 0.2504108821279528, 0.009693599327440867, 0.03756163231919293, 0.025041088212795284, 0.0], [0.6904119805170376, 0.2399169802070857, 0.009691794224105174, 0.035987547031062855, 0.023991698020708573, 0.0], [0.7274666860047108, 0.21020581181379566, 0.00977604922804468, 0.03153087177206935, 0.021020581181379564, 0.0], [0.7354440188358463, 0.20381787304662605, 0.009783639855871306, 0.030572680956993906, 0.020381787304662606, 0.0], [0.7335690983778453, 0.20531909252591685, 0.00978203596475849, 0.030797863878887523, 0.020531909252591685, 0.0], [0.010067232942370923, 0.24988538721413212, 0.010067232942370923, 0.03748280808211982, 0.6924973388190062, 0.0], [0.6577363560065292, 0.2660872569835514, 0.009654572764031536, 0.039913088547532706, 0.026608725698355144, 0.0], [0.6214919746226454, 0.2951313179624966, 0.009593877924233685, 0.04426969769437449, 0.02951313179624966, 0.0], [0.5589220888020106, 0.3452480685097272, 0.009517825560830306, 0.051787210276459085, 0.03452480685097272, 0.0], [0.4780058880317315, 0.41007413621581046, 0.009401441698505363, 0.06151112043237157, 0.04100741362158105, 0.0], [0.04908191313908742, 0.7535568993952722, 0.00897196261682243, 0.11303353490929083, 0.07535568993952722, 0.0], [0.45694617254090264, 0.4268520994918428, 0.009488703094293989, 0.06402781492377642, 0.04268520994918428, 0.0], [0.03538337717404107, 0.4002591182128696, 0.010011385497232147, 0.06003886773193043, 0.49430725138392684, 0.0], [0.4880515879656971, 0.40202246807678804, 0.009420326938317675, 0.06030337021151821, 0.0402022468076788, 0.0], [0.0, 0.0, 0.0, 0.0, 0.0, 1.0], [0.6324185126564105, 0.22039314240557945, 0.09209005933661528, 0.033058971360836915, 0.022039314240557946, 0.0], [1.0, 0.0, 0.0, 0.0, 0.0, 0.0]], [[1.0, 0.0, 0.0, 0.0, 0.0, 0.0], [0.6093864834858564, 0.2331765638696824, 0.09914281167704082, 0.03497648458045236, 0.02331765638696824, 0.0], [0.5462630952298703, 0.35543948616263993, 0.009437547066829716, 0.053315922924395985, 0.035543948616264, 0.0], [0.4736757033677822, 0.41358728755594476, 0.009340187187286825, 0.06203809313339171, 0.04135872875559448, 0.0], [0.03979776327043207, 0.761094330226163, 0.008834323946864139, 0.11416414953392445, 0.0761094330226163, 0.0], [0.4738602533983952, 0.41338902954286616, 0.009403459673022137, 0.062008354431429914, 0.04133890295428662, 0.0], [0.5256880948483502, 0.3718167574772584, 0.009540958305076818, 0.055772513621588755, 0.03718167574772584, 0.0], [0.021964792452366617, 0.3604289768190362, 0.010024200582288123, 0.054064346522855425, 0.5535176836234537, 0.0], [0.585844172303244, 0.24567810254267922, 0.1070581995184071, 0.03685171538140188, 0.02456781025426792, 0.0], [0.011353981729793674, 0.23071873130414067, 0.10518251040417749, 0.0346078096956211, 0.6181369668662671, 0.0], [0.6496511588800895, 0.20827678786698897, 0.0900028562861743, 0.03124151818004834, 0.020827678786698896, 0.0], [0.015483311061691625, 0.2621314700762824, 0.010064152190099557, 0.03931972051144236, 0.673001346160484, 0.0], [0.6853909283550284, 0.24389371840191454, 0.009741923642578426, 0.036584057760287184, 0.024389371840191458, 0.0], [0.6878620530867092, 0.24189815533549275, 0.009765252743924719, 0.03628472330032391, 0.024189815533549274, 0.0], [0.015311025513780904, 0.2676229411347685, 0.010060968405132688, 0.04014344117021527, 0.6668616237761026, 0.0], [0.6528113573836095, 0.2699760608839608, 0.009718566511439564, 0.04049640913259412, 0.026997606088396083, 0.0], [0.6247872910096983, 0.2924019753674064, 0.009710239781043614, 0.043860296305110964, 0.02924019753674064, 0.0], [0.022212153150579683, 0.3134326888033018, 0.010047182356359768, 0.04701490332049526, 0.6072930723692636, 0.0], [0.02634327349576714, 0.3506702544632435, 0.010026171255851672, 0.052600538169486524, 0.5603597626156511, 0.0], [0.06025901984029348, 0.7444919140179391, 0.009126087637282754, 0.11167378710269087, 0.07444919140179392, 0.0], [0.5576417663075648, 0.3461583994317509, 0.009660234402746538, 0.05192375991476264, 0.034615839943175096, 0.0], [0.5980560455562528, 0.3138267015520855, 0.009660577503640477, 0.04707400523281282, 0.03138267015520855, 0.0], [0.6236933352220211, 0.29329931168701345, 0.009682525169212053, 0.04399489675305202, 0.029329931168701348, 0.0], [0.6428376275495052, 0.27796586009051705, 0.009705047337348395, 0.04169487901357756, 0.02779658600905171, 0.0], [0.6702615531925616, 0.2560191845610686, 0.009714466106102718, 0.038402877684160286, 0.025601918456106862, 0.0], [0.7001653141612774, 0.23206923072888433, 0.00974814742761724, 0.03481038460933265, 0.023206923072888432, 0.0], [0.7053378766678625, 0.22791513779765477, 0.00976820108506905, 0.03418727066964821, 0.022791513779765477, 0.0], [0.7116746225540073, 0.22283503985282163, 0.009781577629965569, 0.03342525597792324, 0.022283503985282165, 0.0], [0.6710671852142578, 0.2553727952807412, 0.009716820684815834, 0.038305919292111176, 0.025537279528074122, 0.0], [0.6401741970604246, 0.28013538141109084, 0.009656576175711817, 0.042020307211663624, 0.028013538141109084, 0.0], [0.6029865870092789, 0.30992173322622785, 0.00961124645793644, 0.046488259983934174, 0.030992173322622787, 0.0], [0.5590831619159564, 0.34506024096385535, 0.009591536879224214, 0.0517590361445783, 0.034506024096385535, 0.0], [0.4988482899736919, 0.39328851213095584, 0.009541069862613272, 0.05899327681964337, 0.03932885121309559, 0.0], [0.4494675577638593, 0.43281197149422074, 0.009517477868364885, 0.0649217957241331, 0.04328119714942208, 0.0], [0.4722251851851852, 0.41448296296296294, 0.009671111111111111, 0.06217244444444445, 0.041448296296296296, 0.0], [0.4652795777468838, 0.4200852988995971, 0.009613798628619902, 0.06301279483493957, 0.04200852988995971, 0.0], [0.03879059543563993, 0.7619334956791586, 0.008792534965411719, 0.1142900243518738, 0.07619334956791586, 0.0], [0.0, 0.0, 0.0, 0.0, 0.0, 1.0], [0.0, 0.0, 0.0, 0.0, 0.0, 1.0], [1.0, 0.0, 0.0, 0.0, 0.0, 0.0]], [[1.0, 0.0, 0.0, 0.0, 0.0, 0.0], [0.6109282264459235, 0.23067496455775283, 0.10072806785688539, 0.03460124468366292, 0.023067496455775285, 0.0], [0.015232344683960685, 0.3620987917958885, 0.010012695253189978, 0.05431481876938327, 0.5583413494975775, 0.0], [0.020997904614693346, 0.4116861904759574, 0.0099879543488912, 0.061752928571393605, 0.4955750219890645, 0.0], [0.46224647903610006, 0.4226544251983072, 0.009435489466016052, 0.06339816377974608, 0.04226544251983072, 0.0], [0.4860611036181318, 0.4034949862194336, 0.009570163607576381, 0.060524247932915026, 0.040349498621943355, 0.0], [0.02912716734613684, 0.39392897490053536, 0.010020138513679453, 0.0590893462350803, 0.507834373004568, 0.0], [0.5347824028034285, 0.3644457072500828, 0.009660463133967893, 0.05466685608751242, 0.036444570725008285, 0.0], [0.5572794897050737, 0.26108265148208587, 0.11636719594231897, 0.03916239772231288, 0.026108265148208586, 0.0], [1.0, 0.0, 0.0, 0.0, 0.0, 0.0], [0.6194516943687618, 0.22830803596379948, 0.09516326067648878, 0.03424620539456992, 0.02283080359637995, 0.0], [0.6369320151582168, 0.28265053615617264, 0.009754814646567286, 0.042397580423425896, 0.028265053615617267, 0.0], [0.6462976018353667, 0.2751616102474638, 0.009750385355303565, 0.04127424153711957, 0.02751616102474638, 0.0], [0.01904390705981316, 0.2841291729467979, 0.010064655544564469, 0.042619375942019685, 0.6441428885068047, 0.0], [0.021336810443183335, 0.29209698370598663, 0.010075716042614351, 0.043814547555898, 0.6326759422523177, 0.0], [0.6230126780027639, 0.2937451180676561, 0.009805924412665985, 0.04406176771014841, 0.02937451180676561, 0.0], [0.5986326137193625, 0.3132775363099728, 0.00977046589317145, 0.04699163044649592, 0.03132775363099728, 0.0], [0.029451157696889874, 0.32840260768542023, 0.010063712177831715, 0.049260391152813034, 0.5828221312870452, 0.0], [0.5736802902520484, 0.33321319589610515, 0.009803214877820227, 0.04998197938441577, 0.033321319589610515, 0.0], [0.5361400494039308, 0.3632978913829521, 0.009737586367379087, 0.054494683707442815, 0.03632978913829522, 0.0], [0.04305003579274765, 0.35002838735158354, 0.010071338648762066, 0.05250425810273753, 0.5443459801041692, 0.0], [0.5480068991950938, 0.3537753928708317, 0.009773859716366424, 0.05306630893062475, 0.03537753928708317, 0.0], [0.030014859573335568, 0.32720632628468777, 0.010054238674811915, 0.04908094894270316, 0.5836436265244617, 0.0], [0.02064466539875245, 0.3102119650371013, 0.010051340671468973, 0.046531794755565195, 0.612560234137112, 0.0], [0.019076725901461564, 0.29132674438666106, 0.010055948537204545, 0.04369901165799916, 0.6358415695166737, 0.0], [0.6660434793029888, 0.25934181826897723, 0.00977924786078953, 0.03890127274034658, 0.02593418182689772, 0.0], [0.015978884200434387, 0.25807870685454676, 0.01006620387083538, 0.038711806028182014, 0.6771643990460015, 0.0], [0.6865554115452813, 0.24293351802411517, 0.009777690924574698, 0.036440027703617275, 0.024293351802411517, 0.0], [0.6454888965706316, 0.27582754222640743, 0.009726675646359054, 0.04137413133396112, 0.027582754222640747, 0.0], [0.6237444661303375, 0.29323558813728756, 0.00971104869805303, 0.043985338220593126, 0.029323558813728758, 0.0], [0.6062588904694168, 0.30725462304409673, 0.009672830725462305, 0.04608819345661452, 0.030725462304409673, 0.0], [0.5632702347551231, 0.34165571616294355, 0.00966012004119757, 0.05124835742444153, 0.034165571616294355, 0.0], [0.03128649064115134, 0.3855875208781896, 0.01005109305636988, 0.057838128131728436, 0.5152367672925607, 0.0], [0.03542526328755312, 0.41115969698835986, 0.010051117817330786, 0.06167395454825398, 0.48168996735850217, 0.0], [0.4901323947986915, 0.4001842425387677, 0.009637302027848968, 0.06002763638081515, 0.04001842425387677, 0.0], [0.4795215615177236, 0.4086975972122482, 0.009606441966966082, 0.06130463958183722, 0.04086975972122482, 0.0], [0.0, 0.0, 0.0, 0.0, 0.0, 1.0], [0.0, 0.0, 0.0, 0.0, 0.0, 1.0], [1.0, 0.0, 0.0, 0.0, 0.0, 0.0], [1.0, 0.0, 0.0, 0.0, 0.0, 0.0]], [[1.0, 0.0, 0.0, 0.0, 0.0, 0.0], [0.6078166568884658, 0.23541479866130896, 0.09791484478489804, 0.03531221979919635, 0.023541479866130897, 0.0], [0.5606929530170112, 0.34384266161861526, 0.009503719959719827, 0.05157639924279229, 0.03438426616186152, 0.0], [0.5277154240192733, 0.37022527938080885, 0.009502976754715505, 0.05553379190712133, 0.03702252793808088, 0.0], [0.513931815778031, 0.381182941017475, 0.009589507950125158, 0.057177441152621244, 0.0381182941017475, 0.0], [0.507527189809343, 0.3861848310113057, 0.009741771426524838, 0.05792772465169585, 0.03861848310113057, 0.0], [0.49628277187078595, 0.39518371340946784, 0.009737586367379085, 0.05927755701142017, 0.03951837134094678, 0.0], [0.502460129025159, 0.29415307912158173, 0.12984852207286385, 0.044122961868237255, 0.029415307912158174, 0.0], [0.5321550518109496, 0.27488497014276403, 0.12423873551059535, 0.0412327455214146, 0.027488497014276404, 0.0], [1.0, 0.0, 0.0, 0.0, 0.0, 0.0], [0.009741271970424485, 0.253118150029156, 0.1112468943591362, 0.0379677225043734, 0.5879259611369099, 0.0], [0.577655263607909, 0.2448854382953954, 0.11623793852284686, 0.03673281574430931, 0.024488543829539543, 0.0], [0.6030281182408075, 0.30973323720259555, 0.009805335255948091, 0.04645998558038933, 0.030973323720259554, 0.0], [0.6074131014437051, 0.30622883086310027, 0.009800859977419588, 0.045934324629465034, 0.030622883086310025, 0.0], [0.02936821261794872, 0.31934223114365456, 0.01008605281828542, 0.04790133467154819, 0.5933021687485631, 0.0], [0.5957724362845754, 0.3154970407053992, 0.009856262833675564, 0.04732455610580988, 0.03154970407053992, 0.0], [0.5829881047556751, 0.3257019647745718, 0.009884439276110182, 0.04885529471618577, 0.03257019647745718, 0.0], [0.5761044298060071, 0.33122620414576665, 0.009862815011784614, 0.04968393062186499, 0.03312262041457667, 0.0], [0.5827189051130066, 0.3259601946894125, 0.0098308515252277, 0.04889402920341187, 0.03259601946894125, 0.0], [0.5570435137699523, 0.34652478351208854, 0.009800506839937067, 0.05197871752681328, 0.034652478351208854, 0.0], [0.5436752095344217, 0.3571532386996753, 0.009883242090983962, 0.0535729858049513, 0.035715323869967536, 0.0], [0.08865896200669214, 0.7213270367118347, 0.00968224210351456, 0.10819905550677521, 0.07213270367118346, 0.0], [0.031689238472608273, 0.35168647860113944, 0.01005381749364244, 0.05275297179017092, 0.5538174936424389, 0.0], [0.5969542175593067, 0.3146271727817588, 0.009761816463494874, 0.047194075917263816, 0.03146271727817588, 0.0], [0.6227221058929107, 0.2940113670355968, 0.009763685312593482, 0.04410170505533952, 0.02940113670355968, 0.0], [0.646488378504729, 0.2749841170900112, 0.009781475132757154, 0.041247617563501676, 0.02749841170900112, 0.0], [0.6555797848122499, 0.2677146485825885, 0.009776904459514511, 0.04015719728738827, 0.026771464858258848, 0.0], [0.6716563149485217, 0.2548324703564435, 0.009803097105923907, 0.038224870553466524, 0.025483247035644353, 0.0], [0.6385314065233543, 0.2813526014331248, 0.009777841685239774, 0.04220289021496872, 0.028135260143312482, 0.0], [0.6106180949537174, 0.30370856972230514, 0.009746192893401015, 0.04555628545834578, 0.03037085697223052, 0.0], [0.02563494650742376, 0.31492951624534465, 0.010076163945114541, 0.0472394274368017, 0.6021199458653153, 0.0], [0.027168802890087593, 0.3513633889246301, 0.010095511456425992, 0.05270450833869451, 0.5586677883901618, 0.0], [0.03574452538527809, 0.37408324426001677, 0.010071661848890513, 0.056112486639002514, 0.5239880818668121, 0.0], [0.5080289161263938, 0.3857247675523533, 0.009815124433164537, 0.057858715132853, 0.038572476755235334, 0.0], [0.4956979702941002, 0.3957157228238357, 0.009657376176105096, 0.059357358423575354, 0.03957157228238358, 0.0], [0.0, 0.0, 0.0, 0.0, 0.0, 1.0], [0.0, 0.0, 0.0, 0.0, 0.0, 1.0], [1.0, 0.0, 0.0, 0.0, 0.0, 0.0], [0.5648282983277955, 0.2566112040596634, 0.11440769659762552, 0.03849168060894951, 0.025661120405966343, 0.0], [1.0, 0.0, 0.0, 0.0, 0.0, 0.0]], [[1.0, 0.0, 0.0, 0.0, 0.0, 0.0], [0.6105198839044758, 0.23357975086678182, 0.09750542751204701, 0.03503696263001727, 0.023357975086678185, 0.0], [0.011116422290649977, 0.25301943778935926, 0.11838313087750622, 0.037952915668403885, 0.5795280933740806, 0.0], [0.5292104455907535, 0.2787631521843233, 0.12233561417884241, 0.0418144728276485, 0.027876315218432333, 0.0], [0.5163753199317416, 0.283226304029867, 0.12959180003092463, 0.042483945604480045, 0.028322630402986698, 0.0], [0.47499546400303494, 0.3092960839618929, 0.13838443104459888, 0.04639441259428394, 0.03092960839618929, 0.0], [0.056390369505590524, 0.4449674855529021, 0.3668994269152643, 0.06674512283293532, 0.06499759519330785, 0.0], [0.46768259670090667, 0.31690069274676214, 0.13619153736564057, 0.04753510391201432, 0.031690069274676214, 0.0], [1.0, 0.0, 0.0, 0.0, 0.0, 0.0], [1.0, 0.0, 0.0, 0.0, 0.0, 0.0], [1.0, 0.0, 0.0, 0.0, 0.0, 0.0], [0.5475573291658618, 0.2651765264470094, 0.12097201277537656, 0.03977647896705141, 0.02651765264470094, 0.0], [0.5601165605018844, 0.3440461425457873, 0.009825761315881369, 0.0516069213818681, 0.034404614254578726, 0.0], [0.5768922366662618, 0.33055521807799787, 0.009913740736241041, 0.04958328271169968, 0.03305552180779979, 0.0], [0.5747958134188397, 0.33226450480972836, 0.00987355556899994, 0.049839675721459246, 0.03322645048097284, 0.0], [0.5758142565798207, 0.3314709112191825, 0.00984710439620114, 0.04972063668287737, 0.03314709112191826, 0.0], [0.0344087722594105, 0.34547198354706976, 0.010085329800172044, 0.05182079753206047, 0.5582131168612872, 0.0], [0.03611921319489284, 0.3392732121607948, 0.010093588344874165, 0.050890981824119226, 0.563623004475319, 0.0], [0.5704621511076994, 0.3358002183013278, 0.00978757601564093, 0.05037003274519916, 0.033580021830132784, 0.0], [0.5543078274494907, 0.34880463426794234, 0.009686379715581303, 0.05232069514019135, 0.03488046342679424, 0.0], [0.540447178516503, 0.3599195551875074, 0.009653377499112742, 0.05398793327812611, 0.03599195551875074, 0.0], [0.521383097058197, 0.3751686270797339, 0.009656119092135469, 0.056275294061960086, 0.0375168627079734, 0.0], [0.574317394819078, 0.33266973130150457, 0.009845441054041337, 0.049900459695225684, 0.033266973130150465, 0.0], [0.5970751871567791, 0.31449548780927433, 0.009805453081627995, 0.04717432317139115, 0.031449548780927435, 0.0], [0.02668962336057385, 0.3167727755974948, 0.010064109363321748, 0.04751591633962422, 0.5989575753389853, 0.0], [0.023433560418046808, 0.2940565767226633, 0.010085329800172044, 0.0441084865083995, 0.6283160465507183, 0.0], [0.6402766271656521, 0.2799409285740014, 0.009797212116846164, 0.0419911392861002, 0.027994092857400142, 0.0], [0.02251399702617314, 0.2747697263436032, 0.010094187677668837, 0.041215458951540475, 0.6514066300010144, 0.0], [0.6358210035090258, 0.283471403248562, 0.009839742430271678, 0.0425207104872843, 0.0283471403248562, 0.0], [0.02548539785675227, 0.31438588851251875, 0.010095186723839735, 0.04715788327687782, 0.6028756436300113, 0.0], [0.6008424599831508, 0.3114694909134673, 0.009820676375015044, 0.04672042363702009, 0.031146949091346732, 0.0], [0.03500704590966402, 0.33672031447007345, 0.010086775940072684, 0.050508047170511015, 0.5676778165096787, 0.0], [0.5341655320328221, 0.3648018507584977, 0.009832154519055824, 0.054720277613774654, 0.03648018507584977, 0.0], [0.5095726165151808, 0.3844517501450397, 0.009862695803519629, 0.05766776252175595, 0.038445175014503966, 0.0], [0.033473257135251185, 0.41099638400086763, 0.010056766503079885, 0.061649457600130145, 0.48382413476067115, 0.0], [0.0, 0.0, 0.0, 0.0, 0.0, 1.0], [1.0, 0.0, 0.0, 0.0, 0.0, 0.0], [0.501949501171904, 0.2889135949132111, 0.136908505186582, 0.04333703923698167, 0.028891359491321114, 0.0], [0.5305211652441317, 0.27525524294606746, 0.12540978107328407, 0.04128828644191012, 0.027525524294606748, 0.0], [1.0, 0.0, 0.0, 0.0, 0.0, 0.0]], [[1.0, 0.0, 0.0, 0.0, 0.0, 0.0], [0.6083305159177429, 0.23398039078749042, 0.09919399559789414, 0.03509705861812357, 0.023398039078749044, 0.0], [0.5790582801828871, 0.24999053597241833, 0.10845354985159002, 0.03749858039586275, 0.024999053597241833, 0.0], [1.0, 0.0, 0.0, 0.0, 0.0, 0.0], [1.0, 0.0, 0.0, 0.0, 0.0, 0.0], [0.5116814089088096, 0.28907825184359665, 0.12697077628669454, 0.0433617377765395, 0.028907825184359665, 0.0], [0.020906836439170746, 0.3065693711955821, 0.13924531137698015, 0.04598540567933731, 0.4872930753089298, 0.0], [1.0, 0.0, 0.0, 0.0, 0.0, 0.0], [1.0, 0.0, 0.0, 0.0, 0.0, 0.0], [1.0, 0.0, 0.0, 0.0, 0.0, 0.0], [0.5398327242876438, 0.26818840507669056, 0.12493176936649306, 0.04022826076150358, 0.026818840507669056, 0.0], [0.50320865650447, 0.2884598642245924, 0.13621651321478942, 0.04326897963368886, 0.028845986422459242, 0.0], [0.10004571593561272, 0.7121099107336205, 0.00981689564736171, 0.10681648661004306, 0.07121099107336205, 0.0], [0.048483227725076815, 0.3650356195725651, 0.010102735910026223, 0.054755342935884764, 0.5216230738564471, 0.0], [0.5511699822250359, 0.3511164138401227, 0.009934500474810683, 0.052667462076018405, 0.03511164138401227, 0.0], [0.5499725526075022, 0.3520585544373285, 0.009954254345837145, 0.05280878316559927, 0.03520585544373284, 0.0], [0.5510393739300562, 0.351186109073123, 0.009977989728539985, 0.05267791636096845, 0.0351186109073123, 0.0], [0.5547852243131214, 0.3481897215802795, 0.009977623711529292, 0.05222845823704192, 0.034818972158027955, 0.0], [0.5755744237594023, 0.3316335800196219, 0.009883601216070544, 0.04974503700294328, 0.03316335800196219, 0.0], [0.0, 0.0, 0.0, 0.0, 0.0, 1.0], [0.0, 0.0, 0.0, 0.0, 0.0, 1.0], [0.0, 0.0, 0.0, 0.0, 0.0, 1.0], [0.5945483260395191, 0.3164912534509988, 0.00983760714673225, 0.04747368801764982, 0.031649125345099886, 0.0], [0.5979329102447869, 0.3137624660018133, 0.00986400725294651, 0.04706436990027199, 0.03137624660018133, 0.0], [0.5940899027817884, 0.3168736163249591, 0.009818076812012706, 0.047531042448743864, 0.03168736163249591, 0.0], [0.6191253420383083, 0.29686524890787763, 0.009793096826844606, 0.04452978733618164, 0.029686524890787765, 0.0], [0.6274189675870349, 0.2902280912364946, 0.00979591836734694, 0.04353421368547419, 0.029022809123649462, 0.0], [0.6486199703375013, 0.2732326094558258, 0.00983926784271641, 0.040984891418373866, 0.02732326094558258, 0.0], [0.6369562068466033, 0.28255516392255325, 0.009849838250205207, 0.04238327458838299, 0.028255516392255327, 0.0], [0.029339610952793957, 0.31074216330070625, 0.01011027134184116, 0.04661132449510594, 0.6031966299095527, 0.0], [0.029413223550419126, 0.3025643569267397, 0.010118545707058182, 0.045384653539010965, 0.612519220276772, 0.0], [0.5969413640646517, 0.3145611364789447, 0.009857215336667391, 0.0471841704718417, 0.03145611364789447, 0.0], [0.04141565333564244, 0.354037036578879, 0.010094137730550849, 0.05310555548683185, 0.5413476168680957, 0.0], [0.04338523860641654, 0.3749972109489467, 0.010114958486524545, 0.056249581642342006, 0.5152530103157702, 0.0], [0.5139919771324254, 0.3809661069875814, 0.009800389133097933, 0.0571449160481372, 0.03809661069875814, 0.0], [0.4860522433482183, 0.3039614665275529, 0.13399592349234052, 0.04559421997913293, 0.03039614665275529, 0.0], [1.0, 0.0, 0.0, 0.0, 0.0, 0.0], [0.49719968526615044, 0.2915370740144153, 0.13837897221583018, 0.043730561102162294, 0.02915370740144153, 0.0], [0.5324349946458792, 0.27324158295910317, 0.12601302665524208, 0.04098623744386547, 0.027324158295910318, 0.0], [1.0, 0.0, 0.0, 0.0, 0.0, 0.0]], [[1.0, 0.0, 0.0, 0.0, 0.0, 0.0], [0.6133744323767342, 0.22888353222688493, 0.10052115233965964, 0.03433252983403273, 0.022888353222688496, 0.0], [1.0, 0.0, 0.0, 0.0, 0.0, 0.0], [0.5495777714057712, 0.2663924936723012, 0.1174316115038523, 0.03995887405084518, 0.02663924936723012, 0.0], [0.5273490288917754, 0.27810189949639996, 0.12502359673772465, 0.04171528492445999, 0.027810189949639998, 0.0], [0.5194188291907186, 0.28435200318429177, 0.1251411668289166, 0.04265280047764376, 0.028435200318429176, 0.0], [0.5014019156813125, 0.2980720475840976, 0.12600802483856555, 0.04471080713761464, 0.02980720475840976, 0.0], [1.0, 0.0, 0.0, 0.0, 0.0, 0.0], [1.0, 0.0, 0.0, 0.0, 0.0, 0.0], [0.5285647630109613, 0.27489527742677217, 0.12781614020557344, 0.041234291614015824, 0.027489527742677215, 0.0], [0.5454594524778452, 0.26506688360383013, 0.1232069430173672, 0.039760032540574516, 0.026506688360383016, 0.0], [0.5396735865020295, 0.3602565202996824, 0.010005763123367626, 0.05403847804495236, 0.03602565202996824, 0.0], [0.04864133325746011, 0.3692881689729652, 0.01009443742067331, 0.05539322534594478, 0.5165828350029567, 0.0], [0.05353557885344635, 0.3554167596103799, 0.010112276005650976, 0.05331251394155698, 0.5276228715889657, 0.0], [0.04913821985630793, 0.35761704450979664, 0.010125451364330119, 0.05364255667646949, 0.5294767275930958, 0.0], [0.5536306378409548, 0.34628634490438104, 0.010141029911067145, 0.051942951735657154, 0.03799903560793984, 0.0], [0.056301945247102976, 0.3687926360630343, 0.01012839226667461, 0.05531889540945514, 0.5094581310137328, 0.0], [0.052890232920448824, 0.3462672941386607, 0.010121583035432983, 0.051940094120799106, 0.5387807957846584, 0.0], [0.5572862333177452, 0.3463433936472535, 0.009784524623187884, 0.05195150904708802, 0.034634339364725354, 0.0], [0.5589916006320317, 0.34505126346928355, 0.009694320031363978, 0.05175768952039253, 0.03450512634692836, 0.0], [0.5410600788766999, 0.35950509177936996, 0.009558556399087637, 0.05392576376690549, 0.035950509177937, 0.0], [0.5586733175394946, 0.3452898248788676, 0.009714401361920977, 0.05179347373183014, 0.034528982487886765, 0.0], [0.5747259088286208, 0.3323716099249856, 0.009809578765147143, 0.049855741488747836, 0.03323716099249856, 0.0], [0.03997054280096307, 0.3331043870894155, 0.01011661381066559, 0.04996565806341232, 0.5668427982355435, 0.0], [0.5574475279569114, 0.3461584909306089, 0.00985435837982755, 0.05192377363959134, 0.03461584909306089, 0.0], [0.5958919023540513, 0.3153896402390342, 0.009871047347156027, 0.04730844603585513, 0.031538964023903424, 0.0], [0.6091404854978042, 0.3048115438444091, 0.009845084696684525, 0.045721731576661366, 0.030481154384440913, 0.0], [0.6383902721482339, 0.2814128546612623, 0.009843659525188187, 0.04221192819918934, 0.028141285466126233, 0.0], [0.02756627412358302, 0.29085636090538136, 0.010096086034490012, 0.0436284541358072, 0.6278528248007385, 0.0], [0.02952570618949955, 0.30595765339991476, 0.01010611419909045, 0.045893648009987215, 0.608516878201508, 0.0], [0.6211750975600862, 0.29512381924942555, 0.009920128378131953, 0.044268572887413836, 0.029512381924942557, 0.0], [0.6118137831512314, 0.30263269587572605, 0.009895347004110936, 0.04539490438135891, 0.030263269587572608, 0.0], [0.563183548754759, 0.34153793922933284, 0.009894027208574824, 0.051230690884399924, 0.03415379392293329, 0.0], [0.042996388105487116, 0.36811637227252486, 0.010093513433278908, 0.055217455840878726, 0.5235762703478304, 0.0], [0.5039196675039019, 0.29211555856158794, 0.13093588429411304, 0.04381733378423819, 0.029211555856158793, 0.0], [0.48390053099322644, 0.30494828806509494, 0.1349141089254047, 0.04574224320976424, 0.0304948288065095, 0.0], [1.0, 0.0, 0.0, 0.0, 0.0, 0.0], [0.4460321816600976, 0.32144759813745816, 0.15215832066807966, 0.048217139720618724, 0.03214475981374582, 0.0], [0.510242613486442, 0.286705534302569, 0.13137546863534694, 0.04300583014538535, 0.0286705534302569, 0.0], [1.0, 0.0, 0.0, 0.0, 0.0, 0.0]], [[1.0, 0.0, 0.0, 0.0, 0.0, 0.0], [1.0, 0.0, 0.0, 0.0, 0.0, 0.0], [0.600386976611314, 0.23784307995042037, 0.1023091734506605, 0.03567646199256305, 0.02378430799504204, 0.0], [0.01248916879256846, 0.25530184578296927, 0.11536506614902775, 0.03829527686744539, 0.5785486424079892, 0.0], [0.5577536096006, 0.26139133695855993, 0.11550721920120009, 0.03920870054378399, 0.026139133695855993, 0.0], [1.0, 0.0, 0.0, 0.0, 0.0, 0.0], [1.0, 0.0, 0.0, 0.0, 0.0, 0.0], [0.018578215010907444, 0.27794751363974807, 0.1267150377587706, 0.041692127045962216, 0.5350671065446116, 0.0], [0.5284735643621195, 0.2761246866568438, 0.1263705773168258, 0.04141870299852657, 0.027612468665684384, 0.0], [0.5441156567269351, 0.2657241814784899, 0.12372911642495256, 0.03985862722177348, 0.02657241814784899, 0.0], [0.5625015315999706, 0.3420001470335972, 0.009998284608032938, 0.05130002205503958, 0.034200014703359725, 0.0], [0.5439935597364263, 0.35620223222715847, 0.010137451921643462, 0.05343033483407377, 0.036236421280698095, 0.0], [0.05885228127023667, 0.367355344218855, 0.01012298935845555, 0.055103301632828255, 0.5085660835196245, 0.0], [0.05900159175169667, 0.362601533147422, 0.01013158646241256, 0.0543902299721133, 0.5138750586663555, 0.0], [0.054360237099993054, 0.36379161412671146, 0.010127386637806926, 0.05456874211900672, 0.5171520200164818, 0.0], [0.5270670476351242, 0.3680433330933662, 0.010128266552144438, 0.05520649996400493, 0.039554852755360165, 0.0], [0.1249099325851569, 0.6727665748719315, 0.010067809659175033, 0.10091498623078972, 0.09134069665294682, 0.0], [0.5352265980605581, 0.36374431031070653, 0.01009301405105878, 0.054561646546605974, 0.03637443103107065, 0.0], [0.564429272045389, 0.3406096740071161, 0.009808635445715934, 0.051091451101067414, 0.03406096740071161, 0.0], [0.0, 0.0, 0.0, 0.0, 0.0, 1.0], [0.5598642120381251, 0.34436017044712697, 0.009685574902966208, 0.051654025567069044, 0.0344360170447127, 0.0], [0.03447451031646022, 0.34015836574052377, 0.010061230478623584, 0.05102375486107857, 0.5642821386033139, 0.0], [0.5873398114645982, 0.32222854169439835, 0.009874511417403828, 0.048334281254159756, 0.03222285416943983, 0.0], [0.5599999999999999, 0.3440776699029126, 0.009902912621359224, 0.051611650485436894, 0.03440776699029126, 0.0], [0.08331565174340476, 0.7256524506683641, 0.00961878492114011, 0.10884786760025462, 0.07256524506683641, 0.0], [0.5611170161368249, 0.3432215673011885, 0.009856024736689535, 0.05148323509517828, 0.034322156730118854, 0.0], [0.6017027957248959, 0.3107541815107783, 0.009854477386631243, 0.04661312722661674, 0.031075418151077838, 0.0], [0.6287753250680375, 0.28908376171756883, 0.009869972785001513, 0.04336256425763532, 0.028908376171756883, 0.0], [0.026657747717616163, 0.29011359272610154, 0.010108142257237357, 0.04351703890891523, 0.6296034783901296, 0.0], [0.612139245712074, 0.30239252969494645, 0.00987009216924305, 0.04535887945424197, 0.030239252969494642, 0.0], [0.6242194225849086, 0.2927089522377563, 0.009894387117895987, 0.04390634283566344, 0.02927089522377563, 0.0], [0.619963403254929, 0.2961185637595279, 0.009888392045661104, 0.044417784563929176, 0.02961185637595279, 0.0], [0.5773075944305085, 0.3302432108190642, 0.009888392045661103, 0.04953648162285963, 0.03302432108190642, 0.0], [0.5373200225661655, 0.3621378988937673, 0.010007603816625379, 0.054320684834065096, 0.036213789889376735, 0.0], [0.49637841918698333, 0.2966670629960763, 0.1327877520679212, 0.04450005944941145, 0.02966670629960763, 0.0], [1.0, 0.0, 0.0, 0.0, 0.0, 0.0], [1.0, 0.0, 0.0, 0.0, 0.0, 0.0], [0.026745499790002063, 0.44979218848357083, 0.4110142646055344, 0.06746882827253563, 0.04497921884835709, 0.0], [0.4926587559230779, 0.297650866133278, 0.13527766141032457, 0.044647629919991695, 0.029765086613327805, 0.0], [1.0, 0.0, 0.0, 0.0, 0.0, 0.0]], [[1.0, 0.0, 0.0, 0.0, 0.0, 0.0], [0.00978235449762128, 0.226274873068536, 0.09843917398146293, 0.0339412309602804, 0.6315623674920994, 0.0], [0.5818298431356738, 0.2489537846132496, 0.1069779260977643, 0.03734306769198744, 0.02489537846132496, 0.0], [0.560393740454503, 0.25986757317490566, 0.11477179307686493, 0.038980135976235855, 0.02598675731749057, 0.0], [1.0, 0.0, 0.0, 0.0, 0.0, 0.0], [1.0, 0.0, 0.0, 0.0, 0.0, 0.0], [0.5290318453842348, 0.2793784816485023, 0.12174505255513728, 0.04190677224727535, 0.027937848164850232, 0.0], [0.5301169426766363, 0.27694406812089684, 0.12370297217224262, 0.041541610218134524, 0.027694406812089685, 0.0], [0.5514327474606041, 0.3508358205288822, 0.010022476878293232, 0.05262537307933233, 0.03508358205288822, 0.0], [0.5496955684940626, 0.3523416411460666, 0.009877380073354073, 0.052851246171909984, 0.035234164114606656, 0.0], [0.5451712637242252, 0.35591693648513767, 0.009932565669352678, 0.053387540472770646, 0.035591693648513764, 0.0], [0.5150447011184427, 0.3800021954164583, 0.009952554610984399, 0.05700032931246874, 0.038000219541645834, 0.0], [0.1297166896538087, 0.6611398656364471, 0.010084681665158907, 0.09917097984546706, 0.09988778319911808, 0.0], [0.5082682835534159, 0.3821927621842845, 0.010113805096068754, 0.057328914327642665, 0.04209623483858812, 0.0], [0.5250625103977077, 0.36912793339507816, 0.010130781435839627, 0.055369190009261715, 0.04030958476211286, 0.0], [0.5239730698176137, 0.3632846887282556, 0.010117416587107733, 0.05449270330923834, 0.04813212155778458, 0.0], [0.510594171655102, 0.38298284044366276, 0.010121583035432983, 0.057447426066549415, 0.03885397879925278, 0.0], [0.5434868943606037, 0.35544082605242255, 0.010127084988085785, 0.05331612390786339, 0.03762907069102463, 0.0], [0.5712146462816704, 0.33514479627080157, 0.009854358379827548, 0.05027171944062024, 0.03351447962708016, 0.0], [0.0, 0.0, 0.0, 0.0, 0.0, 1.0], [0.0, 0.0, 0.0, 0.0, 0.0, 1.0], [0.5721588533890715, 0.3344759629740221, 0.009746192893401017, 0.050171394446103315, 0.03344759629740221, 0.0], [0.036713589470819624, 0.32112020979193984, 0.01009376314292076, 0.04816803146879097, 0.5839044061255289, 0.0], [0.5820090321005738, 0.32642499694861465, 0.009959721713658002, 0.0489637495422922, 0.03264249969486147, 0.0], [0.5601616083417, 0.34397416201962033, 0.00987068913377445, 0.05159612430294305, 0.03439741620196204, 0.0], [0.5895355616012437, 0.3204430625728721, 0.009910610182666148, 0.048066459385930814, 0.032044306257287214, 0.0], [0.6052097428958051, 0.3079450995553837, 0.009858882659965203, 0.04619176493330755, 0.030794509955538365, 0.0], [0.02827005577271073, 0.29413730533393073, 0.010099984899532382, 0.04412059580008961, 0.6233720581937365, 0.0]