{"prediction": [[[1.0, 0.0, 0.0, 0.0, 0.0, 0.0], [1.0, 0.0, 0.0, 0.0, 0.0, 0.0], [1.0, 0.0, 0.0, 0.0, 0.0, 0.0], [1.0, 0.0, 0.0, 0.0, 0.0, 0.0], [1.0, 0.0, 0.0, 0.0, 0.0, 0.0], [1.0, 0.0, 0.0, 0.0, 0.0, 0.0], [1.0, 0.0, 0.0, 0.0, 0.0, 0.0], [1.0, 0.0, 0.0, 0.0, 0.0, 0.0], [1.0, 0.0, 0.0, 0.0, 0.0, 0.0], [1.0, 0.0, 0.0, 0.0, 0.0, 0.0], [1.0, 0.0, 0.0, 0.0, 0.0, 0.0], [1.0, 0.0, 0.0, 0.0, 0.0, 0.0], [1.0, 0.0, 0.0, 0.0, 0.0, 0.0], [1.0, 0.0, 0.0, 0.0, 0.0, 0.0], [1.0, 0.0, 0.0, 0.0, 0.0, 0.0], [1.0, 0.0, 0.0, 0.0, 0.0, 0.0], [1.0, 0.0, 0.0, 0.0, 0.0, 0.0], [1.0, 0.0, 0.0, 0.0, 0.0, 0.0], [1.0, 0.0, 0.0, 0.0, 0.0, 0.0], [1.0, 0.0, 0.0, 0.0, 0.0, 0.0], [1.0, 0.0, 0.0, 0.0, 0.0, 0.0], [1.0, 0.0, 0.0, 0.0, 0.0, 0.0], [1.0, 0.0, 0.0, 0.0, 0.0, 0.0], [1.0, 0.0, 0.0, 0.0, 0.0, 0.0], [1.0, 0.0, 0.0, 0.0, 0.0, 0.0], [1.0, 0.0, 0.0, 0.0, 0.0, 0.0], [1.0, 0.0, 0.0, 0.0, 0.0, 0.0], [1.0, 0.0, 0.0, 0.0, 0.0, 0.0], [1.0, 0.0, 0.0, 0.0, 0.0, 0.0], [1.0, 0.0, 0.0, 0.0, 0.0, 0.0], [1.0, 0.0, 0.0, 0.0, 0.0, 0.0], [1.0, 0.0, 0.0, 0.0, 0.0, 0.0], [1.0, 0.0, 0.0, 0.0, 0.0, 0.0], [1.0, 0.0, 0.0, 0.0, 0.0, 0.0], [1.0, 0.0, 0.0, 0.0, 0.0, 0.0], [1.0, 0.0, 0.0, 0.0, 0.0, 0.0], [1.0, 0.0, 0.0, 0.0, 0.0, 0.0], [1.0, 0.0, 0.0, 0.0, 0.0, 0.0], [1.0, 0.0, 0.0, 0.0, 0.0, 0.0], [1.0, 0.0, 0.0, 0.0, 0.0, 0.0]], [[1.0, 0.0, 0.0, 0.0, 0.0, 0.0], [0.7099658533551032, 0.17468527419507973, 0.07167755390104723, 0.02620279112926196, 0.017468527419507975, 0.0], [0.00982508048943714, 0.2011996233918891, 0.08725265917157721, 0.030179943508783363, 0.6715426934383132, 0.0], [0.6476480967868675, 0.21095408249852957, 0.0886593000899705, 0.03164311237477943, 0.021095408249852954, 0.0], [0.009797303128577978, 0.22946996561306746, 0.10361724448092612, 0.034420494841960116, 0.6226949919354684, 0.0], [1.0, 0.0, 0.0, 0.0, 0.0, 0.0], [1.0, 0.0, 0.0, 0.0, 0.0, 0.0], [0.00971313076832868, 0.2525376017046644, 0.10643137638452943, 0.03788064025569966, 0.5934372508867777, 0.0], [0.5945880129612132, 0.24106671209912303, 0.10407859691488312, 0.03616000681486845, 0.024106671209912306, 0.0], [0.6049995516284715, 0.23199161057376227, 0.10501093515432579, 0.03479874158606434, 0.023199161057376228, 0.0], [0.009792282162015406, 0.226842864427211, 0.10070691124826894, 0.03402642966408165, 0.6286315124984231, 0.0], [0.6548402389128403, 0.20722792370659504, 0.08612485645391575, 0.031084188555989257, 0.020722792370659503, 0.0], [0.6732827689449318, 0.19650076229953117, 0.0810912781806545, 0.029475114344929675, 0.019650076229953118, 0.0], [0.00979760389906605, 0.19812249405776575, 0.07990972605699743, 0.029718374108664857, 0.6824518018775059, 0.0], [0.6656575274842254, 0.20115715666066952, 0.0828960266899377, 0.03017357349910043, 0.020115715666066954, 0.0], [0.6826509801119134, 0.19040884775848826, 0.07933796018997633, 0.02856132716377324, 0.019040884775848827, 0.0], [0.6652895172100792, 0.20142565381457142, 0.08292841552170649, 0.03021384807218571, 0.020142565381457145, 0.0], [0.6312796968589395, 0.21836748394411581, 0.09576094821091576, 0.03275512259161737, 0.021836748394411583, 0.0], [0.5836423780709225, 0.2465110749575926, 0.10821877823208678, 0.03697666124363889, 0.024651107495759265, 0.0], [0.5542344809718995, 0.25777917595788186, 0.12354154908074798, 0.03866687639368228, 0.02577791759578819, 0.0], [0.5811034121793136, 0.2488461620265011, 0.10783888528756022, 0.03732692430397517, 0.02488461620265011, 0.0], [0.6243685093720552, 0.22152003495083525, 0.09873144693940068, 0.033228005242625286, 0.022152003495083526, 0.0], [0.6257805414727703, 0.22431275181754656, 0.09382851875529653, 0.03364691277263199, 0.022431275181754657, 0.0], [0.009804374348138998, 0.2122517155249718, 0.09170505670950188, 0.03183775732874577, 0.6544010960886416, 0.0], [0.6614896554177692, 0.20330122238195256, 0.08438381660478998, 0.03049518335729288, 0.020330122238195258, 0.0], [0.009842386688286619, 0.18381785190332792, 0.07688595475252875, 0.027572677785499187, 0.7018811288703575, 0.0], [0.6782212335380801, 0.1922731576329623, 0.08143731942071718, 0.028840973644944343, 0.01922731576329623, 0.0], [0.6630939346311121, 0.20091337916029378, 0.08576434141852074, 0.030137006874044067, 0.020091337916029378, 0.0], [0.6641678576007581, 0.2001144987439422, 0.08568901896931405, 0.030017174811591326, 0.02001144987439422, 0.0], [0.009788313585909831, 0.22275690293812986, 0.09675443673535566, 0.03341353544071948, 0.6372868112998852, 0.0], [0.5889779372223942, 0.24456457437365997, 0.1053163448105309, 0.03668468615604899, 0.024456457437366, 0.0], [0.5361179275144236, 0.2724820748814284, 0.12327947888379108, 0.04087231123221426, 0.027248207488142842, 0.0], [0.012581431152199783, 0.26901212715505035, 0.12092772207906713, 0.04035181907325755, 0.5571269005404254, 0.0], [0.5635306348650378, 0.2565176956330673, 0.11582224559362804, 0.038477654344960095, 0.02565176956330673, 0.0], [0.562528849415782, 0.25823123652535324, 0.11468210492752658, 0.03873468547880299, 0.025823123652535324, 0.0], [0.009777859510004603, 0.2517277700645663, 0.11673544369366333, 0.03775916550968495, 0.5839997612220807, 0.0], [0.5896991567732158, 0.2427520095602392, 0.10686083127648527, 0.03641280143403588, 0.02427520095602392, 0.0], [0.0098060532579568, 0.2227601232020436, 0.10006302177155016, 0.033414018480306534, 0.633956783288143, 0.0], [0.6668102160881857, 0.20092288386157206, 0.0820361790848493, 0.03013843257923581, 0.020092288386157207, 0.0], [1.0, 0.0, 0.0, 0.0, 0.0, 0.0]], [[1.0, 0.0, 0.0, 0.0, 0.0, 0.0], [0.009834370021233135, 0.20152751808561822, 0.08908505450414243, 0.03022912771284273, 0.6693239296761634, 0.0], [0.6243086777085243, 0.29289419903265074, 0.009573573500662316, 0.043934129854897606, 0.02928941990326507, 0.0], [0.5964896541799132, 0.31515922900231197, 0.009561309567196901, 0.04727388435034679, 0.031515922900231204, 0.0], [0.5572514640308289, 0.2586008172959379, 0.11949751434924848, 0.038790122594390686, 0.02586008172959379, 0.0], [0.5405855299050671, 0.27287656348392997, 0.11831876574002051, 0.0409314845225895, 0.027287656348392995, 0.0], [1.0, 0.0, 0.0, 0.0, 0.0, 0.0], [0.009714300783712963, 0.2764212439195717, 0.12418578000896628, 0.041463186587935755, 0.5482154886998132, 0.0], [0.5451477788921008, 0.35617957642616954, 0.009627750575187305, 0.053426936463925434, 0.03561795764261695, 0.0], [0.02599587499417545, 0.38733853741321417, 0.010005959431720363, 0.05810078061198213, 0.5185588475489079, 0.0], [0.5546814456473241, 0.3485898128361083, 0.009581288307540568, 0.05228847192541625, 0.034858981283610826, 0.0], [0.6065225209428908, 0.307079128376044, 0.009628568587054225, 0.046061869256406596, 0.030707912837604406, 0.0], [0.017194574594400186, 0.30063408073074477, 0.010050696897586356, 0.04509511210961171, 0.6270255356676571, 0.0], [0.017627496531125334, 0.2826308103035179, 0.010053581680796566, 0.042394621545527686, 0.6472934899390326, 0.0], [0.6282321884725012, 0.28967615059746304, 0.009672623280670116, 0.04345142258961945, 0.028967615059746304, 0.0], [0.017041522704381296, 0.2849283492625601, 0.010052528277353244, 0.042739252389384016, 0.6452383473663212, 0.0], [0.014364889847860073, 0.29925214022100277, 0.010045091979570372, 0.044887821033150414, 0.6314500569184163, 0.0], [0.01654440011330705, 0.33599369250882327, 0.010026299214067355, 0.05039905387632349, 0.5870365542874788, 0.0], [0.52690903051351, 0.3708517693954215, 0.009526257742213, 0.05562776540931323, 0.03708517693954216, 0.0], [0.043926889997934135, 0.7577605984495112, 0.008872361940176795, 0.11366408976742667, 0.07577605984495112, 0.0], [0.5282866399420718, 0.36974932628640095, 0.009526702199926842, 0.055462398942960144, 0.0369749326286401, 0.0], [0.02018607534071983, 0.33338948762239956, 0.010027715334099192, 0.05000842314335994, 0.5863882985594214, 0.0], [0.020635251298055574, 0.32657741756708425, 0.01003118870839049, 0.04898661263506263, 0.5937695297914071, 0.0], [0.6178911105693916, 0.2979615593211371, 0.009656940279187195, 0.04469423389817057, 0.029796155932113714, 0.0], [0.6270352384107566, 0.29060744751693196, 0.009705452193078562, 0.04359111712753979, 0.0290607447516932, 0.0], [0.6533934859615836, 0.26950636828982927, 0.009723553676129693, 0.040425955243474386, 0.026950636828982927, 0.0], [0.01816183524114635, 0.29054014479264745, 0.010049548833434315, 0.04358102171889711, 0.6376674494138748, 0.0], [0.6334235340398394, 0.28547927569230036, 0.00972737134478525, 0.04282189135384506, 0.02854792756923004, 0.0], [0.019896822172151832, 0.2972210935864761, 0.010046910205740035, 0.044583164037971405, 0.6282520099976606, 0.0], [0.5982606222896276, 0.3136567217232636, 0.009668475556292803, 0.04704850825848954, 0.031365672172326366, 0.0], [0.5418347368669357, 0.3588328261741326, 0.00962423041539877, 0.053824923926119886, 0.03588328261741326, 0.0], [0.05745925851050687, 0.7467008097757112, 0.009164729269854106, 0.11200512146635667, 0.07467008097757112, 0.0], [0.4928093625756521, 0.39805103641919237, 0.009626841900357466, 0.05970765546287885, 0.039805103641919234, 0.0], [0.5309747120978274, 0.36747002255728367, 0.009687759705568087, 0.05512050338359254, 0.03674700225572837, 0.0], [0.5418300266508735, 0.3588036718981344, 0.009665383476458395, 0.053820550784720166, 0.03588036718981344, 0.0], [0.5452444947423021, 0.3561088319894374, 0.009619465270901118, 0.053416324798415606, 0.03561088319894374, 0.0], [0.5457689904280804, 0.35572652247110476, 0.00957285648303858, 0.053358978370665715, 0.03557265224711048, 0.0], [0.5766364183163786, 0.33104758417920377, 0.00955410145961677, 0.049657137626880565, 0.03310475841792038, 0.0], [0.009782569648840044, 0.23196721900378148, 0.10291048690125226, 0.03479508285056722, 0.6205446415955589, 0.0], [1.0, 0.0, 0.0, 0.0, 0.0, 0.0]], [[1.0, 0.0, 0.0, 0.0, 0.0, 0.0], [0.6267600079794761, 0.22166242177097975, 0.09616196480679927, 0.03324936326564696, 0.022166242177097978, 0.0], [0.5881266151381564, 0.32184660718670705, 0.009565125878459757, 0.04827699107800606, 0.03218466071867071, 0.0], [0.5616846041650468, 0.3429966941544894, 0.009569528141841286, 0.05144950412317341, 0.034299669415448944, 0.0], [0.5241180705543557, 0.37300097959376366, 0.009630704953439791, 0.055950146939064554, 0.03730009795937637, 0.0], [0.47877381917156114, 0.3064338103897864, 0.13818391784120582, 0.045965071558467956, 0.030643381038978637, 0.0], [1.0, 0.0, 0.0, 0.0, 0.0, 0.0], [0.5145314256810194, 0.28644593717192623, 0.1274111528540728, 0.04296689057578893, 0.028644593717192624, 0.0], [0.4787569452994326, 0.3047060679528705, 0.1403604697594793, 0.04570591019293058, 0.03047060679528705, 0.0], [0.06751514326550058, 0.7385829987068672, 0.009256108350915402, 0.11078744980603007, 0.07385829987068672, 0.0], [0.5075952656571144, 0.38621276193626114, 0.009638781922559, 0.057931914290439174, 0.03862127619362612, 0.0], [0.5776214333937393, 0.330170912838006, 0.009664925558753512, 0.04952563692570089, 0.0330170912838006, 0.0], [0.6011753229758987, 0.31129404487164236, 0.009707120934548312, 0.04669410673074635, 0.031129404487164235, 0.0], [0.6133001983320987, 0.30156037181294654, 0.009749336901718081, 0.04523405577194197, 0.030156037181294653, 0.0], [0.5978910285401443, 0.3139177834376711, 0.009711742162766896, 0.04708766751565067, 0.031391778343767114, 0.0], [0.62642069246046, 0.29105352571004717, 0.009762400401981194, 0.04365802885650707, 0.029105352571004717, 0.0], [0.0213528747478832, 0.31590419315228585, 0.010060014892767144, 0.047385628972842875, 0.6052972882342209, 0.0], [0.5853022417697058, 0.3240192998470713, 0.009673633421455077, 0.04860289497706069, 0.032401929984707124, 0.0], [0.5414163394673353, 0.3591466010691139, 0.009650409196272294, 0.05387199016036709, 0.03591466010691139, 0.0], [0.5206772003717779, 0.3757779686341871, 0.009600338835488312, 0.05636669529512806, 0.037577796863418715, 0.0], [0.5533410931895384, 0.34957360381974956, 0.00969190203577452, 0.05243604057296243, 0.03495736038197496, 0.0], [0.5761070055811407, 0.33134601882593745, 0.00971047088643747, 0.04970190282389062, 0.03313460188259375, 0.0], [0.5773784053630009, 0.33033804022250746, 0.00969904435886464, 0.049550706033376114, 0.03303380402225075, 0.0], [0.588162320776773, 0.3216833265739437, 0.009733521005797168, 0.04825249898609155, 0.032168332657394376, 0.0], [0.6014844112986811, 0.31103539475095004, 0.009721345262631194, 0.04665530921264251, 0.031103539475095004, 0.0], [0.6315385997484577, 0.2869497514523567, 0.009774210936096305, 0.0430424627178535, 0.028694975145235672, 0.0], [0.6081608232619362, 0.3056599258106976, 0.009764269474691877, 0.04584898887160464, 0.030565992581069765, 0.0], [0.6057829533597975, 0.30754470335679934, 0.009786167444203254, 0.046131705503519894, 0.030754470335679934, 0.0], [0.5995433735371816, 0.3125620091564364, 0.009754115017272913, 0.046884301373465456, 0.03125620091564364, 0.0], [0.5763007367955959, 0.33116394597628407, 0.009744330734049034, 0.049674591896442605, 0.033116394597628405, 0.0], [0.03599942795429552, 0.3620654795074489, 0.010060114113255187, 0.05430982192611734, 0.537565156498883, 0.0], [0.5010965957852579, 0.3913416611042243, 0.009726327834461715, 0.058701249165633636, 0.03913416611042243, 0.0], [0.49378548781810944, 0.3971019035334113, 0.0098371327651264, 0.05956528553001169, 0.039710190353341134, 0.0], [0.038390557304568376, 0.39416937242788197, 0.010066418624848262, 0.059125405864182294, 0.498248245778519, 0.0], [0.51053236307928, 0.3837610111068556, 0.009766373037150517, 0.05756415166602834, 0.03837610111068556, 0.0], [0.5093441782251429, 0.3847392336223449, 0.009731779746926022, 0.057710885043351735, 0.03847392336223449, 0.0], [0.4936897686643147, 0.3973196315677314, 0.009660691876021123, 0.05959794473515971, 0.03973196315677315, 0.0], [0.49142284054996455, 0.3992489883499901, 0.00951592401254796, 0.059887348252498515, 0.039924898834999015, 0.0], [0.5585387994939206, 0.26312626053506794, 0.11255337483724445, 0.03946893908026019, 0.02631262605350679, 0.0], [1.0, 0.0, 0.0, 0.0, 0.0, 0.0]], [[1.0, 0.0, 0.0, 0.0, 0.0, 0.0], [0.5896009854746113, 0.24410202419186597, 0.10527148428555635, 0.0366153036287799, 0.024410202419186598, 0.0], [0.020460001678014525, 0.3622450656805305, 0.010013134634170752, 0.05433675985207958, 0.5529450381552046, 0.0], [0.5232232397184491, 0.37373761152569507, 0.009604745874432073, 0.056060641728854256, 0.03737376115256951, 0.0], [0.037070633322762794, 0.4213957535933686, 0.01002972042154325, 0.06320936303900529, 0.46829452962332013, 0.0], [0.055194365256952, 0.44066553417943766, 0.37328760135751976, 0.06609983012691564, 0.06475266907917486, 0.0], [0.4655990636760114, 0.31433869507912576, 0.14147756747508144, 0.047150804261868864, 0.031433869507912576, 0.0], [1.0, 0.0, 0.0, 0.0, 0.0, 0.0], [0.49529775507715784, 0.29542328743922047, 0.1354231356238166, 0.044313493115883076, 0.02954232874392205, 0.0], [0.4699595070824549, 0.3046483129219598, 0.14923010176509544, 0.04569724693829397, 0.03046483129219598, 0.0], [0.5275088660979583, 0.37017157097670844, 0.009776670181155947, 0.055525735646506265, 0.03701715709767085, 0.0], [0.564098896120926, 0.3409388932599003, 0.009727487304198555, 0.05114083398898504, 0.034093889325990036, 0.0], [0.5834408293918112, 0.3254502890449572, 0.00974630930199226, 0.048817543356743584, 0.03254502890449572, 0.0], [0.6003854763985491, 0.3118767433229981, 0.009768594447703303, 0.04678151149844971, 0.031187674332299815, 0.0], [0.025166188311319098, 0.32686379356803646, 0.010086252289801761, 0.04902956903520547, 0.5888541967956371, 0.0], [0.6085346796489962, 0.3053251592739512, 0.00980887125856473, 0.04579877389109268, 0.03053251592739512, 0.0], [0.6034127402578727, 0.30944734697790344, 0.009778076019747879, 0.04641710204668552, 0.030944734697790344, 0.0], [0.02755350506215558, 0.3389228994765327, 0.010055304172951232, 0.0508384349214799, 0.5726298563668806, 0.0], [0.5660152809844572, 0.3394187513388713, 0.00971127984195368, 0.05091281270083069, 0.03394187513388713, 0.0], [0.5612592812592813, 0.3432373032373032, 0.009694089694089695, 0.05148559548559548, 0.03432373032373033, 0.0], [0.02880472713193206, 0.3496519017778534, 0.010061925231017364, 0.05244778526667801, 0.5590336605925192, 0.0], [0.038135090218423554, 0.3507834757834758, 0.010090218423551758, 0.05261752136752137, 0.5483736942070275, 0.0], [0.540115629169321, 0.36006105989398657, 0.009808045963195788, 0.054009158984097985, 0.036006105989398664, 0.0], [0.5666751180170717, 0.33877841766573696, 0.009851859900757, 0.05081676264986055, 0.0338778417665737, 0.0], [0.5764591742624777, 0.33101366647103203, 0.009773742648732169, 0.04965204997065481, 0.033101366647103204, 0.0], [0.5970335825380417, 0.3145267915094112, 0.009807928075194114, 0.047179018726411684, 0.031452679150941125, 0.0], [0.029150701716679883, 0.32871121783232415, 0.010079225678309656, 0.049306682674848626, 0.5827521720978376, 0.0], [0.5762009207259756, 0.33117211791077156, 0.009833931885560029, 0.049675817686615734, 0.03311721179107716, 0.0], [0.5811211573236891, 0.3272332730560579, 0.009837251356238702, 0.04908499095840869, 0.032723327305605794, 0.0], [0.5618733921573342, 0.342653811939509, 0.009809342918279517, 0.05139807179092635, 0.0342653811939509, 0.0], [0.5484964355934043, 0.3533285888327322, 0.009842828365680375, 0.052999288324909834, 0.03533285888327323, 0.0], [0.5239893220461268, 0.372958803299584, 0.009812173829393233, 0.05594382049493759, 0.0372958803299584, 0.0], [0.5027720194764499, 0.38991467000915964, 0.009834643012100467, 0.058487200501373945, 0.03899146700091597, 0.0], [0.5072951196496406, 0.38626630211231816, 0.009872002709961527, 0.05793994531684772, 0.038626630211231826, 0.0], [0.5010289675423922, 0.3913205685196105, 0.009820321808094544, 0.05869808527794157, 0.039132056851961056, 0.0], [0.4868384760214421, 0.4027006607744612, 0.00978569801048125, 0.060405099116169175, 0.040270066077446126, 0.0], [0.45601239423191514, 0.42741032058157546, 0.009724705041115481, 0.0641115480872363, 0.042741032058157546, 0.0], [0.0703670280211558, 0.7362493003278464, 0.009321346569036224, 0.11043739504917695, 0.07362493003278464, 0.0], [0.011271296755497276, 0.2928618637832611, 0.13588483516567848, 0.04392927956748917, 0.516052724728074, 0.0], [1.0, 0.0, 0.0, 0.0, 0.0, 0.0]], [[1.0, 0.0, 0.0, 0.0, 0.0, 0.0], [0.0101501309702041, 0.2713244915478615, 0.1187412113989801, 0.04069867373217922, 0.5590854923507752, 0.0], [0.5144036318613289, 0.38077943517481283, 0.009622074170155061, 0.05711691527622192, 0.03807794351748128, 0.0], [0.03756164768456103, 0.39005947260883383, 0.010055874183268306, 0.058508920891325075, 0.5038140846320117, 0.0], [0.48969165331180486, 0.4003807641792483, 0.009832391464134666, 0.06005711462688724, 0.04003807641792483, 0.0], [0.4722503008423586, 0.41434416365824306, 0.009819494584837546, 0.06215162454873646, 0.04143441636582431, 0.0], [0.4702229080040955, 0.3100466081247815, 0.14221883183992776, 0.04650699121871723, 0.03100466081247815, 0.0], [0.49684654153176966, 0.2957453912732009, 0.13347171937672936, 0.04436180869098013, 0.029574539127320085, 0.0], [1.0, 0.0, 0.0, 0.0, 0.0, 0.0], [0.5042730555628471, 0.2894952957014448, 0.13385782481034683, 0.04342429435521672, 0.02894952957014448, 0.0], [0.5228750117866025, 0.2770503120902823, 0.13081209810054462, 0.04155754681354234, 0.027705031209028227, 0.0], [0.5398426749601211, 0.2734157704705302, 0.1183876119517164, 0.04101236557057952, 0.027341577047053017, 0.0], [0.031202868092471258, 0.33675361602175796, 0.010087773519594511, 0.050513042403263694, 0.5714426999629125, 0.0], [0.5809959105123887, 0.3273514553764734, 0.009814770267019487, 0.04910271830647101, 0.032735145537647344, 0.0], [0.03342331919269829, 0.33858415655561813, 0.010086327093654514, 0.050787623483342724, 0.5671185736746863, 0.0], [0.5954581654077273, 0.31575644954991916, 0.009846272654873664, 0.04736346743248787, 0.03157564495499192, 0.0], [0.6011931304609822, 0.31117806568243445, 0.009834287435974691, 0.04667670985236517, 0.031117806568243443, 0.0], [0.587078415599073, 0.32249930961614665, 0.009797447380743694, 0.04837489644242199, 0.032249930961614666, 0.0], [0.5772248159021995, 0.3303653077922703, 0.009818549357462578, 0.049554796168840544, 0.033036530779227025, 0.0], [0.5784539948081915, 0.3293914046726276, 0.009806749351023939, 0.04940871070089414, 0.03293914046726276, 0.0], [0.5650700108999006, 0.3401248098506355, 0.009773976786805133, 0.051018721477595314, 0.03401248098506355, 0.0], [0.5463046866504767, 0.35506904925876254, 0.009859001776070173, 0.053260357388814385, 0.03550690492587625, 0.0], [0.0875832670363466, 0.7221819822601138, 0.009689255138511226, 0.10832729733901707, 0.07221819822601139, 0.0], [0.5417981740129392, 0.3586673922244392, 0.009867585706511884, 0.053800108833665886, 0.03586673922244392, 0.0], [0.5611514260228067, 0.34320981701583936, 0.009836302707394103, 0.05148147255237591, 0.03432098170158394, 0.0], [0.5902004724123312, 0.3199321664344983, 0.009884319544546062, 0.04798982496517474, 0.031993216643449826, 0.0], [0.5723208773649998, 0.33424120274539715, 0.009877619203253805, 0.050136180411809575, 0.03342412027453972, 0.0], [0.039373876224559706, 0.35659079610910915, 0.01009079239925902, 0.05348861941636637, 0.5404559158507057, 0.0], [0.5699536118247233, 0.33608902633533416, 0.009935105256108991, 0.05041335395030012, 0.033608902633533416, 0.0], [0.562120697188911, 0.3423799582463466, 0.0099043550031558, 0.05135699373695199, 0.034237995824634666, 0.0], [0.552753936362643, 0.3498719240527843, 0.009906158571376543, 0.05248078860791764, 0.03498719240527843, 0.0], [0.5334566383957362, 0.3652912473686132, 0.00992930239349728, 0.05479368710529197, 0.03652912473686132, 0.0], [0.5083373963920039, 0.3853729887859581, 0.009946367625548513, 0.05780594831789371, 0.03853729887859581, 0.0], [0.5090650725205801, 0.384751078008624, 0.009996079968639748, 0.0577126617012936, 0.038475107800862406, 0.0], [0.5036127785996357, 0.3891286540412994, 0.009976403848740115, 0.05836929810619491, 0.03891286540412994, 0.0], [0.05640057292673377, 0.3936145432197888, 0.010110471772454912, 0.05904218148296832, 0.4808322305980542, 0.0], [0.05519656686232921, 0.42026340452819017, 0.01006264489715385, 0.06303951067922853, 0.4514378730330982, 0.0], [0.47823786851344197, 0.40956090992160826, 0.009810994084547685, 0.06143413648824123, 0.04095609099216083, 0.0], [0.5287354940848814, 0.2822048297829374, 0.11850846868644672, 0.042330724467440614, 0.028220482978293746, 0.0], [1.0, 0.0, 0.0, 0.0, 0.0, 0.0]], [[1.0, 0.0, 0.0, 0.0, 0.0, 0.0], [0.527535013979678, 0.2781127573699881, 0.12482403930783706, 0.041716913605498215, 0.027811275736998813, 0.0], [0.06662279606979964, 0.739295196169643, 0.009258208718146543, 0.11089427942544645, 0.07392951961696431, 0.0], [0.4961981525303607, 0.39519994234164973, 0.009801919542577088, 0.05927999135124746, 0.039519994234164975, 0.0], [0.49955559826082785, 0.3925148334094021, 0.009800859977419588, 0.05887722501141031, 0.03925148334094021, 0.0], [0.4990080805148304, 0.39289688875985873, 0.009870808535346203, 0.058934533313978806, 0.03928968887598587, 0.0], [0.4938349285480924, 0.39703302155052456, 0.009873794513751921, 0.059554953232578686, 0.03970330215505246, 0.0], [0.5000874278720056, 0.2952427261208133, 0.13085916447697774, 0.044286408918122, 0.02952427261208133, 0.0], [0.513930536732084, 0.2863927837617441, 0.1280784835657359, 0.042958917564261616, 0.02863927837617441, 0.0], [1.0, 0.0, 0.0, 0.0, 0.0, 0.0], [1.0, 0.0, 0.0, 0.0, 0.0, 0.0], [0.532535831918526, 0.2755736777175547, 0.12299707093453052, 0.041336051657633203, 0.02755736777175547, 0.0], [0.04109993133485537, 0.346399541901851, 0.010113855238010248, 0.05195993128527765, 0.5504267402400057, 0.0], [0.5373213982485506, 0.3622249714964947, 0.009897387380831091, 0.054333745724474206, 0.03622249714964947, 0.0], [0.5542121684867395, 0.3486739469578783, 0.009945397815912638, 0.052301092043681746, 0.03486739469578783, 0.0], [0.5681779915814792, 0.3376067348165965, 0.009813589897775105, 0.050641010222489465, 0.033760673481659655, 0.0], [0.030266178907296822, 0.3334233227905318, 0.010105238129441165, 0.050013498418579765, 0.5761917617541504, 0.0], [0.5760575622947652, 0.3312729379949778, 0.009851265211512462, 0.04969094069924668, 0.03312729379949778, 0.0], [0.03167551620961187, 0.3424019529117014, 0.010080819511327334, 0.05136029293675521, 0.5644814184306042, 0.0], [0.578219439804857, 0.3295802742096346, 0.00980521743309982, 0.04943704113144519, 0.03295802742096346, 0.0], [0.033791388885453126, 0.33964551200385906, 0.010092889213224654, 0.050946826800578854, 0.5655233830968843, 0.0], [0.5624021077937373, 0.3421522322458445, 0.00990760189895703, 0.05132283483687668, 0.03421522322458446, 0.0], [0.5320108859993953, 0.36649531297248267, 0.009869972785001515, 0.05497429694587239, 0.03664953129724827, 0.0], [0.5585447466082618, 0.34522114741132814, 0.009928819127578026, 0.05178317211169922, 0.034522114741132814, 0.0], [0.5661466799291589, 0.3391639777772386, 0.009898347849292803, 0.05087459666658579, 0.033916397777723865, 0.0], [0.582524744640183, 0.3260327006659443, 0.009934379527386504, 0.04890490509989164, 0.032603270066594435, 0.0], [0.5614137935245912, 0.34289622491725597, 0.009965925328838896, 0.05143443373758839, 0.034289622491725597, 0.0], [0.04841524238561404, 0.3655895347829854, 0.010098884914790659, 0.0548384302174478, 0.5210579076991622, 0.0], [0.5546851906591783, 0.3482116464676323, 0.010050251256281409, 0.05223174697014484, 0.034821164646763235, 0.0], [0.04546141852515623, 0.3450011030714964, 0.010113554393818834, 0.05175016546072446, 0.5476737585488041, 0.0], [0.5468233341874398, 0.35457618019205195, 0.009956440572495333, 0.05318642702880779, 0.035457618019205196, 0.0], [0.04842098474193252, 0.3756099134028392, 0.010120779597699012, 0.056341487010425885, 0.5095068352471033, 0.0], [0.5015810761122687, 0.3907341585978674, 0.01000122564039711, 0.05861012378968011, 0.03907341585978674, 0.0], [0.49241537380931844, 0.3980234377888135, 0.010055328954664763, 0.05970351566832202, 0.039802343778881345, 0.0], [0.4885301718330905, 0.4011806635721197, 0.009993998701759974, 0.06017709953581795, 0.04011806635721197, 0.0], [0.4719277967685611, 0.41443080933526794, 0.010033691562353984, 0.06216462140029019, 0.0414430809335268, 0.0], [0.11391068010655843, 0.6979234828043397, 0.009999044209009432, 0.10468852242065095, 0.07347827045944136, 0.0], [0.044874415672057175, 0.4030323480008472, 0.010048716572008414, 0.06045485220012708, 0.4815896675549601, 0.0], [0.5389153247938452, 0.27125763116629564, 0.12201263624828539, 0.04068864467494434, 0.027125763116629564, 0.0], [1.0, 0.0, 0.0, 0.0, 0.0, 0.0]], [[1.0, 0.0, 0.0, 0.0, 0.0, 0.0], [0.5706935504775439, 0.2533411284449778, 0.11263003896623393, 0.038001169266746675, 0.025334112844497783, 0.0], [0.5146836638338055, 0.380547686496695, 0.009631728045325779, 0.057082152974504245, 0.03805476864966951, 0.0], [0.03857361584432262, 0.3724008495085692, 0.010075566750629724, 0.05586012742628538, 0.5230898404701931, 0.0], [0.5212311406155704, 0.37513578756789384, 0.009849124924562464, 0.05627036813518407, 0.03751357875678938, 0.0], [0.5141140267984783, 0.3808000775362845, 0.00988587628116595, 0.05712001163044267, 0.03808000775362845, 0.0], [0.04584561340835343, 0.38164984668512403, 0.010121758804441668, 0.0572474770027686, 0.5051353040993123, 0.0], [0.5315105279218798, 0.3668233140067135, 0.00996032956972841, 0.05502349710100702, 0.03668233140067135, 0.0], [0.5379534037419407, 0.26907317844983364, 0.1257051231957674, 0.04036097676747505, 0.026907317844983365, 0.0], [0.5275589217988079, 0.27899434109927157, 0.12369815182710253, 0.041849151164890734, 0.027899434109927155, 0.0], [1.0, 0.0, 0.0, 0.0, 0.0, 0.0], [0.5371534687799893, 0.2727994164677996, 0.12184726063526122, 0.040919912470169933, 0.027279941646779958, 0.0], [0.5220317961330481, 0.27944732595500243, 0.12865904642319906, 0.04191709889325036, 0.027944732595500246, 0.0], [0.08820117904504528, 0.7216329654298254, 0.009757614167673121, 0.1082449448144738, 0.07216329654298254, 0.0], [0.5388543220657619, 0.3609989205448217, 0.009897027253211078, 0.05414983808172325, 0.03609989205448217, 0.0], [0.5799888853987967, 0.32812235726194217, 0.009858168023775581, 0.04921835358929133, 0.03281223572619422, 0.0], [0.03350341105364758, 0.31823284375069694, 0.010110496826840395, 0.04773492656260454, 0.5904183218062106, 0.0], [0.583750257422864, 0.32509176367975384, 0.009885037977443702, 0.04876376455196307, 0.03250917636797539, 0.0], [0.5869980417281144, 0.3225104562048207, 0.009863888015859584, 0.048376568430723105, 0.032251045620482074, 0.0], [0.03337154061153101, 0.32069357350279876, 0.010100584992214133, 0.04810403602541981, 0.5877302648680364, 0.0], [0.0324915737363081, 0.3257577446092963, 0.010104086954583617, 0.04886366169139444, 0.5827829330084175, 0.0], [0.5893665980380283, 0.32060070243429817, 0.009882523919098945, 0.04809010536514473, 0.03206007024342982, 0.0], [0.035650182583400386, 0.33298260815745495, 0.010100885065296775, 0.04994739122361824, 0.5713189329702297, 0.0], [0.036103228490350185, 0.3378549036504375, 0.010102961059028035, 0.05067823554756563, 0.5652606712526186, 0.0], [0.5759024390243903, 0.3313170731707317, 0.009951219512195122, 0.049697560975609754, 0.03313170731707318, 0.0], [0.03693558582565907, 0.3373780691860537, 0.010113905380448929, 0.05060671037790805, 0.5649657292299302, 0.0], [0.5487482886759242, 0.3530217093682769, 0.00997457461372971, 0.05295325640524154, 0.0353021709368277, 0.0], [0.11487477958494151, 0.7000505567406933, 0.010062024489191957, 0.105007583511104, 0.07000505567406932, 0.0], [0.5449117245954812, 0.3560502745936383, 0.010025432162470975, 0.05340754118904575, 0.03560502745936383, 0.0], [0.5559843667683562, 0.3472145648791365, 0.009997427132723197, 0.05208218473187047, 0.03472145648791365, 0.0], [0.04512025442258001, 0.34684953289604453, 0.010137149672033394, 0.05202742993440668, 0.5458656330749354, 0.0], [0.5285620485883126, 0.3676953381483913, 0.010147436280069241, 0.055154300722258694, 0.03844087626096818, 0.0], [0.4999788881244458, 0.38930298521920337, 0.010133700266009632, 0.0583954477828805, 0.04218897860746069, 0.0], [0.5081974149581978, 0.38195697570518683, 0.010154988015620764, 0.05729354635577802, 0.042397074965216684, 0.0], [0.5067877795150523, 0.386469113741841, 0.01012582830764649, 0.057970367061276146, 0.038646911374184106, 0.0], [0.5071060393886124, 0.38613949885290344, 0.010130202902005184, 0.05792092482793551, 0.038703334028543326, 0.0], [0.48704612365063793, 0.4023552502453386, 0.010009813542688912, 0.06035328753680078, 0.040235525024533855, 0.0], [0.5217327674520708, 0.3746524220693692, 0.00995170496121762, 0.05619786331040538, 0.03746524220693693, 0.0], [0.5569337668216491, 0.2621360952124783, 0.11539611416275307, 0.039320414281871746, 0.02621360952124784, 0.0], [1.0, 0.0, 0.0, 0.0, 0.0, 0.0]], [[1.0, 0.0, 0.0, 0.0, 0.0, 0.0], [0.6068592433332177, 0.2302784804431994, 0.10529265611278305, 0.0345417720664799, 0.02302784804431994, 0.0], [0.022214396012245004, 0.33705789780885276, 0.010048196865849183, 0.05055868467132791, 0.5801208246417251, 0.0], [0.03235168650426712, 0.3601590953363762, 0.01006058543730258, 0.05402386430045642, 0.5434047684215977, 0.0], [0.5327106196082227, 0.36593304214207073, 0.00987307771418892, 0.05488995632131061, 0.03659330421420707, 0.0], [0.050809607725043185, 0.37014179598331465, 0.010112351196008595, 0.05552126939749719, 0.5134149756981364, 0.0], [0.504685949502003, 0.3882538865816457, 0.009996692270939762, 0.05823808298724686, 0.038825388658164574, 0.0], [0.5359261538461538, 0.3632246153846154, 0.010043076923076924, 0.05448369230769231, 0.036322461538461547, 0.0], [0.5572328423309818, 0.3462602190625875, 0.009941883840783655, 0.05193903285938813, 0.034626021906258755, 0.0], [0.5491225281733002, 0.2632221649344659, 0.12184976565861752, 0.03948332474016988, 0.026322216493446588, 0.0], [0.5511820090507464, 0.26369222856397123, 0.11920270524428954, 0.03955383428459568, 0.026369222856397125, 0.0], [1.0, 0.0, 0.0, 0.0, 0.0, 0.0], [0.5435866297676317, 0.2699224712943917, 0.11901028111437864, 0.040488370694158754, 0.026992247129439168, 0.0], [0.531550043964765, 0.2717343178377281, 0.12878205873807483, 0.04076014767565922, 0.027173431783772812, 0.0], [0.5566011951951836, 0.259159254040035, 0.11944973725477272, 0.03887388810600524, 0.025915925404003497, 0.0], [0.5948755224423041, 0.3161911684535707, 0.009885516990732326, 0.047428675268035604, 0.03161911684535707, 0.0], [0.604827786377709, 0.3082430340557275, 0.009868421052631578, 0.04623645510835912, 0.03082430340557275, 0.0], [0.6035254582731806, 0.3092600905021291, 0.009899428599158065, 0.04638901357531937, 0.03092600905021291, 0.0], [0.6036987791611266, 0.3091502477940287, 0.009863411096337482, 0.04637253716910431, 0.030915024779402875, 0.0], [0.6165356912948949, 0.29884247731717095, 0.00991121205864134, 0.044826371597575645, 0.0298842477317171, 0.0], [0.031462199529801144, 0.3031766912170916, 0.010107541266266824, 0.04547650368256374, 0.6097770643042767, 0.0], [0.6200857451692434, 0.2960030120116108, 0.009910489816243002, 0.04440045180174162, 0.02960030120116108, 0.0], [0.6059114500840663, 0.3073174297619337, 0.009941762713516409, 0.04609761446429006, 0.030731742976193376, 0.0], [0.0366754225107796, 0.3221489815136046, 0.010110521881350053, 0.048322347227040686, 0.5827427268672251, 0.0], [0.03752939720262409, 0.3322193340759995, 0.010100259933160044, 0.04983290011139992, 0.5703181086768164, 0.0], [0.5906417606805993, 0.3194377658590716, 0.01006103199556131, 0.04791566487886074, 0.031943776585907156, 0.0], [0.5612942107234177, 0.33982207826671396, 0.010118771561291729, 0.05097331174000709, 0.03779162770856944, 0.0], [0.05763545697570226, 0.34139451991550773, 0.010127160398831405, 0.05120917798732615, 0.5396336847226324, 0.0], [0.575277239813981, 0.3317256096808812, 0.010065748084917414, 0.04975884145213218, 0.03317256096808812, 0.0], [0.5834080442124654, 0.32525637089346027, 0.010021492170709242, 0.04878845563401903, 0.03252563708934603, 0.0], [0.04496860892962288, 0.3280969334390054, 0.010136570410655325, 0.049214540015850815, 0.5675833472048656, 0.0], [0.5387113296965056, 0.35715173727317484, 0.010144660874927273, 0.05357276059097622, 0.040419511564416116, 0.0], [0.13215509503761338, 0.6602299944956039, 0.010116187387494608, 0.09903449917434058, 0.09846422390494752, 0.0], [0.5059830079591157, 0.3820972095867324, 0.0101415340561662, 0.05731458143800986, 0.04446366695997574, 0.0], [0.05934423133315773, 0.37664203102401106, 0.010139215403655089, 0.056496304653601656, 0.4973782175855745, 0.0], [0.5101915066669953, 0.38380203583664013, 0.010055948537204545, 0.05757030537549602, 0.038380203583664015, 0.0], [0.5125565319704379, 0.38195389197337937, 0.010001103062837814, 0.05729308379600691, 0.03819538919733794, 0.0], [0.043014044999308616, 0.36761946150959046, 0.01007447207790925, 0.055142919226438575, 0.524149102186753, 0.0], [0.5532455216712182, 0.2623415039718862, 0.11882759836392416, 0.039351225595782933, 0.026234150397188623, 0.0], [1.0, 0.0, 0.0, 0.0, 0.0, 0.0]], [[1.0, 0.0, 0.0, 0.0, 0.0, 0.0], [0.6393237854724989, 0.21368664359939527, 0.09356791002825694, 0.03205299653990929, 0.02136866435993953, 0.0], [0.6034272161280758, 0.3095167506670619, 0.00967684553809665, 0.04642751260005929, 0.03095167506670619, 0.0], [0.5747711330400666, 0.33242182855784086, 0.009701581262632267, 0.04986327428367612, 0.03324218285578409, 0.0], [0.5571535255715353, 0.34641420346414203, 0.009828720098287202, 0.051962130519621307, 0.0346414203464142, 0.0], [0.524741753762669, 0.3722639282629062, 0.009928335908698245, 0.055839589239435924, 0.03722639282629062, 0.0], [0.10036121279933839, 0.7117716454033544, 0.00992423044646875, 0.10676574681050316, 0.07117716454033544, 0.0], [0.5348757581686558, 0.3641166112306789, 0.0099784777929955, 0.05461749168460183, 0.03641166112306789, 0.0], [0.5752596101293496, 0.3318637274549098, 0.009910730552013117, 0.04977955911823647, 0.03318637274549098, 0.0], [0.03690885837338802, 0.3245109947333137, 0.010093039018996186, 0.04867664920999706, 0.579810458664305, 0.0], [0.5781362278006902, 0.24810957828109875, 0.11172679934793624, 0.037216436742164814, 0.024810957828109877, 0.0], [0.578456958241779, 0.2503549579146726, 0.10859934436488014, 0.03755324368720089, 0.025035495791467265, 0.0], [1.0, 0.0, 0.0, 0.0, 0.0, 0.0], [1.0, 0.0, 0.0, 0.0, 0.0, 0.0], [0.5764559047548056, 0.24636991420057835, 0.11558170249447149, 0.03695548713008675, 0.024636991420057836, 0.0], [0.5945088350349405, 0.31648681708631565, 0.009882643607164916, 0.04747302256294735, 0.03164868170863157, 0.0], [0.6034799420009667, 0.30932817786370226, 0.009859835669405511, 0.046399226679555344, 0.030932817786370227, 0.0], [0.5973297213622292, 0.3142414860681115, 0.00986842105263158, 0.04713622291021672, 0.03142414860681115, 0.0], [0.03366269974851983, 0.3122710441377398, 0.010098809924555951, 0.046840656620660975, 0.5971267895685234, 0.0], [0.6219503313669799, 0.29451605855363777, 0.009904595440972983, 0.044177408783045664, 0.029451605855363782, 0.0], [0.6198100934943039, 0.29621524358366463, 0.009920852026115184, 0.044432286537549694, 0.029621524358366465, 0.0], [0.6131876953766435, 0.3015094936323939, 0.009925437582864023, 0.04522642404485908, 0.03015094936323939, 0.0], [0.5989699737634827, 0.31289476241375963, 0.009911573219317852, 0.04693421436206394, 0.031289476241375964, 0.0], [0.6002899362871101, 0.3118155128095801, 0.009940672700914885, 0.04677232692143701, 0.03118155128095801, 0.0], [0.038858850065881384, 0.32342672526098204, 0.010124144844750707, 0.04851400878914731, 0.5790762710392385, 0.0], [0.04440116652171867, 0.3435639369364682, 0.010109194163427017, 0.05153459054047023, 0.5503911118379159, 0.0], [0.1201224933320162, 0.6855675195100266, 0.010076064407784253, 0.10283512792650398, 0.08139879482366885, 0.0], [0.5464677598323264, 0.35477746270496857, 0.010060411786462829, 0.05321661940574528, 0.03547774627049686, 0.0], [0.5638468606431853, 0.3409249617151608, 0.009996937212863707, 0.05113874425727412, 0.03409249617151608, 0.0], [0.5681232038906492, 0.3374843416107877, 0.010021369095866185, 0.050622651241618154, 0.033748434161078776, 0.0], [0.04726207615548827, 0.3385791590130567, 0.01012758774760463, 0.0507868738519585, 0.553244303231892, 0.0], [0.05686354986754225, 0.35496187953185826, 0.010148875041976046, 0.05324428192977874, 0.5247814136288447, 0.0], [0.5117524102569201, 0.37992459170409326, 0.010140601427140525, 0.05698868875561399, 0.041193707856232116, 0.0], [0.06497194846090223, 0.36292612928620543, 0.010164323225478571, 0.054438919392930815, 0.5074986796344829, 0.0], [0.5195219361734463, 0.3741694052106665, 0.010165209570245833, 0.056125410781599966, 0.04001803826404132, 0.0], [0.05907978755147102, 0.3853116110680114, 0.010145014023989974, 0.057796741660201705, 0.48766684569632585, 0.0], [0.5142053445850915, 0.38065186815874774, 0.009979820216474044, 0.05709778022381216, 0.03806518681587478, 0.0], [0.5333106977420998, 0.3654354521863556, 0.00989498702495574, 0.05481531782795333, 0.03654354521863556, 0.0], [0.5527885282734769, 0.26147819642626074, 0.12036372619369712, 0.03922172946393911, 0.026147819642626077, 0.0], [1.0, 0.0, 0.0, 0.0, 0.0, 0.0]], [[1.0, 0.0, 0.0, 0.0, 0.0, 0.0], [0.6741400188913037, 0.19613563093108613, 0.08069044244483863, 0.029420344639662917, 0.019613563093108615, 0.0], [0.6493763497877296, 0.27271136322778866, 0.00973444617753467, 0.0409067044841683, 0.027271136322778868, 0.0], [0.6176984792240451, 0.29802418871991376, 0.009771284876062747, 0.04470362830798707, 0.029802418871991376, 0.0], [0.5987503920102285, 0.31312570863387446, 0.009842472197428412, 0.046968856295081164, 0.03131257086338745, 0.0], [0.5768666927286943, 0.33053166536356526, 0.0099687255668491, 0.049579749804534785, 0.03305316653635653, 0.0], [0.5598808971761892, 0.34412906060088344, 0.009957777072706415, 0.051619359090132516, 0.03441290606008835, 0.0], [0.5775153127211499, 0.3300226945508675, 0.009956319090265748, 0.04950340418263013, 0.03300226945508676, 0.0], [0.03618052595581019, 0.32076762189863506, 0.010110722321897643, 0.04811514328