{"prediction": [[[1.0, 0.0, 0.0, 0.0, 0.0, 0.0], [1.0, 0.0, 0.0, 0.0, 0.0, 0.0], [1.0, 0.0, 0.0, 0.0, 0.0, 0.0], [1.0, 0.0, 0.0, 0.0, 0.0, 0.0], [1.0, 0.0, 0.0, 0.0, 0.0, 0.0], [1.0, 0.0, 0.0, 0.0, 0.0, 0.0], [1.0, 0.0, 0.0, 0.0, 0.0, 0.0], [1.0, 0.0, 0.0, 0.0, 0.0, 0.0], [1.0, 0.0, 0.0, 0.0, 0.0, 0.0], [1.0, 0.0, 0.0, 0.0, 0.0, 0.0], [1.0, 0.0, 0.0, 0.0, 0.0, 0.0], [1.0, 0.0, 0.0, 0.0, 0.0, 0.0], [1.0, 0.0, 0.0, 0.0, 0.0, 0.0], [1.0, 0.0, 0.0, 0.0, 0.0, 0.0], [1.0, 0.0, 0.0, 0.0, 0.0, 0.0], [1.0, 0.0, 0.0, 0.0, 0.0, 0.0], [1.0, 0.0, 0.0, 0.0, 0.0, 0.0], [1.0, 0.0, 0.0, 0.0, 0.0, 0.0], [1.0, 0.0, 0.0, 0.0, 0.0, 0.0], [1.0, 0.0, 0.0, 0.0, 0.0, 0.0], [1.0, 0.0, 0.0, 0.0, 0.0, 0.0], [1.0, 0.0, 0.0, 0.0, 0.0, 0.0], [1.0, 0.0, 0.0, 0.0, 0.0, 0.0], [1.0, 0.0, 0.0, 0.0, 0.0, 0.0], [1.0, 0.0, 0.0, 0.0, 0.0, 0.0], [1.0, 0.0, 0.0, 0.0, 0.0, 0.0], [1.0, 0.0, 0.0, 0.0, 0.0, 0.0], [1.0, 0.0, 0.0, 0.0, 0.0, 0.0], [1.0, 0.0, 0.0, 0.0, 0.0, 0.0], [1.0, 0.0, 0.0, 0.0, 0.0, 0.0], [1.0, 0.0, 0.0, 0.0, 0.0, 0.0], [1.0, 0.0, 0.0, 0.0, 0.0, 0.0], [1.0, 0.0, 0.0, 0.0, 0.0, 0.0], [1.0, 0.0, 0.0, 0.0, 0.0, 0.0], [1.0, 0.0, 0.0, 0.0, 0.0, 0.0], [1.0, 0.0, 0.0, 0.0, 0.0, 0.0], [1.0, 0.0, 0.0, 0.0, 0.0, 0.0], [1.0, 0.0, 0.0, 0.0, 0.0, 0.0], [1.0, 0.0, 0.0, 0.0, 0.0, 0.0], [1.0, 0.0, 0.0, 0.0, 0.0, 0.0]], [[1.0, 0.0, 0.0, 0.0, 0.0, 0.0], [0.8423702556158017, 0.06500330815904982, 0.0541045378259747, 0.010125185579654016, 0.02839671281951975, 0.0], [0.735014950674063, 0.09542983444462912, 0.10413960256039272, 0.014314475166694367, 0.05110113715422076, 0.0], [0.08352548704828847, 0.052109482021727646, 0.029758522656100468, 0.010024060551218109, 0.8245824477226653, 0.0], [0.7808822378139973, 0.08814854504065303, 0.0831992126616692, 0.013222281756097954, 0.03454772272758235, 0.0], [0.06780051714806871, 0.04825713083044358, 0.03672553067810539, 0.010073362865561545, 0.8371434584778207, 0.0], [0.9238261296125785, 0.037136999429346236, 0.01910354942682429, 0.009966660765625478, 0.009966660765625478, 0.0], [0.011669823123062242, 0.01325217202110458, 0.010010829200270977, 0.010010829200270977, 0.9550563464552911, 0.0], [0.9600387583297265, 0.00999031041756836, 0.00999031041756836, 0.00999031041756836, 0.00999031041756836, 0.0], [0.9600541076673111, 0.009986473083172204, 0.009986473083172204, 0.009986473083172204, 0.009986473083172204, 0.0], [0.9600589325968041, 0.009985266850798976, 0.009985266850798976, 0.009985266850798976, 0.009985266850798976, 0.0], [0.9600606323749217, 0.009984841906269573, 0.009984841906269573, 0.009984841906269573, 0.009984841906269573, 0.0], [0.9600604847231883, 0.00998487881920294, 0.00998487881920294, 0.00998487881920294, 0.00998487881920294, 0.0], [0.9600588586047049, 0.009985285348823793, 0.009985285348823793, 0.009985285348823793, 0.009985285348823793, 0.0], [0.9600547032023362, 0.009986324199415933, 0.009986324199415933, 0.009986324199415933, 0.009986324199415933, 0.0], [0.9588659143272237, 0.011153016450699266, 0.00999368974069237, 0.00999368974069237, 0.00999368974069237, 0.0], [0.013367408673368854, 0.014902185224755648, 0.010012684185563397, 0.010012684185563397, 0.9517050377307488, 0.0], [0.9274624298613048, 0.03397207445885214, 0.018595867210352113, 0.00998481423474555, 0.00998481423474555, 0.0], [0.8543360987268697, 0.05256366408085724, 0.05003334412855801, 0.0101364133017346, 0.03293047976198043, 0.0], [0.8139018065541878, 0.0663901679564578, 0.06577045866107234, 0.01018710649094691, 0.04375046033733519, 0.0], [0.8715259963711444, 0.044196959269223554, 0.02969955577801414, 0.010045172996308577, 0.044532315585309394, 0.0], [1.0, 0.0, 0.0, 0.0, 0.0, 0.0], [1.0, 0.0, 0.0, 0.0, 0.0, 0.0], [1.0, 0.0, 0.0, 0.0, 0.0, 0.0], [1.0, 0.0, 0.0, 0.0, 0.0, 0.0], [0.9600612226869616, 0.009984694328259608, 0.009984694328259608, 0.009984694328259608, 0.009984694328259608, 0.0], [1.0, 0.0, 0.0, 0.0, 0.0, 0.0], [0.9600609275899028, 0.00998476810252431, 0.00998476810252431, 0.00998476810252431, 0.00998476810252431, 0.0], [0.9600595981928289, 0.009985100451792753, 0.009985100451792753, 0.009985100451792753, 0.009985100451792753, 0.0], [0.009994651048240618, 0.009994651048240618, 0.009994651048240618, 0.009994651048240618, 0.9600213958070376, 0.0], [0.009994745938206075, 0.009994745938206075, 0.009994745938206075, 0.009994745938206075, 0.9600210162471756, 0.0], [0.960055595609412, 0.009986101097647018, 0.009986101097647018, 0.009986101097647018, 0.009986101097647018, 0.0], [0.9600590065815032, 0.00998524835462417, 0.00998524835462417, 0.00998524835462417, 0.00998524835462417, 0.0], [0.9600601893311912, 0.009984952667202196, 0.009984952667202196, 0.009984952667202196, 0.009984952667202196, 0.0], [0.9600601893311912, 0.009984952667202196, 0.009984952667202196, 0.009984952667202196, 0.009984952667202196, 0.0], [0.9600610013752199, 0.009984749656195018, 0.009984749656195018, 0.009984749656195018, 0.009984749656195018, 0.0], [0.0099943856087, 0.0099943856087, 0.0099943856087, 0.0099943856087, 0.9600224575652001, 0.0], [0.9600612964428092, 0.009984675889297705, 0.009984675889297705, 0.009984675889297705, 0.009984675889297705, 0.0], [0.9600612226869616, 0.009984694328259608, 0.009984694328259608, 0.009984694328259608, 0.009984694328259608, 0.0], [1.0, 0.0, 0.0, 0.0, 0.0, 0.0]], [[1.0, 0.0, 0.0, 0.0, 0.0, 0.0], [0.09106699398581572, 0.07037226112583414, 0.06837092283254453, 0.010555839168875121, 0.7596339828869304, 0.0], [0.6776563178842341, 0.1986526774166163, 0.009987565480976183, 0.029797901612492444, 0.08390553760568092, 0.0], [0.49371113199624067, 0.2675518406686796, 0.00999820032394169, 0.04013277610030194, 0.18860605091083604, 0.0], [0.749026654687032, 0.16372167315563543, 0.009983028850953379, 0.02455825097334531, 0.05271039233303384, 0.0], [0.06353048100304817, 0.1286467462433019, 0.009935433803667026, 0.019297011936495287, 0.7785903270134876, 0.0], [0.06794079995962149, 0.09466187204862048, 0.009952114849147178, 0.01419928080729307, 0.8132459323353178, 0.0], [0.015219635595624626, 0.027779529048324557, 0.009927733820887054, 0.009927733820887054, 0.9371453677142768, 0.0], [0.9527830382069854, 0.017522110072040766, 0.009898283906991275, 0.009898283906991275, 0.009898283906991275, 0.0], [0.9604201638321052, 0.00989495904197374, 0.00989495904197374, 0.00989495904197374, 0.00989495904197374, 0.0], [0.9604272760190756, 0.009893180995231086, 0.009893180995231086, 0.009893180995231086, 0.009893180995231086, 0.0], [0.9604291647438856, 0.009892708814028612, 0.009892708814028612, 0.009892708814028612, 0.009892708814028612, 0.0], [0.009902487324508007, 0.009902487324508007, 0.009902487324508007, 0.009902487324508007, 0.960390050701968, 0.0], [0.009902948213320984, 0.009902948213320984, 0.009902948213320984, 0.009902948213320984, 0.960388207146716, 0.0], [0.9582780408819196, 0.012028390898355227, 0.0098978560732417, 0.0098978560732417, 0.0098978560732417, 0.0], [0.9477604568576076, 0.022543603044804558, 0.00989864669919596, 0.00989864669919596, 0.00989864669919596, 0.0], [0.9306355685703697, 0.039666273113090615, 0.009899386105513268, 0.009899386105513268, 0.009899386105513268, 0.0], [0.8127315059008466, 0.12733288858446534, 0.009936026490787803, 0.019099933287669804, 0.030899645736230236, 0.0], [0.7564065356461603, 0.1658468583108227, 0.009922037589639408, 0.0248770287466234, 0.04294753970675419, 0.0], [0.7863692664216078, 0.11027649033082945, 0.009988812529966438, 0.01654147354962442, 0.07682395716797187, 0.0], [0.5305214597578054, 0.2290139220693632, 0.009985346504005373, 0.034352088310404476, 0.19612718335842147, 0.0], [0.08410110316401988, 0.051420374186770104, 0.051295106477552824, 0.010146684446599587, 0.8030367317250575, 0.0], [1.0, 0.0, 0.0, 0.0, 0.0, 0.0], [1.0, 0.0, 0.0, 0.0, 0.0, 0.0], [1.0, 0.0, 0.0, 0.0, 0.0, 0.0], [1.0, 0.0, 0.0, 0.0, 0.0, 0.0], [0.9600581923426266, 0.009985451914343337, 0.009985451914343337, 0.009985451914343337, 0.009985451914343337, 0.0], [0.9604268863653004, 0.00989327840867491, 0.00989327840867491, 0.00989327840867491, 0.00989327840867491, 0.0], [0.9604262734997918, 0.009893431625052053, 0.009893431625052053, 0.009893431625052053, 0.009893431625052053, 0.0], [0.9604240951567854, 0.009893976210803648, 0.009893976210803648, 0.009893976210803648, 0.009893976210803648, 0.0], [0.9604171687566567, 0.009895707810835814, 0.009895707810835814, 0.009895707810835814, 0.009895707810835814, 0.0], [0.009905671402249239, 0.009905671402249239, 0.009905671402249239, 0.009905671402249239, 0.960377314391003, 0.0], [0.9604173387175132, 0.009895665320621694, 0.009895665320621694, 0.009895665320621694, 0.009895665320621694, 0.0], [0.9604256041480201, 0.00989359896299497, 0.00989359896299497, 0.00989359896299497, 0.00989359896299497, 0.0], [0.9604274429299368, 0.009893139267515798, 0.009893139267515798, 0.009893139267515798, 0.009893139267515798, 0.0], [0.96042833227501, 0.009892916931247475, 0.009892916931247475, 0.009892916931247475, 0.009892916931247475, 0.0], [0.9604293865247682, 0.009892653368807961, 0.009892653368807961, 0.009892653368807961, 0.009892653368807961, 0.0], [0.00990204224512327, 0.00990204224512327, 0.00990204224512327, 0.00990204224512327, 0.960391831019507, 0.0], [0.009994253028212058, 0.009994253028212058, 0.009994253028212058, 0.009994253028212058, 0.9600229878871518, 0.0], [1.0, 0.0, 0.0, 0.0, 0.0, 0.0]], [[1.0, 0.0, 0.0, 0.0, 0.0, 0.0], [0.7119324402082164, 0.10505438608489608, 0.10962679725017702, 0.01575815791273441, 0.05762821854397603, 0.0], [0.6770468815456435, 0.1857802595304571, 0.010034040482336326, 0.027867038929568565, 0.09927177951199444, 0.0], [0.6471471508985657, 0.22331098890940393, 0.009993778872651776, 0.03349664833641059, 0.0860514329829681, 0.0], [0.09089575579472874, 0.18790758268505467, 0.009944831049751503, 0.0281861374027582, 0.6830656930677068, 0.0], [0.7407744001643751, 0.19549173728834487, 0.009902017051937188, 0.02932376059325173, 0.02450808490209114, 0.0], [0.026111044773753003, 0.06827517969303916, 0.009965302533861367, 0.010241276953955873, 0.8854071960453906, 0.0], [0.913139170314328, 0.05711739966508211, 0.009914476673529954, 0.009914476673529954, 0.009914476673529954, 0.0], [0.9470164855176832, 0.02328849118894339, 0.009898341097791157, 0.009898341097791157, 0.009898341097791157, 0.0], [0.9604191484325587, 0.009895212891860324, 0.009895212891860324, 0.009895212891860324, 0.009895212891860324, 0.0], [0.9604257715614838, 0.00989355710962904, 0.00989355710962904, 0.00989355710962904, 0.00989355710962904, 0.0], [0.960427498555748, 0.009893125361062969, 0.009893125361062969, 0.009893125361062969, 0.009893125361062969, 0.0], [0.9604271647173039, 0.009893208820674033, 0.009893208820674033, 0.009893208820674033, 0.009893208820674033, 0.0], [0.009904850507114364, 0.009904850507114364, 0.009904850507114364, 0.009904850507114364, 0.9603805979715426, 0.0], [0.9560357029095552, 0.014270643484257968, 0.00989788453539558, 0.00989788453539558, 0.00989788453539558, 0.0], [0.9462246449088181, 0.024078955482318115, 0.009898799869621265, 0.009898799869621265, 0.009898799869621265, 0.0], [0.9208328441234132, 0.04938142488843547, 0.009928576996050473, 0.009928576996050473, 0.009928576996050473, 0.0], [0.8857326871958816, 0.07900435641243748, 0.009960209810940738, 0.011850653461865621, 0.01345209311887449, 0.0], [0.7627348007995332, 0.15866512719281906, 0.009932089339143605, 0.023799769078922856, 0.04486821358958123, 0.0], [0.6295640300013854, 0.2636005620312284, 0.009894915992163229, 0.03954008430468425, 0.05740040767053889, 0.0], [0.6559618378507843, 0.21236677178555743, 0.009979641531276196, 0.03185501576783362, 0.08983673306454831, 0.0], [0.09364251613987674, 0.08241963324024942, 0.06986422342982473, 0.012362944986037414, 0.7417106822040117, 0.0], [1.0, 0.0, 0.0, 0.0, 0.0, 0.0], [0.07696237768121131, 0.04176525121071597, 0.037491457677460954, 0.010095358140789509, 0.8336855552898222, 0.0], [1.0, 0.0, 0.0, 0.0, 0.0, 0.0], [1.0, 0.0, 0.0, 0.0, 0.0, 0.0], [0.00999906568979344, 0.00999906568979344, 0.00999906568979344, 0.00999906568979344, 0.9600037372408263, 0.0], [0.9604209523145404, 0.0098947619213649, 0.0098947619213649, 0.0098947619213649, 0.0098947619213649, 0.0], [0.9604197127709498, 0.00989507180726256, 0.00989507180726256, 0.00989507180726256, 0.00989507180726256, 0.0], [0.009906748514232093, 0.009906748514232093, 0.009906748514232093, 0.009906748514232093, 0.9603730059430716, 0.0], [0.011060489571678857, 0.01961393484044384, 0.009919538625195895, 0.009919538625195895, 0.9494864983374856, 0.0], [0.00991264223526037, 0.013877208768630642, 0.00991264223526037, 0.00991264223526037, 0.9563848645255882, 0.0], [0.947612887105818, 0.022692346920599724, 0.009898255324527401, 0.009898255324527401, 0.009898255324527401, 0.0], [0.9583160308111618, 0.011989916772431383, 0.00989801747213563, 0.00989801747213563, 0.00989801747213563, 0.0], [0.009903642327747606, 0.009903642327747606, 0.009903642327747606, 0.009903642327747606, 0.9603854306890096, 0.0], [0.009903859926215832, 0.009903859926215832, 0.009903859926215832, 0.009903859926215832, 0.9603845602951366, 0.0], [0.9604272760190756, 0.009893180995231086, 0.009893180995231086, 0.009893180995231086, 0.009893180995231086, 0.0], [0.96042833227501, 0.009892916931247475, 0.009892916931247475, 0.009892916931247475, 0.009892916931247475, 0.0], [0.9600602631902596, 0.009984934202435125, 0.009984934202435125, 0.009984934202435125, 0.009984934202435125, 0.0], [1.0, 0.0, 0.0, 0.0, 0.0, 0.0]], [[1.0, 0.0, 0.0, 0.0, 0.0, 0.0], [0.8059270946877767, 0.08150106493386569, 0.04506246072993639, 0.012225159740079853, 0.05528421990834142, 0.0], [0.47856445679105036, 0.2848061666291263, 0.01001076156868634, 0.04272092499436895, 0.18389769001676803, 0.0], [0.6449424977807036, 0.24078119233569728, 0.009974365879689199, 0.03611717885035459, 0.06818476515355537, 0.0], [0.07501330163357905, 0.2076340498084367, 0.009896118692108226, 0.031145107471265504, 0.6763114223946105, 0.0], [0.099720121167116, 0.16814483494762594, 0.009915650719522452, 0.025221725242143892, 0.6969976679235917, 0.0], [0.026659597083301335, 0.07363598748287321, 0.00996266169813705, 0.011045398122430982, 0.8786963556132574, 0.0], [0.9004145548679479, 0.06933098315281784, 0.009927407253155794, 0.010399647472922675, 0.009927407253155794, 0.0], [0.9399661594511293, 0.030335740066885893, 0.009899366827328282, 0.009899366827328282, 0.009899366827328282, 0.0], [0.9588966959092698, 0.011409052058919466, 0.009898084010603594, 0.009898084010603594, 0.009898084010603594, 0.0], [0.9604218520769383, 0.009894536980765437, 0.009894536980765437, 0.009894536980765437, 0.009894536980765437, 0.0], [0.9604266635832804, 0.009893334104179917, 0.009893334104179917, 0.009893334104179917, 0.009893334104179917, 0.0], [0.009904777438621837, 0.009904777438621837, 0.009904777438621837, 0.009904777438621837, 0.9603808902455128, 0.0], [0.9558423899809678, 0.014464013340008533, 0.009897865559674524, 0.009897865559674524, 0.009897865559674524, 0.0], [0.009910134467748357, 0.011557008125654059, 0.009910134467748357, 0.009910134467748357, 0.9587125884711009, 0.0], [0.9124053352925434, 0.055892788546520855, 0.009955532645437281, 0.009955532645437281, 0.011790810870061117, 0.0], [0.9220888844637343, 0.04821347730999206, 0.009899212742091249, 0.009899212742091249, 0.009899212742091249, 0.0], [0.8886396458543218, 0.07861081196432737, 0.009960347197752843, 0.011791621794649104, 0.010997573188948829, 0.0], [0.7549636408203283, 0.1774753829660276, 0.00991118803031541, 0.026621307444904138, 0.031028480738424364, 0.0], [0.10635172746871936, 0.17356840915540997, 0.009958026916546757, 0.026035261373311497, 0.6840865750860124, 0.0], [0.6084803682265151, 0.2656092773953155, 0.009962838611977325, 0.03984139160929732, 0.07610612415689479, 0.0], [0.3891912986051351, 0.37783425723948844, 0.010006203846384757, 0.05667513858592326, 0.16629310172306827, 0.0], [0.10635622365713904, 0.066005500626724, 0.044445387139684205, 0.010100306140279111, 0.7730925824361736, 0.0], [0.6947021969051069, 0.10886428614690309, 0.13327100684711318, 0.016329642922035464, 0.046832867178841296, 0.0], [1.0, 0.0, 0.0, 0.0, 0.0, 0.0], [0.016067905746855106, 0.020779174407198422, 0.011334816473769143, 0.010005742788535449, 0.9418123605836419, 0.0], [0.9316882943563899, 0.03861386527244609, 0.009899280123721377, 0.009899280123721377, 0.009899280123721377, 0.0], [0.9604155799668346, 0.00989610500829136, 0.00989610500829136, 0.00989610500829136, 0.00989610500829136, 0.0], [0.9443693898304093, 0.025935357951897973, 0.009898417405897633, 0.009898417405897633, 0.009898417405897633, 0.0], [0.02025822084516706, 0.03351725103336643, 0.00993342882463873, 0.00993342882463873, 0.9263576704721892, 0.0], [0.9232058161131558, 0.047095823057211356, 0.009899453609877651, 0.009899453609877651, 0.009899453609877651, 0.0], [0.8366447432469228, 0.11405647179054328, 0.009942383691308234, 0.017108470768581487, 0.022247930502644106, 0.0], [0.9346449884223893, 0.03565737335133696, 0.009899212742091249, 0.009899212742091249, 0.009899212742091249, 0.0], [0.9368340223932636, 0.033468858525713935, 0.00989903969367419, 0.00989903969367419, 0.00989903969367419, 0.0], [0.009913167080799947, 0.014096412585787966, 0.009913167080799947, 0.009913167080799947, 0.9561640861718121, 0.0], [0.9585665246044902, 0.011739736377156322, 0.009897913006117814, 0.009897913006117814, 0.009897913006117814, 0.0], [0.9604176784847013, 0.00989558037882467, 0.00989558037882467, 0.00989558037882467, 0.00989558037882467, 0.0], [0.9604252133206236, 0.009893696669844125, 0.009893696669844125, 0.009893696669844125, 0.009893696669844125, 0.0], [0.9600574513473343, 0.009985637163166448, 0.009985637163166448, 0.009985637163166448, 0.009985637163166448, 0.0], [1.0, 0.0, 0.0, 0.0, 0.0, 0.0]], [[1.0, 0.0, 0.0, 0.0, 0.0, 0.0], [0.7733643863542684, 0.09543321603846566, 0.08206444381724742, 0.014314982405769847, 0.03482297138424865, 0.0], [0.08253862304456437, 0.13593717699976837, 0.009962416782687313, 0.020390576549965254, 0.7511712066230147, 0.0], [0.08225750605925707, 0.2215956867982391, 0.009892664589207102, 0.033239353019735865, 0.6530147895335608, 0.0], [0.09601420002085334, 0.1899035361194747, 0.009904830804004037, 0.0284855304179212, 0.6756919026377468, 0.0], [0.7192446720924869, 0.21666733341136715, 0.009891528045504585, 0.03250010001170507, 0.02169636643893631, 0.0], [0.7887047972944555, 0.15318883641302597, 0.009923133444002702, 0.022978325461953896, 0.025204907386561833, 0.0], [0.8675087459267412, 0.09075354171641103, 0.009954157572322944, 0.013613031257461656, 0.01817052352706308, 0.0], [0.9218442211005708, 0.048383135246892084, 0.009924214550845693, 0.009924214550845693, 0.009924214550845693, 0.0], [0.9421295424452324, 0.028174373939486724, 0.00989869453842696, 0.00989869453842696, 0.00989869453842696, 0.0], [0.9589705589713374, 0.011336384588550057, 0.009897685480037501, 0.009897685480037501, 0.009897685480037501, 0.0], [0.9604172254160009, 0.009895693645999744, 0.009895693645999744, 0.009895693645999744, 0.009895693645999744, 0.0], [0.9547709815854117, 0.015535421735564721, 0.009897865559674528, 0.009897865559674528, 0.009897865559674528, 0.0], [0.0099109229237149, 0.011926678900919727, 0.0099109229237149, 0.0099109229237149, 0.9583405523279357, 0.0], [0.9104006572619745, 0.057075934692491045, 0.009956689437792168, 0.009956689437792168, 0.012610029169950012, 0.0], [0.8960676268497897, 0.06962052856221741, 0.009964438150467369, 0.010443079284332612, 0.013904327153192848, 0.0], [0.040382777387224435, 0.044282825570098175, 0.009944135512357722, 0.009944135512357722, 0.8954461260179619, 0.0], [0.8955147272566649, 0.07358569624357607, 0.009930861031611251, 0.01103785443653641, 0.009930861031611251, 0.0], [0.8583277219678128, 0.10202332174617414, 0.009948888949626918, 0.015303498261926122, 0.014396569074460129, 0.0], [0.7117041566788128, 0.21576237937270096, 0.009895087336514603, 0.03236435690590514, 0.030274019706066434, 0.0], [0.10122017130716984, 0.19930211879920598, 0.009962615286138765, 0.029895317819880893, 0.6596197767876044, 0.0], [0.6613974833900745, 0.21006743954687027, 0.009998450240212769, 0.03151011593203054, 0.08702651089081193, 0.0], [0.5814631735046959, 0.31240731586752346, 0.009886307464162135, 0.046861097380128516, 0.04938210578348986, 0.0], [0.7611186184744475, 0.08843752621540954, 0.06107141810331322, 0.013265628932311431, 0.07610680827451816, 0.0], [1.0, 0.0, 0.0, 0.0, 0.0, 0.0], [1.0, 0.0, 0.0, 0.0, 0.0, 0.0], [0.010006776909650399, 0.011475435672549182, 0.010006776909650399, 0.010006776909650399, 0.9585042335984997, 0.0], [0.944118447414923, 0.0261861571960879, 0.009898465129663005, 0.009898465129663005, 0.009898465129663005, 0.0], [0.9183494449000189, 0.05189278054626885, 0.009919258184570744, 0.009919258184570744, 0.009919258184570744, 0.0], [0.8836804988332112, 0.08385831410136461, 0.009941219975109826, 0.012578747115204693, 0.009941219975109826, 0.0], [0.7958753413109416, 0.14170947473716017, 0.009929090682651654, 0.021256421210574028, 0.031229672058672487, 0.0], [0.7773203720570344, 0.16281576784875895, 0.009918354645493526, 0.024422365177313842, 0.025523140271399195, 0.0], [0.8052017757813607, 0.13626339238410431, 0.00993158112078621, 0.020439508857615647, 0.02816374185613319, 0.0], [0.913545210030852, 0.05661142314690294, 0.00994778894074836, 0.00994778894074836, 0.00994778894074836, 0.0], [0.9203596423256215, 0.04993665670393467, 0.009901233656814633, 0.009901233656814633, 0.009901233656814633, 0.0], [0.9420181158461203, 0.028284563295166338, 0.009899106952904487, 0.009899106952904487, 0.009899106952904487, 0.0], [0.9490237155867249, 0.021281404104089494, 0.009898293436395204, 0.009898293436395204, 0.009898293436395204, 0.0], [0.009906231094978827, 0.009906231094978827, 0.009906231094978827, 0.009906231094978827, 0.9603750756200846, 0.0], [0.009995716534946901, 0.009995716534946901, 0.009995716534946901, 0.009995716534946901, 0.9600171338602124, 0.0], [1.0, 0.0, 0.0, 0.0, 0.0, 0.0]], [[1.0, 0.0, 0.0, 0.0, 0.0, 0.0], [0.7997772848726197, 0.08846067332996435, 0.06961461608370377, 0.013269100999494654, 0.02887832471421756, 0.0], [0.058495199821388705, 0.15430031505048247, 0.009922849842474758, 0.02314504725757237, 0.7541365880280817, 0.0], [0.09523177850791006, 0.19729411077574302, 0.009901333145905578, 0.029594116616361455, 0.6679786609540799, 0.0], [0.05107090698568927, 0.186287683951672, 0.009906668288279201, 0.0279431525927508, 0.7247915881816087, 0.0], [0.07730829732581987, 0.09697138647179467, 0.009955994504291034, 0.0145457079707692, 0.8012186137273252, 0.0], [0.7361336443288238, 0.19279808418338715, 0.009903462503269756, 0.02891971262750807, 0.03224509635701122, 0.0], [0.7794519544924732, 0.14871676135857662, 0.009925334884816247, 0.022307514203786488, 0.03959843506034755, 0.0], [0.8875052780551215, 0.07756822860797453, 0.009960611972237802, 0.01163523429119618, 0.013330647073470033, 0.0], [0.01457856615861677, 0.02625126946804979, 0.009926230485160892, 0.009926230485160892, 0.9393177034030117, 0.0], [0.9458721868035266, 0.024432303218565033, 0.009898503325969437, 0.009898503325969437, 0.009898503325969437, 0.0], [0.9554225597810042, 0.014882731395975804, 0.009898236274339976, 0.009898236274339976, 0.009898236274339976, 0.0], [0.9531264793469743, 0.017178726099853298, 0.009898264851057516, 0.009898264851057516, 0.009898264851057516, 0.0], [0.9102181976504828, 0.05657085820855, 0.00995617486220109, 0.00995617486220109, 0.013298594416564892, 0.0], [0.9014017628379514, 0.062025779773858154, 0.009961716145498432, 0.009961716145498432, 0.016649025097193505, 0.0], [0.9182467088011237, 0.035013279366462126, 0.009935079750274823, 0.009935079750274823, 0.026869852331864657, 0.0], [0.8781510445495232, 0.08609033257950753, 0.009956233295905618, 0.01291354988692613, 0.012888839688137525, 0.0], [0.04574714735625999, 0.05929819424881701, 0.009959030338519, 0.009959030338519, 0.875036597717885, 0.0], [0.8700870235680159, 0.09504111345768292, 0.009952063204818059, 0.014256167018652437, 0.010663632750830744, 0.0], [0.8256096876832241, 0.12763935700743048, 0.00993611081737345, 0.01914590355111457, 0.017668940940857455, 0.0], [0.6481804916599159, 0.25630925572211777, 0.009909501477754408, 0.038446388358317665, 0.04715436278189435, 0.0], [0.5974817746924325, 0.2808636756939541, 0.00994559758123067, 0.04212955135409311, 0.06957940067828974, 0.0], [0.6793313450790707, 0.18596025162276636, 0.010024811408235383, 0.02789403774341495, 0.09678955414651262, 0.0], [0.4467695318154816, 0.316183040728409, 0.009983676688614116, 0.04742745610926136, 0.17963629465823375, 0.0], [0.8212429514578694, 0.07525133947384265, 0.042301286296229416, 0.011287700921076397, 0.04991672185098229, 0.0], [0.8615290036004122, 0.05497620301386499, 0.05099131013179675, 0.010135072146818207, 0.02236841110710785, 0.0], [1.0, 0.0, 0.0, 0.0, 0.0, 0.0], [0.9304150213682412, 0.03264179616065114, 0.016995528222522944, 0.009973827124292432, 0.009973827124292432, 0.0], [0.024798616425296766, 0.05266612350601948, 0.009952610388491859, 0.009952610388491859, 0.9026300392917, 0.0], [0.07213941201669072, 0.10476328356788145, 0.00994730600199908, 0.015714492535182215, 0.7974355058782465, 0.0], [0.6267873463250685, 0.29069253220908636, 0.009846988413573513, 0.043603879831362956, 0.029069253220908635, 0.0], [0.09268053708721168, 0.07818358144789594, 0.00999790044090741, 0.011727537217184392, 0.8074104438068005, 0.0], [0.7273690490631242, 0.20344152355866701, 0.009902240134274374, 0.030516228533800052, 0.028770958710134187, 0.0], [0.7781224967574095, 0.15504914105454248, 0.009922450629546137, 0.02325737115818137, 0.033648540400320406, 0.0], [0.9094992696835891, 0.05919876406466449, 0.00995917565968941, 0.00995917565968941, 0.011383614932367643, 0.0], [0.8481776371099351, 0.10370407002621038, 0.009947579249295287, 0.015555610503931555, 0.022615103110627557, 0.0], [0.9341887026789083, 0.03610984467362595, 0.00990048421582191, 0.00990048421582191, 0.00990048421582191, 0.0], [0.9448565057795775, 0.025448213374232826, 0.009898426948729909, 0.009898426948729909, 0.009898426948729909, 0.0], [0.9600381499237393, 0.009990462519065211, 0.009990462519065211, 0.009990462519065211, 0.009990462519065211, 0.0], [1.0, 0.0, 0.0, 0.0, 0.0, 0.0]], [[1.0, 0.0, 0.0, 0.0, 0.0, 0.0], [0.02280375674465917, 0.047897847136161825, 0.0249745947229717, 0.010008260138087205, 0.8943155412581202, 0.0], [0.6421277437566939, 0.2655140993314787, 0.009867238016961922, 0.0398271148997218, 0.042663803995143586, 0.0], [0.6998985223869514, 0.23216097814518724, 0.009900254931564488, 0.03482414672177808, 0.023216097814518725, 0.0], [0.07298414937821392, 0.1128163456577173, 0.009970512210138517, 0.016922451848657594, 0.7873065409052726, 0.0], [0.41666249085497237, 0.37301690702638773, 0.01002194806626512, 0.05595253605395816, 0.14434611799841648, 0.0], [0.7697271868778607, 0.12941742226607564, 0.00996668635087221, 0.019412613339911344, 0.07147609116528005, 0.0], [0.7804556935883586, 0.13130877867446145, 0.00993429100209697, 0.019696316801169216, 0.058604919933913695, 0.0], [0.7910203371328678, 0.14060386492536725, 0.009929282781860324, 0.021090579738805085, 0.03735593542109968, 0.0], [0.8989257392403336, 0.06783972025510109, 0.009965318673624688, 0.010175958038265162, 0.013093263792675483, 0.0], [0.011654885560826209, 0.016965972651835623, 0.009916979840490352, 0.009916979840490352, 0.9515451821063575, 0.0], [0.9470724897991057, 0.023232658479920343, 0.009898283906991271, 0.009898283906991271, 0.009898283906991271, 0.0], [0.03616211253649422, 0.03227530044073498, 0.009932034908492638, 0.009932034908492638, 0.9116985172057857, 0.0], [0.03276488314022582, 0.04109159780292983, 0.00994081627424355, 0.00994081627424355, 0.9062618865083573, 0.0], [0.9176154532462714, 0.0381455630739106, 0.009938078845349104, 0.009938078845349104, 0.024362825989119877, 0.0], [0.6790758089305475, 0.0975432323233327, 0.00995109918750413, 0.014631484848499906, 0.19879837471011572, 0.0], [0.8984108809686059, 0.06239996196573746, 0.009962203451609324, 0.009962203451609324, 0.019264750162437994, 0.0], [0.038456627160772465, 0.06538121554617814, 0.009965067326319084, 0.009965067326319084, 0.8762320226404112, 0.0], [0.8452883923649137, 0.11268204528542572, 0.009943115097366877, 0.01690230679281386, 0.015184140459479703, 0.0], [0.05737459217218322, 0.1114295835882902, 0.009943938384246264, 0.016714437538243528, 0.8045374483170368, 0.0], [0.8080657577789366, 0.1425414090243115, 0.009933199235143658, 0.021381211353646727, 0.01807842260796146, 0.0], [0.6314028645240475, 0.27596036781518174, 0.009898148056498628, 0.04139405517227726, 0.04134456443199477, 0.0], [0.6278004679011857, 0.27380149886989974, 0.009913160712161468, 0.04107022483048496, 0.047414647686268296, 0.0], [0.08952252160092616, 0.14236775592388093, 0.009980214225298347, 0.02135516338858214, 0.7367743448613124, 0.0], [0.6798989113914299, 0.2394385809671758, 0.009880236268451682, 0.035915787145076365, 0.034866484227866125, 0.0], [0.07302752457542513, 0.09293509585669331, 0.009953289192472457, 0.013940264378503995, 0.8101438259969053, 0.0], [0.9085115859211274, 0.04632777797660944, 0.025148229006358633, 0.010006203547952232, 0.010006203547952232, 0.0], [1.0, 0.0, 0.0, 0.0, 0.0, 0.0], [0.8462527824381839, 0.07078462497703264, 0.05191274113209215, 0.010617693746554895, 0.020432157706136378, 0.0], [0.6518386564933083, 0.2637537364701682, 0.009868078745384434, 0.03956306047052522, 0.034976467820613914, 0.0], [0.1031344133352395, 0.12254735981419751, 0.010032530480081665, 0.018382103972129624, 0.7459035923983517, 0.0], [0.3002828751722637, 0.5083749559179938, 0.010004426958929327, 0.07625624338769905, 0.10508149856311415, 0.0], [0.7420080681534713, 0.15062904888010908, 0.010078892531288661, 0.02259435733201636, 0.07468963310311465, 0.0], [0.7262604484296031, 0.19406973311069814, 0.009924302383569327, 0.029110459966604718, 0.0406350561095246, 0.0], [0.7124009771539352, 0.2095878533952738, 0.009895117097326865, 0.031438178009291065, 0.036677874344172905, 0.0], [0.809856142608264, 0.13875901179451602, 0.009930219942429352, 0.0208138517691774, 0.020640773885613323, 0.0], [0.8478039522625421, 0.10305646781996239, 0.00994794238337006, 0.015458470172994357, 0.023733167361131034, 0.0], [0.9245647493079052, 0.04572131651799446, 0.009904644724700092, 0.009904644724700092, 0.009904644724700092, 0.0], [0.9532191995812233, 0.016530665861124696, 0.010264756325193622, 0.009992689116229275, 0.009992689116229275, 0.0], [1.0, 0.0, 0.0, 0.0, 0.0, 0.0]], [[1.0, 0.0, 0.0, 0.0, 0.0, 0.0], [0.057471782256037794, 0.054818468266865324, 0.03837192653624377, 0.010064570648740277, 0.8392732522921129, 0.0], [0.7439356349418503, 0.19458146455904665, 0.00990250668163498, 0.029187219683857, 0.022393174133610954, 0.0], [0.6978706877880099, 0.2110640586139679, 0.009958200453596033, 0.03165960879209519, 0.04944744435233109, 0.0], [0.6876992219208458, 0.23025599398127064, 0.009899225880536142, 0.03453839909719059, 0.037607159120156795, 0.0], [0.7436096049573974, 0.14542365258239426, 0.009994752754803729, 0.021813547887359137, 0.07915844181804553, 0.0], [0.744407609831855, 0.15709464504375353, 0.00995530069985764, 0.023564196756563027, 0.06497824766797079, 0.0], [0.5774535189428014, 0.1810040206549344, 0.009939814423664711, 0.02715060309824016, 0.20445204288035942, 0.0], [0.8839208925311887, 0.0695179624483829, 0.009964903360101059, 0.010427694367257436, 0.02616854729306985, 0.0], [0.8929556818221186, 0.07087028411956292, 0.00996390663532933, 0.010630542617934438, 0.015579584805054753, 0.0], [0.9158447610303191, 0.05202934178439909, 0.009951722299558688, 0.009951722299558688, 0.012222452586164338, 0.0], [0.9516996205702678, 0.01860524169722777, 0.00989837924416816, 0.00989837924416816, 0.00989837924416816, 0.0], [0.9486365850254217, 0.021668620421405868, 0.009898264851057516, 0.009898264851057516, 0.009898264851057516, 0.0], [0.9157565194047409, 0.051914418193338766, 0.009951579441890396, 0.009951579441890396, 0.01242590351813945, 0.0], [0.8920317760058529, 0.07172835173092229, 0.009963369601218049, 0.010759252759638344, 0.015517249902368373, 0.0], [0.9093048039527771, 0.04626599785278319, 0.009946200948650672, 0.009946200948650672, 0.024536796297138428, 0.0], [0.04013666236960528, 0.05481719035454711, 0.009954584279082274, 0.009954584279082274, 0.885136978717683, 0.0], [0.8671451734092618, 0.09718432396092856, 0.009950765215328035, 0.014577648594139283, 0.011142088820342469, 0.0], [0.05643782284662476, 0.07525043046216634, 0.009961770801050731, 0.011287564569324952, 0.8470624113208332, 0.0], [0.049571763290377734, 0.11393589905962068, 0.009942552164138937, 0.0170903848589431, 0.8094594006269195, 0.0], [0.7556826063692753, 0.18667882126790988, 0.00990864231782961, 0.02800182319018648, 0.01972810685479875, 0.0], [0.0655398327415506, 0.1260534520382291, 0.009952897910637906, 0.01890801780573436, 0.7795457995038481, 0.0], [0.6163984886003768, 0.29557136233142267, 0.009865532788098222, 0.0443357043497134, 0.033828911930388804, 0.0], [0.6863954273526635, 0.20346686001749129, 0.009966537350844538, 0.03052002900262369, 0.06965114627637707, 0.0], [0.6772887676598818, 0.2392322016336241, 0.009891759422519087, 0.03588483024504361, 0.03770244103893149, 0.0], [0.7875591808908892, 0.15418244658608748, 0.009922770052140619, 0.023127366987913123, 0.025208235482969587, 0.0], [0.8878356194722269, 0.0585605380785659, 0.030048439640994972, 0.010007666741654748, 0.01354773606655749, 0.0], [1.0, 0.0, 0.0, 0.0, 0.0, 0.0], [1.0, 0.0, 0.0, 0.0, 0.0, 0.0], [0.7425436496284992, 0.10223205812113861, 0.09159259634315571, 0.01533480871817079, 0.04829688718903567, 0.0], [0.604260935143288, 0.28796538858458365, 0.00992299753909661, 0.04319480828768754, 0.054655870445344104, 0.0], [0.10204338100384548, 0.13823610727121927, 0.010053535074270491, 0.020735416090682888, 0.7289315605599819, 0.0], [0.578743667829983, 0.32192493028747, 0.009879543663878165, 0.0482887395431205, 0.04116311867554837, 0.0], [0.6529132841786449, 0.2547106576301482, 0.009930240063553536, 0.03820659864452223, 0.044239219483131, 0.0], [0.04990355606113062, 0.14669370394183687, 0.009926306939017755, 0.022004055591275534, 0.7714723774667391, 0.0], [0.07416194760913519, 0.07396298866182698, 0.009962869286458604, 0.011094448299274048, 0.8308177461433051, 0.0], [0.7946299432583783, 0.1508659587356137, 0.009924220884378129, 0.02262989381034206, 0.02194998331128775, 0.0], [0.05813498994140982, 0.06441851651380051, 0.009964089893021725, 0.009964089893021725, 0.8575183137587462, 0.0], [0.9483990802565891, 0.020419013949047164, 0.01121368843346706, 0.00998410868044835, 0.00998410868044835, 0.0], [1.0, 0.0, 0.0, 0.0, 0.0, 0.0]], [[1.0, 0.0, 0.0, 0.0, 0.0, 0.0], [0.8281300050249502, 0.07099703006721694, 0.06377284189017068, 0.01064955451008254, 0.026450568507579684, 0.0], [0.08111251428828135, 0.0767698750617703, 0.009983078681634627, 0.011515481259265544, 0.8206190507090481, 0.0], [0.7339635967140395, 0.19601769363252255, 0.009912399172314668, 0.02940265404487838, 0.03070365643624469, 0.0], [0.7020445351146057, 0.21816957410882729, 0.009903294330859158, 0.03272543611632409, 0.03715716032938356, 0.0], [0.710669444678145, 0.2081529028075402, 0.009897903129222074, 0.031222935421131026, 0.040056813963961733, 0.0], [0.7048482174285955, 0.20753285771654364, 0.009915568930556312, 0.031129928657481543, 0.046573427266822995, 0.0], [0.8438001108773019, 0.09840857292169639, 0.009950641717286726, 0.014761285938254457, 0.03307938854546069, 0.0], [0.04365851410402916, 0.0686345539546883, 0.00996514256660525, 0.010295183093203245, 0.867446606281474, 0.0], [0.8909156591924701, 0.07522034116383682, 0.009961746497552864, 0.011283051174575523, 0.012619201971564731, 0.0], [0.9475476716151285, 0.022757162035388852, 0.009898388783160874, 0.009898388783160874, 0.009898388783160874, 0.0], [0.9524682149128557, 0.017837761175771644, 0.00989800797045755, 0.00989800797045755, 0.00989800797045755, 0.0], [0.009912035707248404, 0.01333237915325668, 0.009912035707248404, 0.009912035707248404, 0.9569315137249982, 0.0], [0.9475523639007304, 0.02275258420042976, 0.00989835063294662, 0.00989835063294662, 0.00989835063294662, 0.0], [0.03976321424735183, 0.03956612272691887, 0.009939325375434712, 0.009939325375434712, 0.9007920122748599, 0.0], [0.8831727969132707, 0.07960075032359434, 0.009959487667816673, 0.011940112548539153, 0.015326852546779037, 0.0], [0.8833774502453772, 0.07858402279926384, 0.009960079514362617, 0.011787603419889575, 0.016290844021106837, 0.0], [0.8533265233501751, 0.10056603035886531, 0.009949207225906838, 0.015084904553829796, 0.021073334511222862, 0.0], [0.8042095676391957, 0.14342716848395404, 0.009927787581597661, 0.021514075272593105, 0.020921401022659422, 0.0], [0.8376989435347866, 0.09730141767119295, 0.009964302884914792, 0.014595212650678941, 0.04044012325842668, 0.0], [0.7053743633928284, 0.20990396113879953, 0.009903465965501276, 0.031485594170819926, 0.04333261533205083, 0.0], [0.6806689140140417, 0.24649758758066692, 0.009876682117796732, 0.03697463813710004, 0.02598217815039462, 0.0], [0.07047760406030691, 0.09294078387034113, 0.009961498807110518, 0.013941117580551169, 0.8126789956816903, 0.0], [0.40071855747332347, 0.3914985731573185, 0.010021722082614067, 0.05872478597359777, 0.13903636131314626, 0.0], [0.08011600597999845, 0.07732068116075862, 0.009983302925856504, 0.011598102174113794, 0.8209819077592725, 0.0], [0.7640686780839783, 0.17391743326772247, 0.009912897754465605, 0.02608761499015837, 0.02601337590367528, 0.0], [0.8219453565337822, 0.12289058874052751, 0.009938237696452816, 0.018433588311079125, 0.02679222871815853, 0.0], [0.8532426641450974, 0.06111116699695198, 0.04640626100252492, 0.010092647547002787, 0.02914726030842278, 0.0], [0.8117038525450014, 0.08313540389194615, 0.06271130248489204, 0.012470310583791923, 0.02997913049436846, 0.0], [1.0, 0.0, 0.0, 0.0, 0.0, 0.0], [0.4606197152665669, 0.10032799319817844, 0.24919155219165742, 0.015049198979726766, 0.17481154036387042, 0.0], [0.598927631385295, 0.15765873931878824, 0.14908433477358957, 0.023648810897818236, 0.07068048362450882, 0.0], [0.11698211096588809, 0.20532979476997676, 0.009977152321184487, 0.030799469215496516, 0.6369114727274541, 0.0], [0.6290560453758304, 0.28443886688883563, 0.009881496157333181, 0.042665830033325344, 0.03395776154467547, 0.0], [0.07205782528588159, 0.11820666025158075, 0.009945869604676548, 0.017730999037737113, 0.782058645820124, 0.0], [0.46439052826244265, 0.33488783468682154, 0.010050655302725737, 0.05023317520302323, 0.14043780654498675, 0.0], [0.8437306609705948, 0.09103068292975065, 0.009981434531770906, 0.013654602439462598, 0.041602619128421135, 0.0], [0.054047151685409946, 0.08453528853358992, 0.009957148329735141, 0.012680293280038488, 0.8387801181712266, 0.0], [0.8989416704431363, 0.03760612714476356, 0.034439400805702514, 0.010089558666309468, 0.018923242940088084, 0.0], [1.0, 0.0, 0.0, 0.0, 0.0, 0.0]], [[1.0, 0.0, 0.0, 0.0, 0.0, 0.0], [0.8925055059107534, 0.03628071162238835, 0.0229274080509151, 0.010028989539645308, 0.03825738487629778, 0.0], [0.5687566227482656, 0.2067297118979547, 0.009996601155607094, 0.031009456784693204, 0.1835076074134794, 0.0], [0.797878433227919, 0.12400707188924025, 0.00996040738066187, 0.018601060783386036, 0.04955302671879278, 0.0], [0.05303342789558307, 0.13191508115203857, 0.009933740401618039, 0.019787262172805783, 0.7853304883779545, 0.0], [0.10558828073746922, 0.1718833069321495, 0.00991364863043756, 0.025782496039822425, 0.6868322676601212, 0.0], [0.774373617455078, 0.16018963443903939, 0.009919682490980982, 0.024028445165855908, 0.031488620449045636, 0.0], [0.7988342782789265, 0.13700101946186874, 0.009931212317911683, 0.02055015291928031, 0.03368333702201275, 0.0], [0.8665833530737422, 0.09450669335866697, 0.009952133423075951, 0.014176004003800044, 0.014781816140714577, 0.0], [0.013686585078865254, 0.026782382312599634, 0.009926712767811515, 0.009926712767811515, 0.939677607072912, 0.0], [0.009914312642636546, 0.015593784846960243, 0.009914312642636546, 0.00991431264263