{"prediction": [[[1.0, 0.0, 0.0, 0.0, 0.0, 0.0], [1.0, 0.0, 0.0, 0.0, 0.0, 0.0], [1.0, 0.0, 0.0, 0.0, 0.0, 0.0], [1.0, 0.0, 0.0, 0.0, 0.0, 0.0], [1.0, 0.0, 0.0, 0.0, 0.0, 0.0], [1.0, 0.0, 0.0, 0.0, 0.0, 0.0], [1.0, 0.0, 0.0, 0.0, 0.0, 0.0], [1.0, 0.0, 0.0, 0.0, 0.0, 0.0], [1.0, 0.0, 0.0, 0.0, 0.0, 0.0], [1.0, 0.0, 0.0, 0.0, 0.0, 0.0], [1.0, 0.0, 0.0, 0.0, 0.0, 0.0], [1.0, 0.0, 0.0, 0.0, 0.0, 0.0], [1.0, 0.0, 0.0, 0.0, 0.0, 0.0], [1.0, 0.0, 0.0, 0.0, 0.0, 0.0], [1.0, 0.0, 0.0, 0.0, 0.0, 0.0], [1.0, 0.0, 0.0, 0.0, 0.0, 0.0], [1.0, 0.0, 0.0, 0.0, 0.0, 0.0], [1.0, 0.0, 0.0, 0.0, 0.0, 0.0], [1.0, 0.0, 0.0, 0.0, 0.0, 0.0], [1.0, 0.0, 0.0, 0.0, 0.0, 0.0], [1.0, 0.0, 0.0, 0.0, 0.0, 0.0], [1.0, 0.0, 0.0, 0.0, 0.0, 0.0], [1.0, 0.0, 0.0, 0.0, 0.0, 0.0], [1.0, 0.0, 0.0, 0.0, 0.0, 0.0], [1.0, 0.0, 0.0, 0.0, 0.0, 0.0], [1.0, 0.0, 0.0, 0.0, 0.0, 0.0], [1.0, 0.0, 0.0, 0.0, 0.0, 0.0], [1.0, 0.0, 0.0, 0.0, 0.0, 0.0], [1.0, 0.0, 0.0, 0.0, 0.0, 0.0], [1.0, 0.0, 0.0, 0.0, 0.0, 0.0], [1.0, 0.0, 0.0, 0.0, 0.0, 0.0], [1.0, 0.0, 0.0, 0.0, 0.0, 0.0], [1.0, 0.0, 0.0, 0.0, 0.0, 0.0], [1.0, 0.0, 0.0, 0.0, 0.0, 0.0], [1.0, 0.0, 0.0, 0.0, 0.0, 0.0], [1.0, 0.0, 0.0, 0.0, 0.0, 0.0], [1.0, 0.0, 0.0, 0.0, 0.0, 0.0], [1.0, 0.0, 0.0, 0.0, 0.0, 0.0], [1.0, 0.0, 0.0, 0.0, 0.0, 0.0], [1.0, 0.0, 0.0, 0.0, 0.0, 0.0]], [[1.0, 0.0, 0.0, 0.0, 0.0, 0.0], [0.9573336020309609, 0.012681217298556651, 0.009995060223494166, 0.009995060223494166, 0.009995060223494166, 0.0], [0.921292197371077, 0.0252319843631647, 0.025241977228259015, 0.010071808728567803, 0.01816203230893142, 0.0], [0.9032667797380496, 0.030951660729666586, 0.0336906569627943, 0.010103685555206073, 0.021987217014283418, 0.0], [0.9219671424852871, 0.024633661549447336, 0.018550044729543337, 0.010035973124376055, 0.024813178111346142, 0.0], [0.03623058040890082, 0.022787785746839692, 0.023827228605467463, 0.010070602157243716, 0.9070838030815483, 0.0], [0.03958172979138335, 0.01854458876875895, 0.01880780228676714, 0.01005395877119168, 0.9130119203818989, 0.0], [0.9590389222378621, 0.010978368692829166, 0.009994236356436266, 0.009994236356436266, 0.009994236356436266, 0.0], [1.0, 0.0, 0.0, 0.0, 0.0, 0.0], [0.9600511228068819, 0.009987219298279535, 0.009987219298279535, 0.009987219298279535, 0.009987219298279535, 0.0], [0.009994783907488461, 0.009994783907488461, 0.009994783907488461, 0.009994783907488461, 0.9600208643700461, 0.0], [0.9600604108862569, 0.009984897278435772, 0.009984897278435772, 0.009984897278435772, 0.009984897278435772, 0.0], [0.9600596721109779, 0.009985081972255547, 0.009985081972255547, 0.009985081972255547, 0.009985081972255547, 0.0], [0.9600599677096948, 0.009985008072576306, 0.009985008072576306, 0.009985008072576306, 0.009985008072576306, 0.0], [0.9600589325968041, 0.009985266850798976, 0.009985266850798976, 0.009985266850798976, 0.009985266850798976, 0.0], [0.009995792870266015, 0.009995792870266015, 0.009995792870266015, 0.009995792870266015, 0.960016828518936, 0.0], [0.9600573772070009, 0.009985655698249805, 0.009985655698249805, 0.009985655698249805, 0.009985655698249805, 0.0], [0.960056264210567, 0.009985933947358281, 0.009985933947358281, 0.009985933947358281, 0.009985933947358281, 0.0], [0.009997133716020977, 0.009997133716020977, 0.009997133716020977, 0.009997133716020977, 0.9600114651359161, 0.0], [0.009999727023148438, 0.009999727023148438, 0.009999727023148438, 0.009999727023148438, 0.9600010919074063, 0.0], [0.9574939281950756, 0.012521716584939958, 0.009994785073328155, 0.009994785073328155, 0.009994785073328155, 0.0], [0.03572083346618627, 0.013899738545419763, 0.016313012148072573, 0.010052649618977777, 0.9240137662213437, 0.0], [0.033044353309027594, 0.018069570842700895, 0.02161959260605141, 0.010071040368020255, 0.9171954428741999, 0.0], [0.9324070920974498, 0.017699829832340228, 0.016788413242663665, 0.010045027369919962, 0.023059637457626354, 0.0], [0.9159682563227768, 0.024605559353019113, 0.029189910818628456, 0.010095796308063608, 0.02014047719751198, 0.0], [0.9290027834110501, 0.020984251319384806, 0.024445653537020468, 0.010078935758713086, 0.01548837597383164, 0.0], [0.9528242653040271, 0.016832257911654835, 0.01035800879818666, 0.009992733993065703, 0.009992733993065703, 0.0], [0.941876432914919, 0.02515616552954222, 0.013014122967283177, 0.009976639294127862, 0.009976639294127862, 0.0], [0.012804090981223468, 0.015671416374702082, 0.01008903045346751, 0.01001240365415903, 0.9514230585364478, 0.0], [0.8750674414874386, 0.046863348587386826, 0.04532671346632401, 0.01012539968352155, 0.02261709677532896, 0.0], [0.049397937535705566, 0.04151635603864685, 0.0400685546986776, 0.010110512824889333, 0.8589066389020806, 0.0], [0.07194402644904056, 0.025362640830057324, 0.01749423099774033, 0.01002822841953802, 0.8751708733036238, 0.0], [0.8469142088154182, 0.05541837329107703, 0.05761081523716787, 0.010171169388408905, 0.029885433267927846, 0.0], [0.8815227944995145, 0.04470837943414546, 0.039439715191064345, 0.010098273132572139, 0.02423083774270353, 0.0], [0.9412833318672369, 0.02505542338723626, 0.013698941544264086, 0.009981151600631375, 0.009981151600631375, 0.0], [0.012768964882377049, 0.013016425442113037, 0.010010769483559712, 0.010010769483559712, 0.9541930707083905, 0.0], [0.9575135244862707, 0.012503377137648455, 0.00999436612536033, 0.00999436612536033, 0.00999436612536033, 0.0], [0.9600389863547759, 0.009990253411306046, 0.009990253411306046, 0.009990253411306046, 0.009990253411306046, 0.0], [0.9600552982596859, 0.009986175435078534, 0.009986175435078534, 0.009986175435078534, 0.009986175435078534, 0.0], [1.0, 0.0, 0.0, 0.0, 0.0, 0.0]], [[1.0, 0.0, 0.0, 0.0, 0.0, 0.0], [0.9256690455731295, 0.022844300347063407, 0.025893539561879318, 0.010081984544856058, 0.015511129973071722, 0.0], [0.8700079837655196, 0.0861653455141372, 0.009956225236114304, 0.01292480182712058, 0.020945643657108395, 0.0], [0.8908481857569313, 0.046665127675194866, 0.009946805717518447, 0.009946805717518447, 0.0425930751328371, 0.0], [0.6658385093167702, 0.10414906832298138, 0.009947826086956522, 0.015622360248447206, 0.2044422360248447, 0.0], [0.8859845558506249, 0.06709676652059658, 0.009965901562006777, 0.010064514978089486, 0.0268882610886822, 0.0], [0.040018576524411334, 0.058051638785411495, 0.009957708763574203, 0.009957708763574203, 0.8820143671630288, 0.0], [0.9212872718034987, 0.02510374045732814, 0.02708403552129267, 0.010082502292841633, 0.01644244992503883, 0.0], [1.0, 0.0, 0.0, 0.0, 0.0, 0.0], [0.009997788400353856, 0.009997788400353856, 0.009997788400353856, 0.009997788400353856, 0.9600088463985846, 0.0], [0.9604239832168481, 0.009894004195787986, 0.009894004195787986, 0.009894004195787986, 0.009894004195787986, 0.0], [0.9604273316616013, 0.00989316708459965, 0.00989316708459965, 0.00989316708459965, 0.00989316708459965, 0.0], [0.9604259947010979, 0.009893501324725511, 0.009893501324725511, 0.009893501324725511, 0.009893501324725511, 0.0], [0.9604231429499375, 0.00989421426251566, 0.00989421426251566, 0.00989421426251566, 0.00989421426251566, 0.0], [0.9604192613457802, 0.009895184663554994, 0.009895184663554994, 0.009895184663554994, 0.009895184663554994, 0.0], [0.009904996754849266, 0.009904996754849266, 0.009904996754849266, 0.009904996754849266, 0.9603800129806029, 0.0], [0.9604194871038942, 0.00989512822402644, 0.00989512822402644, 0.00989512822402644, 0.00989512822402644, 0.0], [0.9604196563627196, 0.009895085909320096, 0.009895085909320096, 0.009895085909320096, 0.009895085909320096, 0.0], [0.9581901879300445, 0.012116670397368395, 0.009897713890862376, 0.009897713890862376, 0.009897713890862376, 0.0], [0.009909901096643546, 0.011543616282368593, 0.009909901096643546, 0.009909901096643546, 0.9587266804277007, 0.0], [0.9092497480338745, 0.057155097612812206, 0.009956733887247503, 0.009956733887247503, 0.01368168657881826, 0.0], [0.8899039880772546, 0.07323152782921676, 0.009962652415280616, 0.010984729174382512, 0.015917102503865542, 0.0], [0.9068642465176847, 0.04411558381763318, 0.009944037924581617, 0.009944037924581617, 0.029132093815518796, 0.0], [0.6798255755841622, 0.09189654477942591, 0.0099539671907455, 0.013784481716913885, 0.20453943072875255, 0.0], [0.9081600480741197, 0.04348810155657753, 0.009943455584317005, 0.009943455584317005, 0.02846493920066893, 0.0], [0.03953872475025446, 0.04709106543288733, 0.009946876934361769, 0.009946876934361769, 0.8934764559481346, 0.0], [0.8954394623112174, 0.06890657523940585, 0.009964760762203605, 0.010335986285910877, 0.015353215401262164, 0.0], [0.015158524701505024, 0.024460346677428562, 0.009924404240449637, 0.009924404240449637, 0.9405323201401671, 0.0], [0.8428272552157743, 0.1119622922057855, 0.00994331785541857, 0.016794343830867822, 0.018472790892153854, 0.0], [0.8102434783382324, 0.13567488245217152, 0.00993169795261907, 0.02035123236782573, 0.023798708889151397, 0.0], [0.08094287022424651, 0.052737011152239145, 0.009952993545426827, 0.009952993545426827, 0.8464141315326608, 0.0], [0.5020619954892279, 0.30028280230461274, 0.01004626304130521, 0.04504242034569191, 0.14256651881916224, 0.0], [0.8492865643564109, 0.08318217995194695, 0.009979865621109411, 0.01247732699279204, 0.04507406307774066, 0.0], [0.8103884123612565, 0.13327486989244972, 0.009933011190536049, 0.019991230483867455, 0.026412476071890238, 0.0], [0.8344323329306415, 0.11606226631841397, 0.009941415247853245, 0.017409339947762097, 0.022154645555329273, 0.0], [0.922275141976398, 0.04802594679196998, 0.009899637077210683, 0.009899637077210683, 0.009899637077210683, 0.0], [0.013781413008275739, 0.020622900180241193, 0.009920648592671635, 0.009920648592671635, 0.9457543896261399, 0.0], [0.9423913314467257, 0.027912929259055943, 0.009898579764739469, 0.009898579764739469, 0.009898579764739469, 0.0], [0.9600420200762587, 0.009989494980935335, 0.009989494980935335, 0.009989494980935335, 0.009989494980935335, 0.0], [1.0, 0.0, 0.0, 0.0, 0.0, 0.0]], [[1.0, 0.0, 0.0, 0.0, 0.0, 0.0], [0.010008576240407276, 0.012590335658348651, 0.010008576240407276, 0.010008576240407276, 0.9573839356204296, 0.0], [0.04717605610146952, 0.05216535627555163, 0.009951924881886964, 0.009951924881886964, 0.8807547378592049, 0.0], [0.84815248458118, 0.1069025012615286, 0.009945935901003242, 0.01603537518922929, 0.018963703067058954, 0.0], [0.8916710896383414, 0.050248265120362706, 0.009950446182768765, 0.009950446182768765, 0.03817975287575831, 0.0], [0.8458241728348045, 0.10589495082388846, 0.009946508458983637, 0.015884242623583268, 0.022450125258740294, 0.0], [0.04717601599039468, 0.05563209432829561, 0.009955425093486642, 0.009955425093486642, 0.8772810394943363, 0.0], [0.9440499729030463, 0.022901614859989202, 0.013077611795911078, 0.009985400220526757, 0.009985400220526757, 0.0], [1.0, 0.0, 0.0, 0.0, 0.0, 0.0], [0.00999769198245131, 0.00999769198245131, 0.00999769198245131, 0.00999769198245131, 0.9600092320701948, 0.0], [0.9604239832168481, 0.009894004195787986, 0.009894004195787986, 0.009894004195787986, 0.009894004195787986, 0.0], [0.9604244308417171, 0.009893892289570742, 0.009893892289570742, 0.009893892289570742, 0.009893892289570742, 0.0], [0.960416091140068, 0.009895977214983018, 0.009895977214983018, 0.009895977214983018, 0.009895977214983018, 0.0], [0.009906941167724998, 0.009906941167724998, 0.009906941167724998, 0.009906941167724998, 0.9603722353291, 0.0], [0.009912130120536246, 0.013476223775881086, 0.009912130120536246, 0.009912130120536246, 0.9567873858625101, 0.0], [0.9496625184405819, 0.020642715585835875, 0.009898255324527401, 0.009898255324527401, 0.009898255324527401, 0.0], [0.9520594291936596, 0.018245976249983538, 0.0098981981854523, 0.0098981981854523, 0.0098981981854523, 0.0], [0.9559877444212133, 0.014318630437609491, 0.009897875047059105, 0.009897875047059105, 0.009897875047059105, 0.0], [0.9585295798062502, 0.011777221685271757, 0.009897732836159382, 0.009897732836159382, 0.009897732836159382, 0.0], [0.9505136225011115, 0.019792211033718903, 0.009898055488389871, 0.009898055488389871, 0.009898055488389871, 0.0], [0.009916108048949476, 0.01745603750890577, 0.009916108048949476, 0.009916108048949476, 0.9527956383442459, 0.0], [0.8991165524935285, 0.06658108830174726, 0.009965908703339485, 0.009987163245262089, 0.014349287256122669, 0.0], [0.8799500903153541, 0.07935679438130147, 0.009959673489339028, 0.01190351915719522, 0.018829922656810067, 0.0], [0.908855574119872, 0.038237441668140505, 0.009938276667157398, 0.009938276667157398, 0.0330304308776728, 0.0], [0.8802622462386791, 0.07884423855136587, 0.009960028150166578, 0.01182663578270488, 0.019106851277083513, 0.0], [0.9006724520079642, 0.06411130949203278, 0.00996369826854977, 0.00996369826854977, 0.015288841962903425, 0.0], [0.9389636876911288, 0.03133959635579256, 0.009898905317692917, 0.009898905317692917, 0.009898905317692917, 0.0], [0.930392225037487, 0.03991103023346239, 0.009898914909683542, 0.009898914909683542, 0.009898914909683542, 0.0], [0.01625750308399907, 0.027440694599356004, 0.009927422565020159, 0.009927422565020159, 0.9364469571866046, 0.0], [0.8302595339690053, 0.11899694523421435, 0.009939977485995488, 0.01784954178513215, 0.02295400152565256, 0.0], [0.7900949172770423, 0.1500725127818931, 0.00992467676023479, 0.022510876917283963, 0.02739701626354573, 0.0], [0.8430933195085902, 0.08638802830416761, 0.009969766682535212, 0.012958204245625143, 0.04759068125908183, 0.0], [0.05512261813633101, 0.11336258361789438, 0.009942853580174464, 0.017004387542684154, 0.804567557122916, 0.0], [0.06740838991942667, 0.09314433908102865, 0.0099528834161503, 0.013971650862154298, 0.8155227367212401, 0.0], [0.023411500084459212, 0.04405708454712577, 0.009943960573848467, 0.009943960573848467, 0.9126434942207181, 0.0], [0.9157557945084249, 0.05445994382338403, 0.009928087222730317, 0.009928087222730317, 0.009928087222730317, 0.0], [0.8527496603831787, 0.10326921974147596, 0.009947757342545337, 0.015490382961221395, 0.01854297957157857, 0.0], [0.010965030893851617, 0.0172096897437133, 0.009917206641170101, 0.009917206641170101, 0.9519908660800949, 0.0], [0.9550686089902115, 0.014945992851488945, 0.009995132719433232, 0.009995132719433232, 0.009995132719433232, 0.0], [1.0, 0.0, 0.0, 0.0, 0.0, 0.0]], [[1.0, 0.0, 0.0, 0.0, 0.0, 0.0], [0.950867034970509, 0.01843813734494756, 0.010718703843196183, 0.009988061920673724, 0.009988061920673724, 0.0], [0.9258941215610804, 0.04440798028580093, 0.009899299384372905, 0.009899299384372905, 0.009899299384372905, 0.0], [0.049034582232279585, 0.053433854226909515, 0.00995322931279417, 0.00995322931279417, 0.8776251049152226, 0.0], [0.8497793461683775, 0.10740926093329352, 0.009945741509624306, 0.016111389139994027, 0.01675426224871079, 0.0], [0.8577633866670359, 0.099048775711638, 0.009949877264572483, 0.014857316356745701, 0.018380644000007912, 0.0], [0.8763991379421185, 0.08609699239122157, 0.009956293784103754, 0.012914548858683235, 0.014633027023872753, 0.0], [0.9273309976948092, 0.0429706414755578, 0.009899453609877651, 0.009899453609877651, 0.009899453609877651, 0.0], [0.010007295701849972, 0.011542895421860764, 0.010007295701849972, 0.010007295701849972, 0.9584352174725893, 0.0], [0.009908879032976412, 0.010375789563326087, 0.009908879032976412, 0.009908879032976412, 0.9598975733377447, 0.0], [0.009904427222726461, 0.009904427222726461, 0.009904427222726461, 0.009904427222726461, 0.9603822911090941, 0.0], [0.009906452620888994, 0.009906452620888994, 0.009906452620888994, 0.009906452620888994, 0.960374189516444, 0.0], [0.9465025202108053, 0.023801855176219258, 0.009898541537658496, 0.009898541537658496, 0.009898541537658496, 0.0], [0.014063286757301105, 0.024094442346424973, 0.009923959906847935, 0.009923959906847935, 0.941994351082578, 0.0], [0.013435819599760222, 0.027363793763614225, 0.009927249712335658, 0.009927249712335658, 0.9393458872119542, 0.0], [0.885521284315001, 0.07824915778284823, 0.00996019778933764, 0.011737373667427234, 0.014531986445386095, 0.0], [0.9372633652297221, 0.033040148920517154, 0.009898828616586938, 0.009898828616586938, 0.009898828616586938, 0.0], [0.012843299930911906, 0.022340452753386992, 0.009922310337429413, 0.009922310337429413, 0.9449716266408423, 0.0], [0.9462179618718182, 0.024086614096287824, 0.009898474677298, 0.009898474677298, 0.009898474677298, 0.0], [0.9469501194597493, 0.023355599980496362, 0.009898093519918084, 0.009898093519918084, 0.009898093519918084, 0.0], [0.009916166581373181, 0.017009536647439993, 0.009916166581373181, 0.009916166581373181, 0.9532419636084405, 0.0], [0.011602194191233655, 0.02045132535403899, 0.009920367651902712, 0.009920367651902712, 0.9481057451509219, 0.0], [0.899476603421265, 0.06641360593736649, 0.009965997024986944, 0.009965997024986944, 0.014177796591394615, 0.0], [0.8920024517576124, 0.06990180601927273, 0.009964346615995691, 0.01048527090289091, 0.01764612470422829, 0.0], [0.9023764441829768, 0.06194475891969923, 0.009961587328267674, 0.009961587328267674, 0.015755622240788622, 0.0], [0.9414417829914319, 0.028862075965962318, 0.009898713680868603, 0.009898713680868603, 0.009898713680868603, 0.0], [0.009912707241316647, 0.014156112036075065, 0.009912707241316647, 0.009912707241316647, 0.9561057662399751, 0.0], [0.9441171010074361, 0.026187474960669928, 0.009898474677298, 0.009898474677298, 0.009898474677298, 0.0], [0.9351225360856363, 0.035180402457924385, 0.009899020485479755, 0.009899020485479755, 0.009899020485479755, 0.0], [0.9206495505315928, 0.04962911101854889, 0.009907112816619452, 0.009907112816619452, 0.009907112816619452, 0.0], [0.8419971139170526, 0.10675435550339757, 0.009946236425973162, 0.016013153325509632, 0.02528914082806703, 0.0], [0.8059154839076397, 0.13913842914443456, 0.009929985937874567, 0.02087076437166518, 0.024145336638385896, 0.0], [0.06856547384822856, 0.0974351470474827, 0.009950644723078536, 0.014615272057122404, 0.8094334623240877, 0.0], [0.8836041623657304, 0.08391467140351373, 0.009946982760114442, 0.012587200710527059, 0.009946982760114442, 0.0], [0.8844928455698159, 0.08313925924899516, 0.009948503146919939, 0.012470888887349273, 0.009948503146919939, 0.0], [0.8264180430396972, 0.11948868942745455, 0.009939894168575613, 0.01792330341411818, 0.02623006995015445, 0.0], [0.8359593924333801, 0.1091244067816778, 0.00994514527775409, 0.01636866101725167, 0.02860239448993636, 0.0], [0.8565835646118846, 0.09918648294917112, 0.009949798586172336, 0.014877972442375667, 0.01940218141039619, 0.0], [0.9503779482025086, 0.018833484460162506, 0.01081425562004945, 0.009987155858639699, 0.009987155858639699, 0.0], [1.0, 0.0, 0.0, 0.0, 0.0, 0.0]], [[1.0, 0.0, 0.0, 0.0, 0.0, 0.0], [0.9592543210480606, 0.010764394319335542, 0.009993761544201294, 0.009993761544201294, 0.009993761544201294, 0.0], [0.9368494781130763, 0.03345366202495065, 0.009898953287324343, 0.009898953287324343, 0.009898953287324343, 0.0], [0.9164867728200286, 0.05378362645327739, 0.009909866908898017, 0.009909866908898017, 0.009909866908898017, 0.0], [0.8592627886080091, 0.09899933077836309, 0.009949852860205825, 0.014849899616754463, 0.016938128136667514, 0.0], [0.045518820547987233, 0.06046086816265261, 0.009960210613603597, 0.009960210613603597, 0.874099890062153, 0.0], [0.039723724710135536, 0.06391413739165021, 0.009963580814281942, 0.009963580814281942, 0.8764349762696504, 0.0], [0.8812459506110558, 0.08185329712994147, 0.009958405665929738, 0.01227799456949122, 0.014664352023581663, 0.0], [0.9409562910468053, 0.029346705109707195, 0.009899001281162502, 0.009899001281162502, 0.009899001281162502, 0.0], [0.009912539300951555, 0.01387020332345755, 0.009912539300951555, 0.009912539300951555, 0.9563921787736877, 0.0], [0.9459561206998549, 0.024348053964674782, 0.009898608445156741, 0.009898608445156741, 0.009898608445156741, 0.0], [0.9388776022465213, 0.03142501921779647, 0.009899126178560784, 0.009899126178560784, 0.009899126178560784, 0.0], [0.9250255872784279, 0.04527547249207803, 0.009899646743164682, 0.009899646743164682, 0.009899646743164682, 0.0], [0.053749324424889645, 0.07021530881632317, 0.009964145689843157, 0.010532296322448476, 0.8555389247464955, 0.0], [0.05219485551672412, 0.07356753569039694, 0.009962538441140034, 0.01103513035355954, 0.8532399399981794, 0.0], [0.8355033541780608, 0.11620696509933964, 0.009941382239817552, 0.017431044764900944, 0.020917253717881137, 0.0], [0.8550744366205898, 0.09974383407378073, 0.009949633076342395, 0.014961575111067108, 0.02027052111821995, 0.0], [0.017806513731239038, 0.04123613706181672, 0.009941065865357106, 0.009941065865357106, 0.9210752174762299, 0.0], [0.9130713212777489, 0.057202216475222036, 0.009908820749009659, 0.009908820749009659, 0.009908820749009659, 0.0], [0.012689169449594978, 0.02272246622369333, 0.009922635412619328, 0.009922635412619328, 0.9447430935014729, 0.0], [0.9393697334210445, 0.03093380947905899, 0.009898819033298877, 0.009898819033298877, 0.009898819033298877, 0.0], [0.9423784185609766, 0.027925583943033766, 0.009898665831996558, 0.009898665831996558, 0.009898665831996558, 0.0], [0.9453398166871286, 0.024964787923882313, 0.009898465129663005, 0.009898465129663005, 0.009898465129663005, 0.0], [0.9088421990386144, 0.059456966292245804, 0.009959041853951172, 0.009959041853951172, 0.011782750961237418, 0.0], [0.009911414464130118, 0.01251069541804366, 0.009911414464130118, 0.009911414464130118, 0.9577550611895659, 0.0], [0.9524626695768204, 0.017843135438660812, 0.00989806499483963, 0.00989806499483963, 0.00989806499483963, 0.0], [0.009906009906009908, 0.009906009906009908, 0.009906009906009908, 0.009906009906009908, 0.9603759603759604, 0.0], [0.9604193177938484, 0.009895170551537914, 0.009895170551537914, 0.009895170551537914, 0.009895170551537914, 0.0], [0.9510977136707651, 0.01920669037935413, 0.0098985319832936, 0.0098985319832936, 0.0098985319832936, 0.0], [0.01293582160173999, 0.021789235625744544, 0.009921725982901105, 0.009921725982901105, 0.9454314908067132, 0.0], [0.9243616840665221, 0.045912981858713, 0.009908444691588279, 0.009908444691588279, 0.009908444691588279, 0.0], [0.8300070729403152, 0.12063567432819432, 0.009939212282185587, 0.018095351149229146, 0.02132268930007567, 0.0], [0.021725476874217386, 0.044981612346391, 0.00994483703917301, 0.00994483703917301, 0.9134032367010456, 0.0], [0.8340243953125215, 0.1192947803214576, 0.009939912243375206, 0.01789421704821864, 0.018846695074426874, 0.0], [0.821675452328097, 0.12287199148325534, 0.0099383507881311, 0.0184307987224883, 0.02708340667802827, 0.0], [0.795252866721547, 0.14263603081295106, 0.009928518433898014, 0.021395404621942657, 0.03078717940966129, 0.0], [0.8486857684110821, 0.0830041003527051, 0.009970462504829443, 0.012450615052905765, 0.04588905367847751, 0.0], [0.8825760049020839, 0.04746382452950542, 0.04135028302502774, 0.010101507290342995, 0.018508380253039945, 0.0], [1.0, 0.0, 0.0, 0.0, 0.0, 0.0], [1.0, 0.0, 0.0, 0.0, 0.0, 0.0]], [[1.0, 0.0, 0.0, 0.0, 0.0, 0.0], [0.0099989492200878, 0.0099989492200878, 0.0099989492200878, 0.0099989492200878, 0.9600042031196488, 0.0], [0.9373967078733392, 0.03290657617358219, 0.009898905317692917, 0.009898905317692917, 0.009898905317692917, 0.0], [0.014981096222004076, 0.03346106689059464, 0.009933353833780795, 0.009933353833780795, 0.9316911292198397, 0.0], [0.04140246655935621, 0.05414928800603152, 0.009953884173882455, 0.009953884173882455, 0.8845404770868474, 0.0], [0.7990041311977217, 0.14658770370436158, 0.009926123941852393, 0.021988155555654233, 0.022493885600410112, 0.0], [0.8723135334445484, 0.08036422533494592, 0.009959317468913365, 0.012054633800241887, 0.025308289951350416, 0.0], [0.04113419636041466, 0.057004481254276575, 0.00995674976565374, 0.00995674976565374, 0.8819478228540013, 0.0], [0.8943600820481172, 0.07199979428630204, 0.009963268236816026, 0.010799969142945308, 0.012876886285819403, 0.0], [0.9304330512888161, 0.039869397074674934, 0.009899183878836263, 0.009899183878836263, 0.009899183878836263, 0.0], [0.014335229590278449, 0.02729112437461945, 0.009927269646161212, 0.009927269646161212, 0.9385191067427796, 0.0], [0.9113486600682306, 0.05891109055462132, 0.009913416459049404, 0.009913416459049404, 0.009913416459049404, 0.0], [0.8448480687985866, 0.10974814803091347, 0.009944596721304988, 0.016462222204637018, 0.018996964244557844, 0.0], [0.0696361953908554, 0.12008287102911712, 0.009939478826491627, 0.018012430654367566, 0.7823290240991683, 0.0], [0.07118481245862568, 0.14118485688742677, 0.009928849743275577, 0.021177728533114015, 0.7565237523775579, 0.0], [0.833337482015463, 0.10026534970901144, 0.00995683711112328, 0.015039802456351715, 0.0414005287080506, 0.0], [0.7900352167652621, 0.1485002515483233, 0.009925625958795642, 0.022275037732248495, 0.02926386799537052, 0.0], [0.812101965946408, 0.1374683958674429, 0.009930855374841206, 0.020620259380116433, 0.019878523431191373, 0.0], [0.024040982455029516, 0.052385597571761845, 0.00995227419779298, 0.00995227419779298, 0.9036688715776228, 0.0], [0.05229729602693929, 0.07223656783285844, 0.009963203879796373, 0.010835485174928767, 0.8546674470854771, 0.0], [0.013203648542524125, 0.02788531744428602, 0.009927862753000135, 0.009927862753000135, 0.9390553085071895, 0.0], [0.9343919651489117, 0.0359118076457902, 0.00989874240176604, 0.00989874240176604, 0.00989874240176604, 0.0], [0.009915647692230562, 0.016514611007184838, 0.009915647692230562, 0.009915647692230562, 0.9537384459161234, 0.0], [0.009908430679147285, 0.009980840699911349, 0.009908430679147285, 0.009908430679147285, 0.9602938672626469, 0.0], [0.9564318655484441, 0.013874736927685361, 0.009897799174623545, 0.009897799174623545, 0.009897799174623545, 0.0], [0.9604103717510454, 0.009897407062238678, 0.009897407062238678, 0.009897407062238678, 0.009897407062238678, 0.0], [0.9604235352321172, 0.009894116191970687, 0.009894116191970687, 0.009894116191970687, 0.009894116191970687, 0.0], [0.9604226942892949, 0.009894326427676266, 0.009894326427676266, 0.009894326427676266, 0.009894326427676266, 0.0], [0.9604169420620048, 0.009895764484498805, 0.009895764484498805, 0.009895764484498805, 0.009895764484498805, 0.0], [0.9476359909188752, 0.022668613692135797, 0.009898465129663005, 0.009898465129663005, 0.009898465129663005, 0.0], [0.9283923765627792, 0.04190966749046482, 0.009899318648918692, 0.009899318648918692, 0.009899318648918692, 0.0], [0.9132309564892649, 0.05695652581988005, 0.009937505896951663, 0.009937505896951663, 0.009937505896951663, 0.0], [0.8446421950315166, 0.11009763935236686, 0.009944382647385987, 0.016514645902855028, 0.018801137065875665, 0.0], [0.7591587537106675, 0.16718418867166274, 0.00991622973423752, 0.02507762830074941, 0.038663199582682925, 0.0], [0.7380270748301337, 0.18937456480173243, 0.009905100214825477, 0.02840618472025986, 0.034287075433048535, 0.0], [0.8343298523820343, 0.09092248122008884, 0.009985994642513875, 0.013638372183013326, 0.051123299572349776, 0.0], [0.4681121520607996, 0.08120897642876505, 0.27778169399517794, 0.01218134646431476, 0.16071583105094273, 0.0], [1.0, 0.0, 0.0, 0.0, 0.0, 0.0], [0.9158728751012751, 0.029261434381483924, 0.031810786746774844, 0.010097700121404889, 0.012957203649061203, 0.0], [1.0, 0.0, 0.0, 0.0, 0.0, 0.0]], [[1.0, 0.0, 0.0, 0.0, 0.0, 0.0], [0.01000060583082858, 0.01000060583082858, 0.01000060583082858, 0.01000060583082858, 0.9599975766766856, 0.0], [0.938824392032262, 0.03147989734816082, 0.009898570206525724, 0.009898570206525724, 0.009898570206525724, 0.0], [0.8914842359374234, 0.07285194338617612, 0.009962861830082362, 0.010927791507926419, 0.014773167338391591, 0.0], [0.8365979895577086, 0.11346881780107505, 0.009942594061107254, 0.017020322670161257, 0.02297027590994783, 0.0], [0.8394005174312054, 0.08813878934581487, 0.009955519158785151, 0.01322081840187223, 0.049284355662322345, 0.0], [0.6215151733798433, 0.13838540409682498, 0.009952204537707659, 0.020757810614523746, 0.2093894073711003, 0.0], [0.8778764713730434, 0.07181723901402073, 0.009963649962380266, 0.010772585852103108, 0.029570053798452456, 0.0], [0.8691145042022549, 0.08589164187690317, 0.009956499720047706, 0.012883746281535473, 0.022153607919258893, 0.0], [0.8827631763059125, 0.0798017120285506, 0.00995939210279489, 0.01197025680428259, 0.0155054627584594, 0.0], [0.020520004538077927, 0.036995200489323185, 0.009936910851432208, 0.009936910851432208, 0.9226109732697345, 0.0], [0.8350641921606803, 0.11959859566824664, 0.009939686512254776, 0.017939789350236997, 0.017457736308581183, 0.0], [0.07835174087464714, 0.11415977415680255, 0.009942548660294192, 0.017123966123520382, 0.7804219701847359, 0.0], [0.7503638992141759, 0.16519908448661075, 0.009918888291000346, 0.024779862672991614, 0.04973826533522123, 0.0], [0.7383961531109506, 0.16578165379488058, 0.009930018196758346, 0.02486724806923209, 0.061024926828178415, 0.0], [0.4867490549288329, 0.27868378267851623, 0.009974365879689199, 0.041802567401777437, 0.18279022911118425, 0.0], [0.792048617253743, 0.12851978003632838, 0.00996663668370131, 0.01927796700544926, 0.05018699902077794, 0.0], [0.7043012880121876, 0.21882357596501986, 0.009892566725362562, 0.03282353639475298, 0.034159032902676925, 0.0], [0.7371518826870924, 0.1922297167312365, 0.009903505318996758, 0.028834457509685475, 0.031880437752989, 0.0], [0.7869030256725076, 0.16189469140491305, 0.009918642731802528, 0.024284203710736956, 0.016999436480039983, 0.0], [0.0564608072016699, 0.072083937740836, 0.009963206538774534, 0.010812590661125398, 0.8506794578575942, 0.0], [0.9229432984550144, 0.04735813805879778, 0.009899521162062596, 0.009899521162062596, 0.009899521162062596, 0.0], [0.9392234143671518, 0.031081018343176472, 0.009898522429890557, 0.009898522429890557, 0.009898522429890557, 0.0], [0.9532870335603459, 0.017018628815415656, 0.00989811254141281, 0.00989811254141281, 0.00989811254141281, 0.0], [0.009905026022131445, 0.009905026022131445, 0.009905026022131445, 0.009905026022131445, 0.9603798959114743, 0.0], [0.9604199383470017, 0.009895015413249579, 0.009895015413249579, 0.009895015413249579, 0.009895015413249579, 0.0], [0.9604230868870904, 0.009894228278227384, 0.009894228278227384, 0.009894228278227384, 0.009894228278227384, 0.0], [0.960419374236223, 0.009895156440944271, 0.009895156440944271, 0.009895156440944271, 0.009895156440944271, 0.0], [0.9603259996397256, 0.009980574394227821, 0.009897808655348858, 0.009897808655348858, 0.009897808655348858, 0.0], [0.009910229244429473, 0.01170114015126294, 0.009910229244429473, 0.009910229244429473, 0.9585681721154486, 0.0], [0.9387350569579209, 0.031568514689148015, 0.009898809450977031, 0.009898809450977031, 0.009898809450977031, 0.0], [0.04929660949972338, 0.05092665770963408, 0.009950703390500276, 0.009950703390500276, 0.8798753260096419, 0.0], [0.8321771883278632, 0.12187729601498323, 0.00993856197645914, 0.018281594402247484, 0.017725359278446852, 0.0], [0.8610925883535536, 0.07986902475193328, 0.009959990843675668, 0.011980353712789991, 0.03709804233804752, 0.0], [0.07670493820247823, 0.1215485874745989, 0.009938938310499409, 0.018232288121189835, 0.7735752478912336, 0.0], [0.7152298551643521, 0.2153035622460002, 0.009892032683544192, 0.03229553433690003, 0.02727901556920356, 0.0], [0.06973070618007035, 0.0650554662507361, 0.009965224172780953, 0.009965224172780953, 0.8452833792236316, 0.0], [0.041036923185108175, 0.04686346307430346, 0.04258999743833161, 0.010110051283596783, 0.85939956501866, 0.0], [0.05374703593572693, 0.0283692610829579, 0.022252668904298365, 0.010046407923050997, 0.8855846261539658, 0.0], [1.0, 0.0, 0.0, 0.0, 0.0, 0.0]], [[1.0, 0.0, 0.0, 0.0, 0.0, 0.0], [0.9591965645397433, 0.010821503944217842, 0.009993977172012947, 0.009993977172012947, 0.009993977172012947, 0.0], [0.9451596097260305, 0.025144249231363783, 0.009898713680868601, 0.009898713680868601, 0.009898713680868601, 0.0], [0.9068010573579101, 0.059016704594208255, 0.009958698192329212, 0.009958698192329212, 0.0142648416632232, 0.0], [0.0, 0.0, 0.0, 0.0, 0.0, 1.0], [0.8564017952994212, 0.07704892705902856, 0.009960901135728914, 0.011557339058854284, 0.04503103744696695, 0.0], [0.8291075842427926, 0.0932795596332458, 0.009952958751302917, 0.01399193394498687, 0.053667963427671925, 0.0], [0.8112380548896012, 0.12586043399330463, 0.009936688687705766, 0.01887906509899569, 0.03408575733039279, 0.0], [0.8691731124564486, 0.09008514035710344, 0.009954408009459929, 0.013512771053565515, 0.017274568123422585, 0.0], [0.9111914359805832, 0.058805737774009444, 0.009958796316955985, 0.009958796316955985, 0.010085233611495385, 0.0], [0.8101823824620273, 0.1323946933399885, 0.009933308458879317, 0.019859204000998276, 0.02763041173810659, 0.0], [0.8226809241572908, 0.12128412540421847, 0.009939055717867757, 0.01819261881063277, 0.02790327590999013, 0.0], [0.8301047613790689, 0.10288664417979354, 0.00994852684128057, 0.01543299662696903, 0.04162707097288796, 0.0], [0.4964292935218073, 0.2716282970688007, 0.009984499065201274, 0.0407442445603201, 0.18121366578387052, 0.0], [0.7131896127888441, 0.18503895949106838, 0.009932311298500718, 0.027755843923660255, 0.06408327249792663, 0.0], [0.066747166592696, 0.1492637232124925, 0.009925293754478532, 0.022389558481873878, 0.7516742579584591, 0.0], [0.08365114017886727, 0.22073234746135578, 0.009889500498005754, 0.033109852119203365, 0.6526171597425678, 0.0], [0.08068001870869587, 0.2082303476140745, 0.00989550040093583, 0.031234552142111176, 0.6699595811341827, 0.0], [0.06891737341631143, 0.1711547125719746, 0.009914298869695665, 0.02567320688579619, 0.724340408256222, 0.0], [0.07089394335529275, 0.08349510613502989, 0.009957895248617468, 0.012524265920254483, 0.8231287893408054, 0.0], [0.7880250618940263, 0.1585139110899474, 0.00992033305210163, 0.023777086663492108, 0.01976360730043251, 0.0], [0.05641134758792006, 0.06660497706433367, 0.009966004740532544, 0.009990746559650052, 0.8570269240475638, 0.0], [0.9394787045459105, 0.03082503952210425, 0.009898751977328429, 0.009898751977328429, 0.009898751977328429, 0.0], [0.9487563117678619, 0.021548206905784986, 0.009898493775451073, 0.009898493775451073, 0.009898493775451073, 0.0], [0.9563184420518885, 0.013987534036738965, 0.00989800797045755, 0.00989800797045755, 0.00989800797045755, 0.0], [0.957694987683092, 0.012611501007215824, 0.009897837103230738, 0.009897837103230738, 0.009897837103230738, 0.0], [0.9555448052299198, 0.01476139879599601, 0.009897931991361415, 0.009897931991361415, 0.009897931991361415, 0.0], [0.9553924380564249, 0.014913538032202522, 0.00989800797045755, 0.00989800797045755, 0.00989800797045755, 0.0], [0.9524046436920874, 0.017900875972293156, 0.00989816011187316, 0.00989816011187316, 0.00989816011187316, 0.0], [0.9487052182207698, 0.021599243146882677, 0.009898512877449217, 0.009898512877449217, 0.009898512877449217, 0.0], [0.8983209176766758, 0.06620144238000618, 0.00996584045155519, 0.00996584045155519, 0.015545959040207722, 0.0], [0.8684528188893429, 0.09175676403490611, 0.009953410095418141, 0.013763514605235916, 0.016073492375096907, 0.0], [0.890485683398296, 0.05003620062086544, 0.009950211748837116, 0.009950211748837116, 0.03957769248316422, 0.0], [0.5563686684203308, 0.22963858726141645, 0.00997344570082156, 0.03444578808921247, 0.16957351052821862, 0.0], [0.8447210537719565, 0.09110176350898688, 0.009961920558664503, 0.013665264526348033, 0.040549997634043856, 0.0], [0.7435976244534558, 0.1766787955701411, 0.009914634992712744, 0.026501819335521166, 0.04330712564816926, 0.0], [0.7424395399832778, 0.19285680480840525, 0.009903137768382527, 0.028928520721260786, 0.025871996718673587, 0.0], [0.060629948128260516, 0.08075750839596202, 0.009958938787984588, 0.012113626259394302, 0.8365399784283984, 0.0], [0.9396525054929199, 0.02614264097011437, 0.01424452709494474, 0.00998016322101058, 0.00998016322101058, 0.0], [1.0, 0.0, 0.0, 0.0, 0.0, 0.0]], [[1.0, 0.0, 0.0, 0.0, 0.0, 0.0], [0.9600270909877444, 0.009993227253063884, 0.009993227253063884, 0.009993227253063884, 0.009993227253063884, 0.0], [0.9146073648273185, 0.052804720248488146, 0.009952456011694023, 0.009952456011694023, 0.012683002900805098, 0.0], [0.8924198242074444, 0.06931368076918892, 0.009964645570108736, 0.01039705211537834, 0.017904797337879703, 0.0], [0.924742318883464, 0.03245055974749716, 0.009932435764659468, 0.009932435764659468, 0.02294224983971988, 0.0], [0.6407455226430976, 0.13054979219667381, 0.009934581261045518, 0.01958246882950107, 0.1991876350696819, 0.0], [0.8344640501532052, 0.08719836660635075, 0.009956098079055222, 0.013079754990952612, 0.05530173017043633, 0.0], [0.8041191115006998, 0.139679418459795, 0.00992957788188748, 0.020951912768969252, 0.025319979388648366, 0.0], [0.8574430941009519, 0.09706435995681847, 0.00995095304728138, 0.01455965399352277, 0.02098193890142547, 0.0], [0.8620288471725632, 0.09589650108966545, 0.009951551721235755, 0.014384475163449817, 0.01773862485308577, 0.0], [0.8643552444059471, 0.09266435286585571, 0.009953241666650148, 0.013899652929878355, 0.01912750813166861, 0.0], [0.8043036212734022, 0.13587515139206394, 0.009931814748125708, 0.02038127270880959, 0.029508139877598424, 0.0], [0.7610033670399429, 0.17825215124670346, 0.00991052334535342, 0.02673782268700552, 0.02409613568099482, 0.0], [0.07221449147261823, 0.08042633922794695, 0.009959727107856897, 0.012063950884192043, 0.8253354913073859, 0.0], [0.6755863011156453, 0.24559595516886695, 0.00987714279509519, 0.03683939327533004, 0.03210120764506252, 0.0], [0.08832568700777087, 0.20531891652505885, 0.009897221917423638, 0.030797837478758826, 0.6656603370709878, 0.0], [0.07875654414114436, 0.22606136402191965, 0.00988673260451886, 0.033909204603287946, 0.6513861546291292, 0.0], [0.06842314180807779, 0.1607621315867818, 0.009923588369554431, 0.024114319738017264, 0.7367768184975687, 0.0], [0.6575782671870428, 0.2409136668170931, 0.00991822424113187, 0.03613705002256396, 0.055452791732168265, 0.0], [0.4896085427010304, 0.26895536538509524, 0.009979790923380154, 0.04034330480776428, 0.19111299618272998, 0.0], [0.8321591627624458, 0.10166740519091266, 0.009957630283145216, 0.015250110778636899, 0.040965690984859415, 0.0], [0.052393165437727825, 0.08440296528495154, 0.009957175142584613, 0.01266044479274273, 0.8405862493419933, 0.0], [0.8791305513071745, 0.08208317201023171, 0.009958271091048534, 0.012312475801534757, 0.016515529790010478, 0.0], [0.011995736597222495, 0.020156770511726325, 0.00992008086306375, 0.00992008086306375, 0.9480073311649236, 0.0], [0.0099162602880709, 0.017152928432477916, 0.0099162602880709, 0.0099162602880709, 0.9530982907033094, 0.0], [0.9448250533175733, 0.025478977887083625, 0.009898656265114388, 0.009898656265114388, 0.009898656265114388, 0.0], [0.011858555480325625, 0.021847297233462976, 0.009921822103953771, 0.009921822103953771, 0.9464505030783039, 0.0], [0.9417856800442986, 0.02851820762820475, 0.009898704109165546, 0.009898704109165546, 0.009898704109165546, 0.0], [0.03916225290835146, 0.03758591065292097, 0.00993736009962483, 0.00993736009962483, 0.9033771162394778, 0.0], [0.9401280674666312, 0.03017501508750755, 0.009898972481953773, 0.009898972481953773, 0.009898972481953773, 0.0], [0.9407082824368945, 0.029594656106666197, 0.009899020485479755, 0.009899020485479755, 0.009899020485479755, 0.0], [0.8875691293136024, 0.07235456410708475, 0.009963238334745593, 0.010853184616062713, 0.01925988362850463, 0.0], [0.8487116217780667, 0.10845965557638702, 0.009945098473069805, 0.01626894833645805, 0.016614675836018482, 0.0], [0.06471486373760992, 0.03809667054889881, 0.009938283393710785, 0.009938283393710785, 0.8773118989260698, 0.0], [0.8125213821416353, 0.13872436862120044, 0.009930212644780582, 0.020808655293180066, 0.018015381299203645, 0.0], [0.8444829066310593, 0.10805098817089502, 0.009945647379069632, 0.016207648225634252, 0.021312809593341673, 0.0], [0.8241587022394048, 0.12672515875269205, 0.009936202142951125, 0.019008773812903806, 0.020171163052048333, 0.0], [0.017166958537848703, 0.035172532866339444, 0.009935130602076807, 0.009935130602076807, 0.9277902473916582, 0.0], [0.9432