{"prediction": [[[1.0, 0.0, 0.0, 0.0, 0.0, 0.0], [1.0, 0.0, 0.0, 0.0, 0.0, 0.0], [1.0, 0.0, 0.0, 0.0, 0.0, 0.0], [1.0, 0.0, 0.0, 0.0, 0.0, 0.0], [1.0, 0.0, 0.0, 0.0, 0.0, 0.0], [1.0, 0.0, 0.0, 0.0, 0.0, 0.0], [1.0, 0.0, 0.0, 0.0, 0.0, 0.0], [1.0, 0.0, 0.0, 0.0, 0.0, 0.0], [1.0, 0.0, 0.0, 0.0, 0.0, 0.0], [1.0, 0.0, 0.0, 0.0, 0.0, 0.0], [1.0, 0.0, 0.0, 0.0, 0.0, 0.0], [1.0, 0.0, 0.0, 0.0, 0.0, 0.0], [1.0, 0.0, 0.0, 0.0, 0.0, 0.0], [1.0, 0.0, 0.0, 0.0, 0.0, 0.0], [1.0, 0.0, 0.0, 0.0, 0.0, 0.0], [1.0, 0.0, 0.0, 0.0, 0.0, 0.0], [1.0, 0.0, 0.0, 0.0, 0.0, 0.0], [1.0, 0.0, 0.0, 0.0, 0.0, 0.0], [1.0, 0.0, 0.0, 0.0, 0.0, 0.0], [1.0, 0.0, 0.0, 0.0, 0.0, 0.0], [1.0, 0.0, 0.0, 0.0, 0.0, 0.0], [1.0, 0.0, 0.0, 0.0, 0.0, 0.0], [1.0, 0.0, 0.0, 0.0, 0.0, 0.0], [1.0, 0.0, 0.0, 0.0, 0.0, 0.0], [1.0, 0.0, 0.0, 0.0, 0.0, 0.0], [1.0, 0.0, 0.0, 0.0, 0.0, 0.0], [1.0, 0.0, 0.0, 0.0, 0.0, 0.0], [1.0, 0.0, 0.0, 0.0, 0.0, 0.0], [1.0, 0.0, 0.0, 0.0, 0.0, 0.0], [1.0, 0.0, 0.0, 0.0, 0.0, 0.0], [1.0, 0.0, 0.0, 0.0, 0.0, 0.0], [1.0, 0.0, 0.0, 0.0, 0.0, 0.0], [1.0, 0.0, 0.0, 0.0, 0.0, 0.0], [1.0, 0.0, 0.0, 0.0, 0.0, 0.0], [1.0, 0.0, 0.0, 0.0, 0.0, 0.0], [1.0, 0.0, 0.0, 0.0, 0.0, 0.0], [1.0, 0.0, 0.0, 0.0, 0.0, 0.0], [1.0, 0.0, 0.0, 0.0, 0.0, 0.0], [1.0, 0.0, 0.0, 0.0, 0.0, 0.0], [1.0, 0.0, 0.0, 0.0, 0.0, 0.0]], [[1.0, 0.0, 0.0, 0.0, 0.0, 0.0], [1.0, 0.0, 0.0, 0.0, 0.0, 0.0], [1.0, 0.0, 0.0, 0.0, 0.0, 0.0], [0.9600612964428092, 0.009984675889297705, 0.009984675889297705, 0.009984675889297705, 0.009984675889297705, 0.0], [0.9600612964428092, 0.009984675889297705, 0.009984675889297705, 0.009984675889297705, 0.009984675889297705, 0.0], [0.009994347719093176, 0.009994347719093176, 0.009994347719093176, 0.009994347719093176, 0.9600226091236274, 0.0], [0.9600595981928289, 0.009985100451792753, 0.009985100451792753, 0.009985100451792753, 0.009985100451792753, 0.0], [0.9600569322090698, 0.009985766947732533, 0.009985766947732533, 0.009985766947732533, 0.009985766947732533, 0.0], [0.9600425497158815, 0.009989362571029635, 0.009989362571029635, 0.009989362571029635, 0.009989362571029635, 0.0], [0.01000356443754751, 0.01000356443754751, 0.01000356443754751, 0.01000356443754751, 0.9599857422498099, 0.0], [0.010008904825169258, 0.011520401246181087, 0.010008904825169258, 0.010008904825169258, 0.9584528842783111, 0.0], [0.9136535521118688, 0.028656568065361022, 0.031919008122032896, 0.010099937276183185, 0.01567093442455407, 0.0], [0.8988715545724802, 0.03428048868016103, 0.03842225431103496, 0.010121025684267163, 0.018304676752056704, 0.0], [0.0383400981087712, 0.020092405120721454, 0.01969155416000036, 0.010054678264754082, 0.9118212643457528, 0.0], [0.010780039718017895, 0.012510780039718016, 0.010010107523478728, 0.010010107523478728, 0.9566889651953067, 0.0], [0.010002771041243313, 0.010002771041243313, 0.010002771041243313, 0.010002771041243313, 0.9599889158350268, 0.0], [0.9600440609081831, 0.009988984772954216, 0.009988984772954216, 0.009988984772954216, 0.009988984772954216, 0.0], [0.9600575996057353, 0.009985600098566173, 0.009985600098566173, 0.009985600098566173, 0.009985600098566173, 0.0], [0.9600592284912118, 0.009985192877197032, 0.009985192877197032, 0.009985192877197032, 0.009985192877197032, 0.0], [0.009994613105544652, 0.009994613105544652, 0.009994613105544652, 0.009994613105544652, 0.9600215475778213, 0.0], [0.009994461410647939, 0.009994461410647939, 0.009994461410647939, 0.009994461410647939, 0.9600221543574083, 0.0], [0.009994632075943621, 0.009994632075943621, 0.009994632075943621, 0.009994632075943621, 0.9600214716962256, 0.0], [0.9600578219376894, 0.009985544515577663, 0.009985544515577663, 0.009985544515577663, 0.009985544515577663, 0.0], [0.9600556699282151, 0.009986082517946226, 0.009986082517946226, 0.009986082517946226, 0.009986082517946226, 0.0], [0.9600547032023362, 0.009986324199415933, 0.009986324199415933, 0.009986324199415933, 0.009986324199415933, 0.0], [0.9600439099263635, 0.00998902251840914, 0.00998902251840914, 0.00998902251840914, 0.00998902251840914, 0.0], [0.9576249725080811, 0.012392793761869284, 0.009994077910016563, 0.009994077910016563, 0.009994077910016563, 0.0], [0.9566756636523578, 0.013340978237038774, 0.009994452703534527, 0.009994452703534527, 0.009994452703534527, 0.0], [0.9593067094487955, 0.010708631402521245, 0.009994886382894483, 0.009994886382894483, 0.009994886382894483, 0.0], [0.032521295481330086, 0.012133327366123154, 0.012109458525402912, 0.010033863917771843, 0.933202054709372, 0.0], [0.9597273210152157, 0.010290142827182443, 0.009994178719200622, 0.009994178719200622, 0.009994178719200622, 0.0], [0.9600354059768104, 0.009991148505797439, 0.009991148505797439, 0.009991148505797439, 0.009991148505797439, 0.0], [0.9600489512656072, 0.00998776218359823, 0.00998776218359823, 0.00998776218359823, 0.00998776218359823, 0.0], [0.009995106953519912, 0.009995106953519912, 0.009995106953519912, 0.009995106953519912, 0.9600195721859203, 0.0], [0.9600588586047049, 0.009985285348823793, 0.009985285348823793, 0.009985285348823793, 0.009985285348823793, 0.0], [0.9600604108862569, 0.009984897278435772, 0.009984897278435772, 0.009984897278435772, 0.009984897278435772, 0.0], [0.9600609275899028, 0.00998476810252431, 0.00998476810252431, 0.00998476810252431, 0.00998476810252431, 0.0], [0.009994347719093176, 0.009994347719093176, 0.009994347719093176, 0.009994347719093176, 0.9600226091236274, 0.0], [0.009994253028212058, 0.009994253028212058, 0.009994253028212058, 0.009994253028212058, 0.9600229878871518, 0.0], [1.0, 0.0, 0.0, 0.0, 0.0, 0.0]], [[1.0, 0.0, 0.0, 0.0, 0.0, 0.0], [0.9600614439324117, 0.00998463901689708, 0.00998463901689708, 0.00998463901689708, 0.00998463901689708, 0.0], [0.009994253028212058, 0.009994253028212058, 0.009994253028212058, 0.009994253028212058, 0.9600229878871518, 0.0], [0.960430162059983, 0.009892459485004267, 0.009892459485004267, 0.009892459485004267, 0.009892459485004267, 0.0], [0.960430162059983, 0.009892459485004267, 0.009892459485004267, 0.009892459485004267, 0.009892459485004267, 0.0], [0.960429109284805, 0.009892722678798739, 0.009892722678798739, 0.009892722678798739, 0.009892722678798739, 0.0], [0.9604277766012745, 0.009893055849681382, 0.009893055849681382, 0.009893055849681382, 0.009893055849681382, 0.0], [0.009904616817714295, 0.009904616817714295, 0.009904616817714295, 0.009904616817714295, 0.9603815327291427, 0.0], [0.9522114139539647, 0.018094162803571037, 0.009898141080821406, 0.009898141080821406, 0.009898141080821406, 0.0], [0.011754476045459823, 0.0195252175315797, 0.00991949905275645, 0.00991949905275645, 0.9488813083174477, 0.0], [0.8749557261139607, 0.08970864942541512, 0.009954399749843284, 0.013456297413812268, 0.011924927296968722, 0.0], [0.8558889489414213, 0.09625468702860343, 0.009951436711428646, 0.014438203054290515, 0.023466724264256028, 0.0], [0.8944111198772563, 0.04445294628379316, 0.009944674170310783, 0.009944674170310783, 0.04124658549832893, 0.0], [0.8525769468377195, 0.102287470328967, 0.00994829734393865, 0.01534312054934505, 0.019844164940029763, 0.0], [0.8836674274432224, 0.07894477968375621, 0.009959795999175455, 0.01184171695256343, 0.015586279921282609, 0.0], [0.010123108796883261, 0.016265771901788153, 0.009916223903510064, 0.009916223903510064, 0.9537786714943084, 0.0], [0.9531505336463553, 0.017155442442272184, 0.00989800797045755, 0.00989800797045755, 0.00989800797045755, 0.0], [0.009904310672384247, 0.009904310672384247, 0.009904310672384247, 0.009904310672384247, 0.960382757310463, 0.0], [0.9604275541759896, 0.009893111456002588, 0.009893111456002588, 0.009893111456002588, 0.009893111456002588, 0.0], [0.9604278321936796, 0.009893041951580117, 0.009893041951580117, 0.009893041951580117, 0.009893041951580117, 0.0], [0.009902501704919802, 0.009902501704919802, 0.009902501704919802, 0.009902501704919802, 0.9603899931803209, 0.0], [0.9604239272384455, 0.009894018190388612, 0.009894018190388612, 0.009894018190388612, 0.009894018190388612, 0.0], [0.9604186400409945, 0.009895339989751395, 0.009895339989751395, 0.009895339989751395, 0.009895339989751395, 0.0], [0.009904850507114364, 0.009904850507114364, 0.009904850507114364, 0.009904850507114364, 0.9603805979715426, 0.0], [0.00990929924792615, 0.010954905890511584, 0.00990929924792615, 0.00990929924792615, 0.95931719636571, 0.0], [0.9439774279245268, 0.026326258681426334, 0.009898771131348948, 0.009898771131348948, 0.009898771131348948, 0.0], [0.93582088821187, 0.034482251926157045, 0.009898953287324345, 0.009898953287324345, 0.009898953287324345, 0.0], [0.9282265870299111, 0.04205127599801695, 0.009907378990690684, 0.009907378990690684, 0.009907378990690684, 0.0], [0.8964137516366756, 0.06962052856221741, 0.009964438150467365, 0.010443079284332612, 0.013558202366306829, 0.0], [0.8969933589560641, 0.06892722244555172, 0.009964779870482091, 0.010339083366832756, 0.013775555361069372, 0.0], [0.9142364117221503, 0.05149096486754665, 0.009951296070083058, 0.009951296070083058, 0.01437003127013682, 0.0], [0.9450635722104344, 0.02524140449619231, 0.009898341097791157, 0.009898341097791157, 0.009898341097791157, 0.0], [0.953831141326785, 0.01647477774891171, 0.009898026974767757, 0.009898026974767757, 0.009898026974767757, 0.0], [0.9604180746195614, 0.009895481345109647, 0.009895481345109647, 0.009895481345109647, 0.009895481345109647, 0.0], [0.9604267749854517, 0.009893306253637065, 0.009893306253637065, 0.009893306253637065, 0.009893306253637065, 0.0], [0.009902775206713562, 0.009902775206713562, 0.009902775206713562, 0.009902775206713562, 0.9603888991731457, 0.0], [0.009902257433670564, 0.009902257433670564, 0.009902257433670564, 0.009902257433670564, 0.9603909702653178, 0.0], [0.009902128281790512, 0.009902128281790512, 0.009902128281790512, 0.009902128281790512, 0.9603914868728379, 0.0], [0.009994480365872891, 0.009994480365872891, 0.009994480365872891, 0.009994480365872891, 0.9600220785365084, 0.0], [1.0, 0.0, 0.0, 0.0, 0.0, 0.0]], [[1.0, 0.0, 0.0, 0.0, 0.0, 0.0], [0.9600614439324117, 0.00998463901689708, 0.00998463901689708, 0.00998463901689708, 0.00998463901689708, 0.0], [0.009901941934243414, 0.009901941934243414, 0.009901941934243414, 0.009901941934243414, 0.9603922322630263, 0.0], [0.9604302174138548, 0.009892445646536326, 0.009892445646536326, 0.009892445646536326, 0.009892445646536326, 0.0], [0.96042988520766, 0.009892528698085004, 0.009892528698085004, 0.009892528698085004, 0.009892528698085004, 0.0], [0.9604293310878619, 0.00989266722803456, 0.00989266722803456, 0.00989266722803456, 0.00989266722803456, 0.0], [0.9604244867695445, 0.009893878307613886, 0.009893878307613886, 0.009893878307613886, 0.009893878307613886, 0.0], [0.009904923612514181, 0.009904923612514181, 0.009904923612514181, 0.009904923612514181, 0.9603803055499432, 0.0], [0.009913308225048337, 0.014472340903594097, 0.009913308225048337, 0.009913308225048337, 0.955787734421261, 0.0], [0.04533757996976837, 0.049925604928624155, 0.009949600792494979, 0.009949600792494979, 0.8848376135166176, 0.0], [0.8618162747095601, 0.09510378620827034, 0.009951790684673115, 0.014265567931240552, 0.0188625804662557, 0.0], [0.893578747680771, 0.04705394692870112, 0.009947273796455236, 0.009947273796455236, 0.03947275779761745, 0.0], [0.6006502397323363, 0.18113109848692305, 0.009957729438533427, 0.027169664773038456, 0.1810912675691689, 0.0], [0.8834487010092728, 0.06621274044307937, 0.009966159035656603, 0.009966159035656603, 0.030406240476334643, 0.0], [0.040574788081983816, 0.05718030427631579, 0.009956884963309718, 0.009956884963309718, 0.882331137715081, 0.0], [0.8971080284671346, 0.06897410407777273, 0.009964682887109748, 0.01034611561166591, 0.01360706895631706, 0.0], [0.9558715244692773, 0.014434137906484344, 0.009898112541412813, 0.009898112541412813, 0.009898112541412813, 0.0], [0.9604197691734923, 0.009895057706626954, 0.009895057706626954, 0.009895057706626954, 0.009895057706626954, 0.0], [0.9604240391896277, 0.009893990202593067, 0.009893990202593067, 0.009893990202593067, 0.009893990202593067, 0.0], [0.9604269420468557, 0.009893264488286067, 0.009893264488286067, 0.009893264488286067, 0.009893264488286067, 0.0], [0.009904573042951833, 0.009904573042951833, 0.009904573042951833, 0.009904573042951833, 0.9603817078281928, 0.0], [0.00990549510443229, 0.00990549510443229, 0.00990549510443229, 0.00990549510443229, 0.9603780195822708, 0.0], [0.9562239095933759, 0.014082180486775665, 0.009897969973282841, 0.009897969973282841, 0.009897969973282841, 0.0], [0.9451392177069697, 0.025165272315121983, 0.009898503325969438, 0.009898503325969438, 0.009898503325969438, 0.0], [0.01534871090506232, 0.02612232529034645, 0.00992599166446931, 0.00992599166446931, 0.9386769804756526, 0.0], [0.012058985667034179, 0.027858717908332015, 0.009927744526697117, 0.009927744526697117, 0.9402268073712394, 0.0], [0.8491888802532931, 0.10298442230831449, 0.009947909559604395, 0.015447663346247174, 0.022431124532540692, 0.0], [0.8714549517364774, 0.08975807872189245, 0.00995453708780062, 0.013463711808283868, 0.01536872064554564, 0.0], [0.0400630721352925, 0.059649462956991056, 0.009959382969336418, 0.009959382969336418, 0.8803686989690437, 0.0], [0.8962816143959479, 0.05593716029313052, 0.009955824493941957, 0.009955824493941957, 0.027869576323037593, 0.0], [0.8894338325995544, 0.07401236505845098, 0.00996225221060646, 0.011101854758767645, 0.015489695372620372, 0.0], [0.03621378252219387, 0.039071468762040464, 0.009938835660376802, 0.009938835660376802, 0.9048370773950121, 0.0], [0.009910466359616748, 0.011853570202279706, 0.009910466359616748, 0.009910466359616748, 0.95841503071887, 0.0], [0.9581345030179363, 0.012172042570988572, 0.009897818137025066, 0.009897818137025066, 0.009897818137025066, 0.0], [0.9604186400409945, 0.009895339989751395, 0.009895339989751395, 0.009895339989751395, 0.009895339989751395, 0.0], [0.960421177391055, 0.009894705652236224, 0.009894705652236224, 0.009894705652236224, 0.009894705652236224, 0.0], [0.9604239272384455, 0.009894018190388612, 0.009894018190388612, 0.009894018190388612, 0.009894018190388612, 0.0], [0.9604279433617963, 0.009893014159550961, 0.009893014159550961, 0.009893014159550961, 0.009893014159550961, 0.0], [0.96005952426729, 0.009985118933177474, 0.009985118933177474, 0.009985118933177474, 0.009985118933177474, 0.0], [1.0, 0.0, 0.0, 0.0, 0.0, 0.0]], [[1.0, 0.0, 0.0, 0.0, 0.0, 0.0], [0.9600614439324117, 0.00998463901689708, 0.00998463901689708, 0.00998463901689708, 0.00998463901689708, 0.0], [0.9604302174138548, 0.009892445646536326, 0.009892445646536326, 0.009892445646536326, 0.009892445646536326, 0.0], [0.0099019705873304, 0.0099019705873304, 0.0099019705873304, 0.0099019705873304, 0.9603921176506784, 0.0], [0.009902099597163603, 0.009902099597163603, 0.009902099597163603, 0.009902099597163603, 0.9603916016113456, 0.0], [0.009902544854799926, 0.009902544854799926, 0.009902544854799926, 0.009902544854799926, 0.9603898205808002, 0.0], [0.9604251574657281, 0.009893710633567988, 0.009893710633567988, 0.009893710633567988, 0.009893710633567988, 0.0], [0.009906541325769118, 0.009906541325769118, 0.009906541325769118, 0.009906541325769118, 0.9603738346969235, 0.0], [0.9427306874165523, 0.027573515931283283, 0.009898598884054833, 0.009898598884054833, 0.009898598884054833, 0.0], [0.9310765999155662, 0.039225935011451524, 0.009899155024327437, 0.009899155024327437, 0.009899155024327437, 0.0], [0.8700710101689487, 0.08964607590858077, 0.009954470270267598, 0.013446911386287114, 0.01688153226591576, 0.0], [0.8379653523003883, 0.11533084578590087, 0.009941785853408713, 0.01729962686788513, 0.019462389192417138, 0.0], [0.06154423677243451, 0.03793416841190184, 0.009937961828743036, 0.009937961828743036, 0.8806456711581775, 0.0], [0.04277214954528013, 0.07214400715209678, 0.009963191227605195, 0.010821601072814517, 0.8642990510022033, 0.0], [0.047815205333986, 0.05122000323702525, 0.009950891958360802, 0.009950891958360802, 0.8810630075122671, 0.0], [0.9473653384354075, 0.02293980984361883, 0.009898283906991275, 0.009898283906991275, 0.009898283906991275, 0.0], [0.95842663203964, 0.011879913549284847, 0.009897818137025066, 0.009897818137025066, 0.009897818137025066, 0.0], [0.960421064864132, 0.009894733783966998, 0.009894733783966998, 0.009894733783966998, 0.009894733783966998, 0.0], [0.9604248222186189, 0.009893794445345256, 0.009893794445345256, 0.009893794445345256, 0.009893794445345256, 0.0], [0.9599469247018528, 0.010360189246123563, 0.009897628684007904, 0.009897628684007904, 0.009897628684007904, 0.0], [0.009907754379174656, 0.009907754379174656, 0.009907754379174656, 0.009907754379174656, 0.9603689824833014, 0.0], [0.9490714300358191, 0.021233661063908928, 0.009898302966757361, 0.009898302966757361, 0.009898302966757361, 0.0], [0.9121806873588997, 0.05448877867082948, 0.00995420571366468, 0.00995420571366468, 0.013422122542941405, 0.0], [0.9288988063195599, 0.041393638259913705, 0.009902518473508811, 0.009902518473508811, 0.009902518473508811, 0.0], [0.9130731148012505, 0.05718096371348248, 0.009915307161755638, 0.009915307161755638, 0.009915307161755638, 0.0], [0.827729762064123, 0.12383592012262078, 0.009937499166441502, 0.01857538801839312, 0.019921430628421596, 0.0], [0.760641335296618, 0.17648851468567886, 0.00991126755145979, 0.02647327720285183, 0.026485605263391474, 0.0], [0.07506700819844626, 0.10438077393293187, 0.009947368916217593, 0.01565711608993978, 0.7949477328624645, 0.0], [0.8651679151853734, 0.08510824022346371, 0.009957068943626208, 0.012766236033519555, 0.02700053961401726, 0.0], [0.6326274607216047, 0.13786251009128733, 0.009936036763336023, 0.0206793765136931, 0.19889461591007884, 0.0], [0.9101231747136069, 0.03972740281609967, 0.009939756654834092, 0.009939756654834092, 0.030269909160625198, 0.0], [0.8912092828944279, 0.07411087956611269, 0.009962202957019151, 0.011116631934916903, 0.013601002647523416, 0.0], [0.9198219031512097, 0.050342437047300195, 0.009945219933830017, 0.009945219933830017, 0.009945219933830017, 0.0], [0.9553366814569214, 0.014969037983324395, 0.009898093519918086, 0.009898093519918086, 0.009898093519918086, 0.0], [0.9541731733897932, 0.016132774193799947, 0.00989801747213563, 0.00989801747213563, 0.00989801747213563, 0.0], [0.009905553846573188, 0.009905553846573188, 0.009905553846573188, 0.009905553846573188, 0.9603777846137074, 0.0], [0.9604162614277378, 0.00989593464306555, 0.00989593464306555, 0.00989593464306555, 0.00989593464306555, 0.0], [0.00990416511656746, 0.00990416511656746, 0.00990416511656746, 0.00990416511656746, 0.9603833395337301, 0.0], [0.9600573772070009, 0.009985655698249805, 0.009985655698249805, 0.009985655698249805, 0.009985655698249805, 0.0], [1.0, 0.0, 0.0, 0.0, 0.0, 0.0]], [[1.0, 0.0, 0.0, 0.0, 0.0, 0.0], [0.9600613701912922, 0.009984657452176953, 0.009984657452176953, 0.009984657452176953, 0.009984657452176953, 0.0], [0.960430162059983, 0.009892459485004267, 0.009892459485004267, 0.009892459485004267, 0.009892459485004267, 0.0], [0.9604298298205968, 0.009892542544850804, 0.009892542544850804, 0.009892542544850804, 0.009892542544850804, 0.0], [0.9604279433617963, 0.009893014159550961, 0.009893014159550961, 0.009893014159550961, 0.009893014159550961, 0.0], [0.009902717584095501, 0.009902717584095501, 0.009902717584095501, 0.009902717584095501, 0.960389129663618, 0.0], [0.009905319020624775, 0.009905319020624775, 0.009905319020624775, 0.009905319020624775, 0.960378723917501, 0.0], [0.9500072702148568, 0.020298049533096062, 0.009898226750682377, 0.009898226750682377, 0.009898226750682377, 0.0], [0.9419997110880961, 0.028303572958825157, 0.009898905317692917, 0.009898905317692917, 0.009898905317692917, 0.0], [0.8754065217563322, 0.086052050610475, 0.009956321166034957, 0.012907807591571247, 0.015677298875586533, 0.0], [0.01620983508340428, 0.030941569703276255, 0.009930864314319048, 0.009930864314319048, 0.9329868665846813, 0.0], [0.8646090679549873, 0.09415995515155892, 0.009952355953328725, 0.014123993272733837, 0.017154627667391214, 0.0], [0.8565048983397955, 0.1008641685974244, 0.009948964708418499, 0.015129625289613658, 0.017552343064747872, 0.0], [0.8829801643365389, 0.079835010939621, 0.009959355822913586, 0.01197525164094315, 0.015250217259983328, 0.0], [0.9386191209173785, 0.03168499637187233, 0.009898627570249745, 0.009898627570249745, 0.009898627570249745, 0.0], [0.009909331621599935, 0.010910343396942756, 0.009909331621599935, 0.009909331621599935, 0.9593616617382573, 0.0], [0.9599895659655813, 0.010317235525940546, 0.00989773283615938, 0.00989773283615938, 0.00989773283615938, 0.0], [0.009902904942144231, 0.009902904942144231, 0.009902904942144231, 0.009902904942144231, 0.960388380231423, 0.0], [0.9604193177938484, 0.009895170551537914, 0.009895170551537914, 0.009895170551537914, 0.009895170551537914, 0.0], [0.9572519678902658, 0.013054321564959863, 0.009897903514924792, 0.009897903514924792, 0.009897903514924792, 0.0], [0.009914861409590739, 0.0162257447175642, 0.009914861409590739, 0.009914861409590739, 0.9540296710536637, 0.0], [0.03555504778263554, 0.03895296786158548, 0.009938670004835882, 0.009938670004835882, 0.9056146443461073, 0.0], [0.8827538319102972, 0.07942756759750896, 0.009959603712818402, 0.011914135139626345, 0.015944861639749, 0.0], [0.8770831962633188, 0.0845423114728715, 0.009957095642632871, 0.012681346720930726, 0.015736049900246005, 0.0], [0.8317359977912734, 0.11958988141948292, 0.009939764699362814, 0.01793848221292244, 0.020795873876958488, 0.0], [0.05169271399597528, 0.10644943207201794, 0.00994615259926385, 0.01596741481080269, 0.8159442865219403, 0.0], [0.07044143965002983, 0.06457546231855239, 0.009964704712666535, 0.009964704712666535, 0.8450536886060848, 0.0], [0.733481635860635, 0.2024501942467488, 0.009898331473392998, 0.030367529137012315, 0.023802309282210835, 0.0], [0.7670014367063136, 0.16735206028431557, 0.009916042165797688, 0.025102809042647334, 0.030627651800925693, 0.0], [0.886273179624048, 0.05866501631016388, 0.009958671661375412, 0.009958671661375412, 0.03514446074303731, 0.0], [0.8591540036764397, 0.10107984912658605, 0.009948827399608432, 0.015161977368987906, 0.01465534242837788, 0.0], [0.03955107068989495, 0.04172095486739542, 0.009941521621416363, 0.009941521621416363, 0.898844931199877, 0.0], [0.009927470490348237, 0.014694622161456054, 0.009914692558033929, 0.009914692558033929, 0.9555485222321278, 0.0], [0.9459799393834304, 0.024324779770379938, 0.009898426948729909, 0.009898426948729909, 0.009898426948729909, 0.0], [0.9507667434346296, 0.019537975719180676, 0.009898426948729909, 0.009898426948729909, 0.009898426948729909, 0.0], [0.03567860710717853, 0.03115111489495725, 0.009930955743763625, 0.009930955743763625, 0.9133083665103369, 0.0], [0.9515793251799116, 0.018726308659308463, 0.00989812205359333, 0.00989812205359333, 0.00989812205359333, 0.0], [0.009906585698487317, 0.009906585698487317, 0.009906585698487317, 0.009906585698487317, 0.9603736572060507, 0.0], [0.9600477504573501, 0.009988062385662461, 0.009988062385662461, 0.009988062385662461, 0.009988062385662461, 0.0], [1.0, 0.0, 0.0, 0.0, 0.0, 0.0]], [[1.0, 0.0, 0.0, 0.0, 0.0, 0.0], [0.9600613701912922, 0.009984657452176953, 0.009984657452176953, 0.009984657452176953, 0.009984657452176953, 0.0], [0.96042988520766, 0.009892528698085004, 0.009892528698085004, 0.009892528698085004, 0.009892528698085004, 0.0], [0.9604296636261949, 0.009892584093451263, 0.009892584093451263, 0.009892584093451263, 0.009892584093451263, 0.0], [0.009902516086772242, 0.009902516086772242, 0.009902516086772242, 0.009902516086772242, 0.9603899356529111, 0.0], [0.9604202765405683, 0.00989493086485795, 0.00989493086485795, 0.00989493086485795, 0.00989493086485795, 0.0], [0.9527506297867943, 0.017555032588967442, 0.009898112541412813, 0.009898112541412813, 0.009898112541412813, 0.0], [0.010718566819447215, 0.018142895212734052, 0.009918116049627947, 0.009918116049627947, 0.9513023058685627, 0.0], [0.8864935392279691, 0.0762096804086262, 0.00996112910918198, 0.011431452061293932, 0.01590419919292861, 0.0], [0.866655943381052, 0.08819489984038802, 0.009955333391074102, 0.013229234976058202, 0.021964588411427725, 0.0], [0.8585435718280995, 0.09900946029953084, 0.009949906752079227, 0.014851419044929625, 0.017645642075360936, 0.0], [0.9107434796068032, 0.05944038999225593, 0.00993871013364692, 0.00993871013364692, 0.00993871013364692, 0.0], [0.8687116030707163, 0.09267904726927982, 0.009952988244342499, 0.013901857090391972, 0.014754504325269346, 0.0], [0.012594805429935492, 0.02189331412625505, 0.009921853168183947, 0.009921853168183947, 0.9456681741074415, 0.0], [0.947391717064434, 0.022912887546576916, 0.009898465129663005, 0.009898465129663005, 0.009898465129663005, 0.0], [0.009906083598275764, 0.009906083598275764, 0.009906083598275764, 0.009906083598275764, 0.960375665606897, 0.0], [0.960425715762593, 0.009893571059351784, 0.009893571059351784, 0.009893571059351784, 0.009893571059351784, 0.0], [0.9604214586092331, 0.009894635347691735, 0.009894635347691735, 0.009894635347691735, 0.009894635347691735, 0.0], [0.9575575906803826, 0.012749267647030198, 0.009897713890862376, 0.009897713890862376, 0.009897713890862376, 0.0], [0.9561678015258318, 0.014138003489649274, 0.009898064994839629, 0.009898064994839629, 0.009898064994839629, 0.0], [0.9109183764187566, 0.057589916331630985, 0.009957227386326593, 0.009957227386326593, 0.011577252476959092, 0.0], [0.8862759296796091, 0.07696424526071388, 0.009960835289590339, 0.011544636789107082, 0.015254352980979538, 0.0], [0.8962470305963781, 0.05549824040846704, 0.009955492393272425, 0.009955492393272425, 0.02834374420860996, 0.0], [0.0765244833855855, 0.09941262021215275, 0.009949665872749869, 0.014911893031822911, 0.799201337497689, 0.0], [0.7569949228173635, 0.17896280411850968, 0.009909966730262848, 0.02684442061777645, 0.027287885716087736, 0.0], [0.8303088346869987, 0.1082103011231483, 0.009950372517071109, 0.016231545168472247, 0.03529894650430976, 0.0], [0.45118317265556535, 0.34806560661074243, 0.010016276449229998, 0.05220984099161136, 0.13852510329285092, 0.0], [0.06885815369597632, 0.06965420171558301, 0.009965028615438654, 0.010448130257337452, 0.8410744857156645, 0.0], [0.06259708229416577, 0.12193338524230554, 0.00993846020070591, 0.018290007786345833, 0.7872410644764769, 0.0], [0.7791379894776158, 0.16208399059172748, 0.009918454730212802, 0.024312598588759123, 0.02454696661168476, 0.0], [0.04249040141338571, 0.04673450654875293, 0.009946504535270488, 0.009946504535270488, 0.8908820829673205, 0.0], [0.9308672649333861, 0.0394364791346286, 0.009898751977328427, 0.009898751977328427, 0.009898751977328427, 0.0], [0.9370220367809904, 0.03328153486607853, 0.009898809450977031, 0.009898809450977031, 0.009898809450977031, 0.0], [0.9430715118968113, 0.027232662767718588, 0.009898608445156743, 0.009898608445156743, 0.009898608445156743, 0.0], [0.9118309898101676, 0.05411928760056015, 0.009953801089891346, 0.009953801089891346, 0.014142120409489442, 0.0], [0.8999931773753858, 0.06540820554095998, 0.00996498708150861, 0.00996498708150861, 0.014668642920637057, 0.0], [0.9194709106468325, 0.048068523802802576, 0.009947815547156999, 0.009947815547156999, 0.012564934456050858, 0.0], [0.946857940046659, 0.023446750475773652, 0.009898436492522441, 0.009898436492522441, 0.009898436492522441, 0.0], [0.9600357113553514, 0.009991072161162143, 0.009991072161162143, 0.009991072161162143, 0.009991072161162143, 0.0], [1.0, 0.0, 0.0, 0.0, 0.0, 0.0]], [[1.0, 0.0, 0.0, 0.0, 0.0, 0.0], [0.9600612226869616, 0.009984694328259608, 0.009984694328259608, 0.009984694328259608, 0.009984694328259608, 0.0], [0.96042988520766, 0.009892528698085004, 0.009892528698085004, 0.009892528698085004, 0.009892528698085004, 0.0], [0.9604283878118048, 0.009892903047048773, 0.009892903047048773, 0.009892903047048773, 0.009892903047048773, 0.0], [0.009903758339396005, 0.009903758339396005, 0.009903758339396005, 0.009903758339396005, 0.960384966642416, 0.0], [0.9577476307003022, 0.01255902865162277, 0.00989778021602503, 0.00989778021602503, 0.00989778021602503, 0.0], [0.9502720751735618, 0.020032472148756256, 0.009898484225893974, 0.009898484225893974, 0.009898484225893974, 0.0], [0.89562374892836, 0.06766429008428584, 0.009965509526458865, 0.010149643512642876, 0.01659680794825241, 0.0], [0.8638473503685916, 0.09159769225252672, 0.00995358291890983, 0.013739653837879007, 0.02086172062209275, 0.0], [0.8771681292763002, 0.06725270464729609, 0.00996612511587795, 0.010087905697094413, 0.035525135263431276, 0.0], [0.049481630439515624, 0.08040764946421289, 0.00995916775856131, 0.012061147419631933, 0.8480904049180781, 0.0], [0.8521114361959926, 0.10707029944076168, 0.009945915898628907, 0.016060544916114253, 0.014811803548502601, 0.0], [0.018743199424682427, 0.03442829789060088, 0.009934388937171811, 0.009934388937171811, 0.9269597248103731, 0.0], [0.9288913436285375, 0.0414114796542215, 0.009899058905746981, 0.009899058905746981, 0.009899058905746981, 0.0], [0.9502398301050858, 0.0200651752041302, 0.009898331563594645, 0.009898331563594645, 0.009898331563594645, 0.0], [0.9604220767911947, 0.009894480802201334, 0.009894480802201334, 0.009894480802201334, 0.009894480802201334, 0.0], [0.9604230308186071, 0.009894242295348207, 0.009894242295348207, 0.009894242295348207, 0.009894242295348207, 0.0], [0.009903859926215832, 0.009903859926215832, 0.009903859926215832, 0.009903859926215832, 0.9603845602951366, 0.0], [0.009905143150437246, 0.009905143150437246, 0.009905143150437246, 0.009905143150437246, 0.960379427398251, 0.0], [0.9188195284405561, 0.0513304244449189, 0.009950015704841678, 0.009950015704841678, 0.009950015704841678, 0.0], [0.031053573822724514, 0.04283421532055175, 0.009942565675844065, 0.009942565675844065, 0.9062270795050356, 0.0], [0.9092859586433828, 0.0456793468051153, 0.009945639599841013, 0.009945639599841013, 0.025143415351819957, 0.0], [0.6555102101721217, 0.11434994864448804, 0.009947798925140326, 0.017152492296673205, 0.20303954996157664, 0.0], [0.8741137216738497, 0.07924370916168498, 0.0099600802367381, 0.011886556374252745, 0.024795932553474606, 0.0], [0.07008172576991054, 0.10902700073936715, 0.00994488353978942, 0.016354050110905072, 0.7945923398400279, 0.0], [0.07146592813588334, 0.12559777806832997, 0.009936884144964402, 0.018839666710249496, 0.7741597429405729, 0.0], [0.8155023628007031, 0.11960900503433405, 0.009959117821343386, 0.017941350755150107, 0.03698816358846934, 0.0], [0.7688819189852558, 0.17091759902315842, 0.0099143087604666, 0.025637639853473764, 0.0246485333776453, 0.0], [0.8122849120639334, 0.13504255226463588, 0.009932161908495801, 0.020256382839695383, 0.022483990923239595, 0.0], [0.8725344990863707, 0.08926120895777029, 0.009954726517007845, 0.013389181343665544, 0.01486038409518558, 0.0], [0.013054238637393644, 0.029162676503158635, 0.009929103168879485, 0.009929103168879485, 0.9379248785216888, 0.0], [0.014663131769397156, 0.0242581341017208, 0.009924184720032593, 0.009924184720032593, 0.9412303646888167, 0.0], [0.010120492818871672, 0.017686298130067, 0.009917591676435071, 0.009917591676435071, 0.9523580256981912, 0.0], [0.03895448144188781, 0.0429978579966154, 0.009942761567015516, 0.009942761567015516, 0.8981621374274659, 0.0], [0.8839456176447035, 0.07924416000696044, 0.009959651226826152, 0.011886624001044066, 0.014963947120465955, 0.0], [0.9173242618290579, 0.034719444172812954, 0.00993479856301999, 0.00993479856301999, 0.02808669687208922, 0.0], [0.8917015875624037, 0.06914065148607859, 0.009964766478315722, 0.010371097722911787, 0.018821896750290393, 0.0], [0.9122241693717117, 0.055813163213494735, 0.009955487767532743, 0.009955487767532743, 0.012051691879728068, 0.0], [0.9596276168487888, 0.01038971731637522, 0.00999422194494528, 0.00999422194494528, 0.00999422194494528, 0.0], [1.0, 0.0, 0.0, 0.0, 0.0, 0.0]], [[1.0, 0.0, 0.0, 0.0, 0.0, 0.0], [0.9600600415909101, 0.009984989602272508, 0.009984989602272508, 0.009984989602272508, 0.009984989602272508, 0.0], [0.009902099597163603, 0.009902099597163603, 0.009902099597163603, 0.009902099597163603, 0.9603916016113456, 0.0], [0.009902631193480994, 0.009902631193480994, 0.009902631193480994, 0.009902631193480994, 0.960389475226076, 0.0], [0.009903947057616274, 0.009903947057616274, 0.009903947057616274, 0.009903947057616274, 0.9603842117695348, 0.0], [0.9576436404582157, 0.012662734400607032, 0.009897875047059105, 0.009897875047059105, 0.009897875047059105, 0.0], [0.04783538715134603, 0.03877080297436595, 0.009938528325347631, 0.009938528325347631, 0.8935167532235927, 0.0], [0.8656059414582887, 0.09262522322233958, 0.009953010245615007, 0.013893783483350935, 0.017922041590405727, 0.0], [0.8886501031375853, 0.05243695411245619, 0.009952603343463538, 0.009952603343463538, 0.03900773606303151, 0.0], [0.5513277181892282, 0.22618445224925657, 0.009970661329039303, 0.03392766783738849, 0.17858950039508745, 0.0], [0.051244919492447326, 0.07493454378392683, 0.009962032173285142, 0.011240181567589025, 0.8526183229827516, 0.0], [0.08291026383636013, 0.14196962985678105, 0.009928491749218919, 0.021295444478517157, 0.7438961700791227, 0.0], [0.8464735045445407, 0.110495491023291, 0.00994410024712067, 0.016574323653493647, 0.016512580531553946, 0.0], [0.019026606688493045, 0.0368702119248518, 0.00993671928065625, 0.00993671928065625, 0.9242297428253426, 0.0], [0.9454234388366124, 0.024880850543810337, 0.009898570206525724, 0.009898570206525724, 0.009898570206525724, 0.0], [0.9604163181788121, 0.009895920455296952, 0.009895920455296952, 0.009895920455296952, 0.009895920455296952, 0.0], [0.9604253250136024, 0.009893668746599369, 0.009893668746599369, 0.009893668746599369, 0.009893668746599369, 0.0], [0.9604218520769383, 0.009894536980765437, 0.009894536980765437, 0.009894536980765437, 0.009894536980765437, 0.0], [0.9583779438693562, 0.011928601719568799, 0.009897818137025066, 0.009897818137025066, 0.009897818137025066, 0.0], [0.009911544656819135, 0.01293321366844727, 0.009911544656819135, 0.009911544656819135, 0.9573321523610954, 0.0], [0.03946007192472536, 0.041676929898024524, 0.009941376422483866, 0.009941376422483866, 0.8989802453322824, 0.0], [0.884591352903259, 0.07928944007023343, 0.009959623681640046, 0.011893416010535016, 0.01426616733433253, 0.0], [0.9059958781491444, 0.04392947143149723, 0.00994398992392484, 0.00994398992392484, 0.03018667057150857, 0.0], [0.8610693367104638, 0.09720793097989555, 0.009950827133132816, 0.01458118964698433, 0.017190715529523507, 0.0], [0.8509436128021026, 0.10652256517023821, 0.009946229111088244, 0.01597838477553573, 0.016609208141035284, 0.0], [0.7986084515811815, 0.14884033513783299, 0.009925159798284778, 0.022326050270674944, 0.020300003212025824, 0.0], [0.051397939617343326, 0.09510603305641618, 0.009952149312006825, 0.014265904958462425, 0.8292779730557711, 0.0], [0.7281070896980066, 0.1998783521162281, 0.009899961923223372, 0.029981752817434214, 0.03213284344510762, 0.0], [0.8919211628611925, 0.07610452018183722, 0.009961555806591325, 0.011415678027275583, 0.010597083123103276, 0.0], [0.9090616751965924, 0.061098839122056686, 0.009946495227117002, 0.009946495227117002, 0.009946495227117002, 0.0], [0.9279715887578774, 0.042330079351711396, 0.009899443963470419, 0.009899443963470419, 0.009899443963470419, 0.0], [0.9471354980049886, 0.023168820047188145, 0.009898560649274413, 0.009898560649274413, 0.009898560649274413, 0.0], [0.037618122875363876, 0.040572425718978844, 0.009940244301149816, 0.009940244301149816, 0.9019289628033578, 0.0], [0.033621593653665, 0.05450549103325428, 0.009954164041779644, 0.009954164041779644, 0.8919645872295215, 0.0], [0.9002582477121546, 0.052400952313156, 0.009952226150645817, 0.009952226150645817, 0.027436347673397716, 0.0], [0.6636873463042445, 0.11316579957576495, 0.009943382310550414, 0.01697486993636474, 0.19622860187307542, 0.0], [0.9032887427269426, 0.05110061726379691, 0.009951016620314994, 0.009951016620314994, 0.025708606768630453, 0.0], [0.035410974442942965, 0.04290744814117044, 0.009942691431333287, 0.009942691431333287, 0.9017961945532199, 0.0], [0.9389444267970919, 0.01785236097473891, 0.020561132617609907, 0.010065639840086729, 0.012576439770472493, 0.0], [1.0, 0.0, 0.0, 0.0, 0.0, 0.0]], [[1.0, 0.0, 0.0, 0.0, 0.0, 0.0], [0.009995030893206575, 0.009995030893206575, 0.009995030893206575, 0.009995030893206575, 0.9600198764271737, 0.0], [0.960053362575922, 0.009986659356019504, 0.009986659356019504, 0.009986659356019504, 0.009986659356019504, 0.0], [0.9604280545076604, 0.009892986373084918, 0.009892986373084918, 0.009892986373084918, 0.009892986373084918, 0.0], [0.9604218520769383, 0.009894536980765437, 0.009894536980765437, 0.009894536980765437, 0.009894536980765437, 0.0], [0.9563810020917486, 0.013925515049294375, 0.009897827619652308, 0.009897827619652308, 0.009897827619652308, 0.0], [0.9464927013277202, 0.023811444650614716, 0.009898618007221662, 0.009898618007221662, 0.009898618007221662, 0.0], [0.8801355454224992, 0.08108202979962356, 0.009958751989352544, 0.012162304469943534, 0.016661368318581178, 0.0], [0.8252573447061226, 0.12151149998315093, 0.009938966735979101, 0.01822672499747264, 0.02506546357727478, 0.0], [0.8464594845409559, 0.0911594718522739, 0.009954395384305344, 0.013673920777841084, 0.03875272744462385, 0.0], [0.0753698683622004, 0.16097026967586012, 0.009919168905110572, 0.024145540451379014, 0.7295951526054498, 0.0], [0.07049246559360922, 0.1663898435600027, 0.009916301912965237, 0.024958476534000403, 0.7282429123994225, 0.0], [0.7900924553121116, 0.15286367083554095, 0.009923276288964777, 0.02292955062533114, 0.02419104693805162, 0.0], [0.018963655955822584, 0.045186836457233495, 0.009945054782248833, 0.009945054782248833, 0.9159593980224463, 0.0], [0.9256612813403303, 0.044640357830036614, 0.009899453609877651, 0.009899453609877651, 0.009899453609877651, 0.0], [0.9592021308459828, 0.011104244012840016, 0.009897875047059105, 0.009897875047059105, 0.009897875047059105, 0.0], [0.009903540894097996, 0.009903540894097996, 0.009903540894097996, 0.009903540894097996, 0.960385836423608, 0.0], [0.9604228064882927, 0.00989429837792681, 0.00989429837792681, 0.00989429837792681, 0.00989429837792681, 0.0], [0.0099055979187924, 0.0099055979187924, 0.0099055979187924, 0.0099055979187924, 0.9603776083248303, 0.0], [0.9445159172764651, 0.02578883050584205, 0.009898417405897633, 0.009898417405897633, 0.009898417405897633, 0.0], [0.9377867840132573, 0.032516471257692046, 0.009898914909683542, 0.009898914909683542, 0.009898914909683542, 0.0], [0.03966703373474003, 0.042084551959867225, 0.009941920358068986, 0.009941920358068986, 0.8983645735892548, 0.0], [0.8845008411942736, 0.08128005720219822, 0.009958535319542718, 0.012192008580329735, 0.012068557703655674, 0.0], [0.04437657825943003, 0.05282690663622572, 0.00995260897711493, 0.00995260897711493, 0.8828912971501144, 0.0], [0.8907745228222729, 0.077718251354148, 0.009924744060228438, 0.0116577377031222, 0.009924744060228438, 0.0], [0.02570571855655704, 0.051906730341564115, 0.00995192683924664, 0.00995192683924664, 0.9024836974233856, 0.0], [0.7235215225349426, 0.20750906804769453, 0.009895865936326756, 0.031126360207154175, 0.027947183273881893, 0.0], [0.7685116588202164, 0.17048893455055997, 0.00991458727078641, 0.025573340182583993, 0.02551147917585302, 0.0], [0.815355347234295, 0.13115423153179523, 0.009934140565835413, 0.019673134729769285, 0.023883145938305005, 0.0], [0.9025441129306839, 0.06745360896574593, 0.009942118379354157, 0.010118041344861889, 0.009942118379354157, 0.0], [0.9329632268048834, 0.03733818074627232, 0.009899530816281412, 0.009899530816281412, 0.009899530816281412, 0.0], [0.9361497369176689, 0.034153172815054436, 0.009899030089092252, 0.009899030089092252, 0.009899030089092252, 0.0], [0.9249621394280954, 0.04533935500223749, 0.009899501856555712, 0.009899501856555712, 0.009899501856555712, 0.0], [0.8800108430790783, 0.0824608249248355, 0.00995812157505617, 0.012369123738725325, 0.015201086682304708, 0.0], [0.7990358