{"prediction": [[[1.0, 0.0, 0.0, 0.0, 0.0, 0.0], [1.0, 0.0, 0.0, 0.0, 0.0, 0.0], [1.0, 0.0, 0.0, 0.0, 0.0, 0.0], [1.0, 0.0, 0.0, 0.0, 0.0, 0.0], [1.0, 0.0, 0.0, 0.0, 0.0, 0.0], [1.0, 0.0, 0.0, 0.0, 0.0, 0.0], [1.0, 0.0, 0.0, 0.0, 0.0, 0.0], [1.0, 0.0, 0.0, 0.0, 0.0, 0.0], [1.0, 0.0, 0.0, 0.0, 0.0, 0.0], [1.0, 0.0, 0.0, 0.0, 0.0, 0.0], [1.0, 0.0, 0.0, 0.0, 0.0, 0.0], [1.0, 0.0, 0.0, 0.0, 0.0, 0.0], [1.0, 0.0, 0.0, 0.0, 0.0, 0.0], [1.0, 0.0, 0.0, 0.0, 0.0, 0.0], [1.0, 0.0, 0.0, 0.0, 0.0, 0.0], [1.0, 0.0, 0.0, 0.0, 0.0, 0.0], [1.0, 0.0, 0.0, 0.0, 0.0, 0.0], [1.0, 0.0, 0.0, 0.0, 0.0, 0.0], [1.0, 0.0, 0.0, 0.0, 0.0, 0.0], [1.0, 0.0, 0.0, 0.0, 0.0, 0.0], [1.0, 0.0, 0.0, 0.0, 0.0, 0.0], [1.0, 0.0, 0.0, 0.0, 0.0, 0.0], [1.0, 0.0, 0.0, 0.0, 0.0, 0.0], [1.0, 0.0, 0.0, 0.0, 0.0, 0.0], [1.0, 0.0, 0.0, 0.0, 0.0, 0.0], [1.0, 0.0, 0.0, 0.0, 0.0, 0.0], [1.0, 0.0, 0.0, 0.0, 0.0, 0.0], [1.0, 0.0, 0.0, 0.0, 0.0, 0.0], [1.0, 0.0, 0.0, 0.0, 0.0, 0.0], [1.0, 0.0, 0.0, 0.0, 0.0, 0.0], [1.0, 0.0, 0.0, 0.0, 0.0, 0.0], [1.0, 0.0, 0.0, 0.0, 0.0, 0.0], [1.0, 0.0, 0.0, 0.0, 0.0, 0.0], [1.0, 0.0, 0.0, 0.0, 0.0, 0.0], [1.0, 0.0, 0.0, 0.0, 0.0, 0.0], [1.0, 0.0, 0.0, 0.0, 0.0, 0.0], [1.0, 0.0, 0.0, 0.0, 0.0, 0.0], [1.0, 0.0, 0.0, 0.0, 0.0, 0.0], [1.0, 0.0, 0.0, 0.0, 0.0, 0.0], [1.0, 0.0, 0.0, 0.0, 0.0, 0.0]], [[1.0, 0.0, 0.0, 0.0, 0.0, 0.0], [0.9600613701912922, 0.009984657452176953, 0.009984657452176953, 0.009984657452176953, 0.009984657452176953, 0.0], [0.9600614439324117, 0.00998463901689708, 0.00998463901689708, 0.00998463901689708, 0.00998463901689708, 0.0], [0.9600614439324117, 0.00998463901689708, 0.00998463901689708, 0.00998463901689708, 0.00998463901689708, 0.0], [0.009994328777130553, 0.009994328777130553, 0.009994328777130553, 0.009994328777130553, 0.9600226848914778, 0.0], [1.0, 0.0, 0.0, 0.0, 0.0, 0.0], [0.9600610013752199, 0.009984749656195018, 0.009984749656195018, 0.009984749656195018, 0.009984749656195018, 0.0], [0.009994726956414639, 0.009994726956414639, 0.009994726956414639, 0.009994726956414639, 0.9600210921743414, 0.0], [0.9600560414105169, 0.009985989647370797, 0.009985989647370797, 0.009985989647370797, 0.009985989647370797, 0.0], [0.9600530643298794, 0.009986733917530154, 0.009986733917530154, 0.009986733917530154, 0.009986733917530154, 0.0], [0.9600287461821477, 0.00999281345446308, 0.00999281345446308, 0.00999281345446308, 0.00999281345446308, 0.0], [0.9533577466339932, 0.01642194365011623, 0.01023470595870717, 0.009992801878591686, 0.009992801878591686, 0.0], [0.9523026898503716, 0.017271650087194772, 0.010443689500017719, 0.009990985281208052, 0.009990985281208052, 0.0], [0.9507367458199815, 0.01853076649361428, 0.010755729998846756, 0.009988378843778737, 0.009988378843778737, 0.0], [0.9544682703393753, 0.015539337563431873, 0.010004000031372797, 0.009994196032910066, 0.009994196032910066, 0.0], [0.9600344126388238, 0.009991396840294074, 0.009991396840294074, 0.009991396840294074, 0.009991396840294074, 0.0], [0.9533380331751229, 0.016446173392742482, 0.010230992641932935, 0.009992400395100909, 0.009992400395100909, 0.0], [0.010005657082421232, 0.010674668568758146, 0.010005657082421232, 0.010005657082421232, 0.9593083601839781, 0.0], [0.01000574986608218, 0.011057434773420876, 0.01000574986608218, 0.01000574986608218, 0.9589253156283326, 0.0], [0.9514497884957812, 0.01797319342397192, 0.010599273411557648, 0.009988872334344612, 0.009988872334344612, 0.0], [0.9383003607329146, 0.02817763258538415, 0.013584481082494833, 0.009968762799603244, 0.009968762799603244, 0.0], [0.016501985441581733, 0.022845090956664198, 0.011825927344681875, 0.010002780064214031, 0.9388242161928582, 0.0], [0.9187329042598781, 0.04046799697335177, 0.02081665809911776, 0.009991220333826175, 0.009991220333826175, 0.0], [0.8195870522780249, 0.07749446000268057, 0.060649240322514016, 0.011624169000402085, 0.030645078396378627, 0.0], [0.05836826700133154, 0.06808791802053515, 0.053084402830684684, 0.010213187703080271, 0.8102462244443683, 0.0], [0.07744763124688175, 0.05144771356322346, 0.03345255818108992, 0.010046609118843718, 0.8276054878899611, 0.0], [0.696173029173308, 0.11638041475057444, 0.12513518547292538, 0.017457062212586163, 0.04485430839060601, 0.0], [0.8016200056558801, 0.08685815860703752, 0.0641538399385933, 0.013028723791055628, 0.03433927200743345, 0.0], [0.8749573057586791, 0.066463199062025, 0.035733332268057916, 0.010017916600919202, 0.012828246310318727, 0.0], [1.0, 0.0, 0.0, 0.0, 0.0, 0.0], [1.0, 0.0, 0.0, 0.0, 0.0, 0.0], [1.0, 0.0, 0.0, 0.0, 0.0, 0.0], [1.0, 0.0, 0.0, 0.0, 0.0, 0.0], [1.0, 0.0, 0.0, 0.0, 0.0, 0.0], [0.9600609275899028, 0.00998476810252431, 0.00998476810252431, 0.00998476810252431, 0.00998476810252431, 0.0], [0.9600611489237482, 0.009984712769062947, 0.009984712769062947, 0.009984712769062947, 0.009984712769062947, 0.0], [0.9600614439324117, 0.00998463901689708, 0.00998463901689708, 0.00998463901689708, 0.00998463901689708, 0.0], [0.9600613701912922, 0.009984657452176953, 0.009984657452176953, 0.009984657452176953, 0.009984657452176953, 0.0], [0.9600614439324117, 0.00998463901689708, 0.00998463901689708, 0.00998463901689708, 0.00998463901689708, 0.0], [1.0, 0.0, 0.0, 0.0, 0.0, 0.0]], [[1.0, 0.0, 0.0, 0.0, 0.0, 0.0], [0.009994234095714013, 0.009994234095714013, 0.009994234095714013, 0.009994234095714013, 0.9600230636171441, 0.0], [0.9604299959651854, 0.009892501008703673, 0.009892501008703673, 0.009892501008703673, 0.009892501008703673, 0.0], [0.9604298298205968, 0.009892542544850804, 0.009892542544850804, 0.009892542544850804, 0.009892542544850804, 0.0], [0.9600610013752199, 0.009984749656195018, 0.009984749656195018, 0.009984749656195018, 0.009984749656195018, 0.0], [1.0, 0.0, 0.0, 0.0, 0.0, 0.0], [0.9600597460217378, 0.009985063494565573, 0.009985063494565573, 0.009985063494565573, 0.009985063494565573, 0.0], [0.9604267749854517, 0.009893306253637065, 0.009893306253637065, 0.009893306253637065, 0.009893306253637065, 0.0], [0.9604233111046679, 0.009894172223832995, 0.009894172223832995, 0.009894172223832995, 0.009894172223832995, 0.0], [0.009906896686617376, 0.009906896686617376, 0.009906896686617376, 0.009906896686617376, 0.9603724132535305, 0.0], [0.9399492890528882, 0.03035411006889894, 0.009898866959404317, 0.009898866959404317, 0.009898866959404317, 0.0], [0.9301760442651442, 0.04009167465630612, 0.009910760359516558, 0.009910760359516558, 0.009910760359516558, 0.0], [0.8294614105633987, 0.11871317681695602, 0.009940006389968834, 0.017806976522543403, 0.024078429707133017, 0.0], [0.016266029432640897, 0.03169411189450938, 0.009931643243584283, 0.009931643243584283, 0.9321765721856811, 0.0], [0.9128188689015745, 0.05740564932743167, 0.009925160590331291, 0.009925160590331291, 0.009925160590331291, 0.0], [0.9189688456029003, 0.05132447153755421, 0.009902227619848547, 0.009902227619848547, 0.009902227619848547, 0.0], [0.011565962406192664, 0.02564198473883565, 0.009925564418965423, 0.009925564418965423, 0.9429409240170409, 0.0], [0.0524873674471568, 0.0626191097509865, 0.009962220956990012, 0.009962220956990012, 0.8649690808878767, 0.0], [0.917503881576843, 0.05275499683814501, 0.009913707195004024, 0.009913707195004024, 0.009913707195004024, 0.0], [0.9053498349769642, 0.06479158788392357, 0.00995285904637078, 0.00995285904637078, 0.00995285904637078, 0.0], [0.8985894615904348, 0.07083944745230988, 0.009964153652150533, 0.010625917117846483, 0.009981020187258225, 0.0], [0.8424907699377268, 0.11497963840339727, 0.00994212394428687, 0.01724694576050959, 0.015340521954079448, 0.0], [0.7807538866802257, 0.1584095247813324, 0.009920656542590762, 0.02376142871719986, 0.027154503278651168, 0.0], [0.06533724893442194, 0.14164678663366706, 0.009929673090337682, 0.02124701799505006, 0.7618392733465231, 0.0], [0.7288196913557143, 0.17989695223124616, 0.009980413438626694, 0.026984542834686924, 0.05431840013972578, 0.0], [0.4186945930334765, 0.357115949672267, 0.0100454556869836, 0.05356739245084005, 0.16057660915643285, 0.0], [0.10503812513455191, 0.14188658085382277, 0.01001316731501925, 0.021282987128073416, 0.7217791395685326, 0.0], [0.6181722741093626, 0.2787049233908109, 0.009904226133291076, 0.04180573850862163, 0.05141283785791398, 0.0], [0.7112325452237386, 0.2126309108219613, 0.009917486512218346, 0.0318946366232942, 0.03432442081878769, 0.0], [0.8111054003247248, 0.08266909714148521, 0.06496913401220517, 0.012400364571222781, 0.02885600395036223, 0.0], [0.905136484177146, 0.049337622523420444, 0.025528240815343994, 0.009998826242044805, 0.009998826242044805, 0.0], [0.012912245706678304, 0.016968966580040833, 0.010404994318117165, 0.010010700838108639, 0.9497030925570551, 0.0], [1.0, 0.0, 0.0, 0.0, 0.0, 0.0], [0.9600529151619319, 0.009986771209517003, 0.009986771209517003, 0.009986771209517003, 0.009986771209517003, 0.0], [0.009902401072278669, 0.009902401072278669, 0.009902401072278669, 0.009902401072278669, 0.9603903957108852, 0.0], [0.960429552802242, 0.009892611799439514, 0.009892611799439514, 0.009892611799439514, 0.009892611799439514, 0.0], [0.9604297744279987, 0.009892556393000311, 0.009892556393000311, 0.009892556393000311, 0.009892556393000311, 0.0], [0.960430162059983, 0.009892459485004267, 0.009892459485004267, 0.009892459485004267, 0.009892459485004267, 0.0], [0.9600614439324117, 0.00998463901689708, 0.00998463901689708, 0.00998463901689708, 0.00998463901689708, 0.0], [1.0, 0.0, 0.0, 0.0, 0.0, 0.0]], [[1.0, 0.0, 0.0, 0.0, 0.0, 0.0], [0.9600611489237482, 0.009984712769062947, 0.009984712769062947, 0.009984712769062947, 0.009984712769062947, 0.0], [0.960429552802242, 0.009892611799439514, 0.009892611799439514, 0.009892611799439514, 0.009892611799439514, 0.0], [0.9604296636261949, 0.009892584093451263, 0.009892584093451263, 0.009892584093451263, 0.009892584093451263, 0.0], [0.009994783907488461, 0.009994783907488461, 0.009994783907488461, 0.009994783907488461, 0.9600208643700461, 0.0], [1.0, 0.0, 0.0, 0.0, 0.0, 0.0], [1.0, 0.0, 0.0, 0.0, 0.0, 0.0], [0.009995850141867244, 0.009995850141867244, 0.009995850141867244, 0.009995850141867244, 0.9600165994325311, 0.0], [0.9559495228282713, 0.014357250241031464, 0.009897742310232438, 0.009897742310232438, 0.009897742310232438, 0.0], [0.9475328839895178, 0.022772778386243878, 0.009898112541412813, 0.009898112541412813, 0.009898112541412813, 0.0], [0.9272195302153212, 0.04308193525821651, 0.009899511508820742, 0.009899511508820742, 0.009899511508820742, 0.0], [0.8329755940082004, 0.11234747802440746, 0.009943420245421554, 0.016852121703661117, 0.027881386018309317, 0.0], [0.7990476648311483, 0.13415754069949254, 0.009932713079790285, 0.020123631104923878, 0.03673845028464493, 0.0], [0.7944289214802536, 0.14921473338671015, 0.009924928343835002, 0.022382210008006522, 0.02404920678119469, 0.0], [0.026057612092317266, 0.05340324303330421, 0.009953413349027348, 0.009953413349027348, 0.9006323181763239, 0.0], [0.8789594905304078, 0.08799965234705245, 0.009920454635240949, 0.013199947852057867, 0.009920454635240949, 0.0], [0.8388558089849855, 0.11809855393562939, 0.009940456172973828, 0.017714783090344407, 0.015390397816066942, 0.0], [0.04831030146715962, 0.08811561639148256, 0.009955284538775075, 0.013217342458722383, 0.8404014551438603, 0.0], [0.0656279371100248, 0.09675913804683145, 0.009951095803425028, 0.014513870707024716, 0.813147958332694, 0.0], [0.8553421591653042, 0.10724609956739779, 0.009946034991765738, 0.016086914935109668, 0.011378791340422608, 0.0], [0.8184373800294741, 0.13047839601728817, 0.00993448835279694, 0.019571759402593224, 0.02157797619784765, 0.0], [0.05683852799123913, 0.09795470574406397, 0.009950710184015976, 0.014693205861609595, 0.8205628502190713, 0.0], [0.7765543964468674, 0.16893029631889442, 0.009915430849019599, 0.025339544447834164, 0.01926033193738436, 0.0], [0.07174491579281855, 0.14478074356530027, 0.009930092151255164, 0.021717111534795042, 0.7518271369558309, 0.0], [0.6029831641980606, 0.2911723046468995, 0.009922382165510295, 0.04367584569703493, 0.05224630329249447, 0.0], [0.6104206560782989, 0.2540707643399792, 0.010012640959211005, 0.038110614650996875, 0.08738532397151405, 0.0], [0.6181867323343043, 0.25165920898525485, 0.010010310619938538, 0.03774888134778823, 0.0823948667127141, 0.0], [0.5792319224661073, 0.3142157819211077, 0.009879446059459448, 0.04713236728816616, 0.04954048226515939, 0.0], [0.09386641781228204, 0.1793439278454654, 0.009927701513726288, 0.026901589176819812, 0.6899603636517064, 0.0], [0.058906281845431896, 0.13292438620648517, 0.009941988497119308, 0.019938657930972773, 0.7782886855199909, 0.0], [0.7923368784503695, 0.14816055450697968, 0.009925766111469263, 0.02222408317604695, 0.027352717755134703, 0.0], [0.917834165770629, 0.040396230877626754, 0.02177918317131778, 0.00999521009021328, 0.00999521009021328, 0.0], [1.0, 0.0, 0.0, 0.0, 0.0, 0.0], [0.01000190204283322, 0.01000190204283322, 0.01000190204283322, 0.01000190204283322, 0.9599923918286671, 0.0], [0.9604251016052274, 0.009893724598693122, 0.009893724598693122, 0.009893724598693122, 0.009893724598693122, 0.0], [0.009902271791061441, 0.009902271791061441, 0.009902271791061441, 0.009902271791061441, 0.9603909128357543, 0.0], [0.96042988520766, 0.009892528698085004, 0.009892528698085004, 0.009892528698085004, 0.009892528698085004, 0.0], [0.9604302174138548, 0.009892445646536326, 0.009892445646536326, 0.009892445646536326, 0.009892445646536326, 0.0], [0.9600612964428092, 0.009984675889297705, 0.009984675889297705, 0.009984675889297705, 0.009984675889297705, 0.0], [1.0, 0.0, 0.0, 0.0, 0.0, 0.0]], [[1.0, 0.0, 0.0, 0.0, 0.0, 0.0], [0.009994783907488461, 0.009994783907488461, 0.009994783907488461, 0.009994783907488461, 0.9600208643700461, 0.0], [0.009902286149889505, 0.009902286149889505, 0.009902286149889505, 0.009902286149889505, 0.9603908554004421, 0.0], [0.009902386701945334, 0.009902386701945334, 0.009902386701945334, 0.009902386701945334, 0.9603904531922187, 0.0], [0.9600478255645858, 0.009988043608853544, 0.009988043608853544, 0.009988043608853544, 0.009988043608853544, 0.0], [1.0, 0.0, 0.0, 0.0, 0.0, 0.0], [0.9600463972316836, 0.009988400692079109, 0.009988400692079109, 0.009988400692079109, 0.009988400692079109, 0.0], [0.9597434453309864, 0.01056321402093853, 0.00989778021602503, 0.00989778021602503, 0.00989778021602503, 0.0], [0.009909862214875774, 0.011078496540175726, 0.009909862214875774, 0.009909862214875774, 0.959191916815197, 0.0], [0.0, 0.0, 0.0, 0.0, 0.0, 1.0], [0.056558573657918346, 0.04683602652824129, 0.009946609890939671, 0.009946609890939671, 0.8767121800319609, 0.0], [0.7867687471199833, 0.15279505924817133, 0.009923044968222378, 0.0229192588872257, 0.02759388977639723, 0.0], [0.8323809048486512, 0.09033513837247024, 0.009981783245576822, 0.013550270755870536, 0.053751902777431186, 0.0], [0.06486044359592241, 0.12427459040134752, 0.009937511171097394, 0.018641188560202127, 0.7822862662714306, 0.0], [0.7679601798425267, 0.17312682552262723, 0.00991306623607171, 0.025969023828394083, 0.023030904570380296, 0.0], [0.06378180962643715, 0.08457914677311197, 0.009957407649151404, 0.012686872015966794, 0.8289947639353327, 0.0], [0.7714438311914493, 0.17025716935351187, 0.009914540387164604, 0.025538575403026783, 0.022845883664847324, 0.0], [0.7987992192740598, 0.13122988168456864, 0.009934345337664961, 0.019684482252685296, 0.04035207145102117, 0.0], [0.05109207454595814, 0.136113639061449, 0.009931547501285958, 0.020417045859217345, 0.7824456930320897, 0.0], [0.08319257196430155, 0.13658851952422577, 0.009931547089325919, 0.020488277928633863, 0.749799083493513, 0.0], [0.7097312569488639, 0.20914068090817473, 0.009904839256839913, 0.03137110213622621, 0.039852120749895394, 0.0], [0.7842559611487542, 0.15072117029855586, 0.00992458485963936, 0.02260817554478338, 0.03249010814826717, 0.0], [0.055442974962727515, 0.11893412371036707, 0.009940488226068233, 0.01784011855655506, 0.7978422945442821, 0.0], [0.6697586706522088, 0.2533007841907926, 0.009873349607904603, 0.03799511762861889, 0.029072077920475108, 0.0], [0.6153075670087245, 0.2827866108994082, 0.009917117688914893, 0.04241799163491123, 0.04957071276804111, 0.0], [0.09853547952849095, 0.14677732933319654, 0.010008682532096594, 0.022016599399979478, 0.7226619092062364, 0.0], [0.3931356784675936, 0.3893728944087537, 0.010034090823573089, 0.05840593416131306, 0.14905140213876644, 0.0], [0.10114089731924127, 0.1017908388245058, 0.009999100080992711, 0.01526862582367587, 0.7718005379515843, 0.0], [0.6036216312126649, 0.30380695148157644, 0.009857461112315913, 0.045571042722236464, 0.037142913471206365, 0.0], [0.7310049949851046, 0.16540443948900332, 0.00995512726385816, 0.024810665923350496, 0.0688247723386834, 0.0], [0.7704396128133456, 0.16487833782025682, 0.009917471654104271, 0.02473175067303852, 0.03003282703925472, 0.0], [0.823039564107793, 0.1251289402251925, 0.00993705935111141, 0.018769341033778874, 0.023125095282124173, 0.0], [0.012385741534345662, 0.017141866283534393, 0.010455547573633235, 0.010010651737719539, 0.9500061928707673, 0.0], [0.9431036764537115, 0.027201157196805992, 0.009898388783160874, 0.009898388783160874, 0.009898388783160874, 0.0], [0.9592630648934141, 0.011043907071603439, 0.009897676011660809, 0.009897676011660809, 0.009897676011660809, 0.0], [0.9604267192871567, 0.009893320178210801, 0.009893320178210801, 0.009893320178210801, 0.009893320178210801, 0.0], [0.9604287764138351, 0.009892805896541245, 0.009892805896541245, 0.009892805896541245, 0.009892805896541245, 0.0], [0.9604297744279987, 0.009892556393000311, 0.009892556393000311, 0.009892556393000311, 0.009892556393000311, 0.0], [0.9600612964428092, 0.009984675889297705, 0.009984675889297705, 0.009984675889297705, 0.009984675889297705, 0.0], [1.0, 0.0, 0.0, 0.0, 0.0, 0.0]], [[1.0, 0.0, 0.0, 0.0, 0.0, 0.0], [0.9600581923426266, 0.009985451914343337, 0.009985451914343337, 0.009985451914343337, 0.009985451914343337, 0.0], [0.9604258273547791, 0.009893543161305255, 0.009893543161305255, 0.009893543161305255, 0.009893543161305255, 0.0], [0.009997904166052148, 0.009997904166052148, 0.009997904166052148, 0.009997904166052148, 0.9600083833357914, 0.0], [1.0, 0.0, 0.0, 0.0, 0.0, 0.0], [0.01000066456092069, 0.01000066456092069, 0.01000066456092069, 0.01000066456092069, 0.9599973417563172, 0.0], [0.009914822814850767, 0.015769004229138857, 0.009914822814850767, 0.009914822814850767, 0.9544865273263089, 0.0], [0.0, 0.0, 0.0, 0.0, 0.0, 1.0], [0.009908901169004562, 0.010330441951973727, 0.009908901169004562, 0.009908901169004562, 0.9599428545410125, 0.0], [0.0, 0.0, 0.0, 0.0, 0.0, 1.0], [0.0, 0.0, 0.0, 0.0, 0.0, 1.0], [0.07079211193342877, 0.026047550592927102, 0.009926188740156936, 0.009926188740156936, 0.8833079599933302, 0.0], [0.514131985448054, 0.298209589140698, 0.010028908328256198, 0.044731438371104694, 0.132898078711887, 0.0], [0.07691559047736328, 0.057152901639409386, 0.009957316564509785, 0.009957316564509785, 0.8460168747542078, 0.0], [0.696692216652434, 0.22461688588149922, 0.009887484355012096, 0.03369253288222488, 0.03511088022883, 0.0], [0.6828906114603521, 0.2393317420554269, 0.009880004253911237, 0.035899761308314036, 0.03199788092199588, 0.0], [0.07846653962560252, 0.07497913786446461, 0.00996400503182254, 0.011246870679669691, 0.8253434467984406, 0.0], [0.45437571883075173, 0.3123770830532694, 0.00995782859589638, 0.04685656245799041, 0.17643280706209205, 0.0], [0.7406466271057234, 0.16073501641729324, 0.00996497311948501, 0.024110252462593983, 0.0645431308949044, 0.0], [0.599811727132486, 0.308235212940556, 0.009857218194453343, 0.0462352819410834, 0.035860559791421276, 0.0], [0.6623487597369627, 0.2251421070229972, 0.00990724343335521, 0.03377131605344958, 0.06883057375323533, 0.0], [0.538988623069651, 0.2084814379681665, 0.009977575399290096, 0.03127221569522498, 0.2112801478676674, 0.0], [0.7683519900990884, 0.16243683012161936, 0.009918761751382399, 0.024365524518242903, 0.03492689350966687, 0.0], [0.049970920596356036, 0.1285250092796049, 0.009935628323537643, 0.019278751391940734, 0.7922896904085606, 0.0], [0.6989272636670376, 0.22019977142063804, 0.00991667513716001, 0.03302996571309571, 0.03792632406206846, 0.0], [0.6365956017300618, 0.26780884347188155, 0.009880422190440196, 0.04017132652078223, 0.04554380608683408, 0.0], [0.8023882915946676, 0.11383725157235838, 0.0099595145732597, 0.017075587735853756, 0.05673935452386051, 0.0], [0.0, 0.0, 0.0, 0.0, 0.0, 1.0], [0.7938439637944636, 0.11930804321370175, 0.00995478040998763, 0.01789620648205526, 0.05899700609979168, 0.0], [0.545566029740926, 0.23120753343735514, 0.009970139432399964, 0.034681130015603266, 0.17857516737371573, 0.0], [0.0841714808506148, 0.06595340752635401, 0.009966182079189884, 0.009966182079189884, 0.8299427474646516, 0.0], [0.8065730866730243, 0.14282447750786104, 0.009928079084856605, 0.021423671626179155, 0.01925068510807892, 0.0], [0.8622275770381272, 0.09530846905021921, 0.009951747305446084, 0.014296270357532882, 0.01821593624867448, 0.0], [0.9446096383694115, 0.0256950235187625, 0.00989844603727537, 0.00989844603727537, 0.00989844603727537, 0.0], [0.009906970829338915, 0.009906970829338915, 0.009906970829338915, 0.009906970829338915, 0.9603721166826443, 0.0], [0.009903976113114166, 0.009903976113114166, 0.009903976113114166, 0.009903976113114166, 0.9603840955475434, 0.0], [0.9604279989375094, 0.009893000265622657, 0.009893000265622657, 0.009893000265622657, 0.009893000265622657, 0.0], [0.009902243077716658, 0.009902243077716658, 0.009902243077716658, 0.009902243077716658, 0.9603910276891333, 0.0], [0.9600612226869616, 0.009984694328259608, 0.009984694328259608, 0.009984694328259608, 0.009984694328259608, 0.0], [1.0, 0.0, 0.0, 0.0, 0.0, 0.0]], [[1.0, 0.0, 0.0, 0.0, 0.0, 0.0], [0.9600564127067309, 0.009985896823317254, 0.009985896823317254, 0.009985896823317254, 0.009985896823317254, 0.0], [0.9600372363886168, 0.009990690902845815, 0.009990690902845815, 0.009990690902845815, 0.009990690902845815, 0.0], [1.0, 0.0, 0.0, 0.0, 0.0, 0.0], [0.9541827309276386, 0.015761470520649, 0.010067700671507387, 0.009994048940102486, 0.009994048940102486, 0.0], [0.8690978529915815, 0.09008911009561706, 0.009954302768633166, 0.013513366514342559, 0.017345367629825723, 0.0], [0.0, 0.0, 0.0, 0.0, 0.0, 1.0], [0.9352353562025982, 0.03506703443729916, 0.009899203120034212, 0.009899203120034212, 0.009899203120034212, 0.0], [0.9006693736828997, 0.06494071318148212, 0.009964495123021631, 0.009964495123021631, 0.01446092288957509, 0.0], [0.009911268537283763, 0.012178539351168671, 0.009911268537283763, 0.009911268537283763, 0.95808765503698, 0.0], [0.0, 0.0, 0.0, 0.0, 0.0, 1.0], [0.0, 0.0, 0.0, 0.0, 0.0, 1.0], [0.0, 0.0, 0.0, 0.0, 0.0, 1.0], [0.0, 0.0, 0.0, 0.0, 0.0, 1.0], [0.8123310528455324, 0.1314981291559887, 0.009933820685807993, 0.019724719373398307, 0.026512277939272477, 0.0], [0.8248663048605963, 0.11957241341034595, 0.009939921428090054, 0.01793586201155189, 0.027685498289415793, 0.0], [0.6993497880990409, 0.22220805100057886, 0.009888876200702069, 0.033331207650086826, 0.03522207704959119, 0.0], [0.7417381698671673, 0.14417838022497018, 0.009974291264266355, 0.021626757033745524, 0.08248240160985061, 0.0], [0.6162042547319292, 0.2891522324651867, 0.009856902419130276, 0.043372834869778, 0.041413775513975855, 0.0], [0.0888028690157682, 0.2000292049569227, 0.00989998539752154, 0.0300043807435384, 0.6712635598862491, 0.0], [0.0791610714257336, 0.13423612049169256, 0.009932876973563978, 0.020135418073753884, 0.756534513035256, 0.0], [0.7118882055683868, 0.19533759864251035, 0.009923169857379241, 0.029300639796376555, 0.053550386135347065, 0.0], [0.7571241059152454, 0.17380755303406242, 0.009912918111558424, 0.02607113295510936, 0.03308428998402434, 0.0], [0.058189777053285575, 0.09881844491913455, 0.009950303053152617, 0.014822766737870183, 0.8182187082365571, 0.0], [0.8287403870730793, 0.12750233886637566, 0.009936149568333361, 0.019125350829956346, 0.01469577366225529, 0.0], [0.8261185907412071, 0.12167753421344271, 0.0099388985481962, 0.018251630132016406, 0.02401334636513767, 0.0], [0.0, 0.0, 0.0, 0.0, 0.0, 1.0], [0.0, 0.0, 0.0, 0.0, 0.0, 1.0], [0.0, 0.0, 0.0, 0.0, 0.0, 1.0], [0.0, 0.0, 0.0, 0.0, 0.0, 1.0], [0.7972593130498787, 0.15037222559785804, 0.009924369291264678, 0.022555833839678706, 0.019888258221319857, 0.0], [0.05979116119479456, 0.08511214922766042, 0.009956786173157973, 0.012766822384149062, 0.8323730810202381, 0.0], [0.9208293825191822, 0.04940674919861957, 0.009921289427399445, 0.009921289427399445, 0.009921289427399445, 0.0], [0.9370351570691403, 0.03326781028235013, 0.009899010882836555, 0.009899010882836555, 0.009899010882836555, 0.0], [0.9531389600914514, 0.017166645208360157, 0.00989813156672948, 0.00989813156672948, 0.00989813156672948, 0.0], [0.9604167152756715, 0.009895821181082152, 0.009895821181082152, 0.009895821181082152, 0.009895821181082152, 0.0], [0.9604269977228329, 0.009893250569291766, 0.009893250569291766, 0.009893250569291766, 0.009893250569291766, 0.0], [0.009902372333050913, 0.009902372333050913, 0.009902372333050913, 0.009902372333050913, 0.9603905106677963, 0.0], [0.9600605585527429, 0.0099848603618143, 0.0099848603618143, 0.0099848603618143, 0.0099848603618143, 0.0], [1.0, 0.0, 0.0, 0.0, 0.0, 0.0]], [[1.0, 0.0, 0.0, 0.0, 0.0, 0.0], [0.9600463219804393, 0.009988419504890189, 0.009988419504890189, 0.009988419504890189, 0.009988419504890189, 0.0], [0.010005940950404158, 0.010304221032936529, 0.010005940950404158, 0.010005940950404158, 0.9596779561158509, 0.0], [1.0, 0.0, 0.0, 0.0, 0.0, 0.0], [0.8757855831833099, 0.047354690650336075, 0.04286126783019603, 0.010110201345315126, 0.02388825699084292, 0.0], [0.05440559170779647, 0.09525924511746908, 0.00995177191593248, 0.014288886767620362, 0.8260945044911816, 0.0], [0.8393891824158335, 0.11328116494014756, 0.009942909064274814, 0.016992174741022135, 0.02039456883872207, 0.0], [0.8568877602813904, 0.10111909422645625, 0.009948989824210247, 0.015167864133968437, 0.01687629153397468, 0.0], [0.04403490335080875, 0.05853178726292894, 0.009958320221817167, 0.009958320221817167, 0.8775166689426279, 0.0], [0.8949899262312233, 0.07167636119543706, 0.009963459400955783, 0.01075145417931556, 0.012618798993068312, 0.0], [0.0, 0.0, 0.0, 0.0, 0.0, 1.0], [0.8778542373434318, 0.08161142777487505, 0.009958472586024426, 0.012241714166231257, 0.018334148129437403, 0.0], [0.823352628320882, 0.12750883380015818, 0.009935618652325914, 0.019126325070023723, 0.020076594156610273, 0.0], [0.07361307621525888, 0.07163423008044009, 0.009963490288812594, 0.010745134512066013, 0.8340440689034224, 0.0], [0.8828407757472534, 0.08456575878954119, 0.00995430082238715, 0.012684863818431176, 0.00995430082238715, 0.0], [0.0, 0.0, 0.0, 0.0, 0.0, 1.0], [0.7797611225307027, 0.14877151918036807, 0.009925539854650226, 0.02231572787705521, 0.03922609055722373, 0.0], [0.674478656915025, 0.21882865622299857, 0.009890541184472508, 0.032824298433449785, 0.063977847244054, 0.0], [0.07734082248647277, 0.1574049133703566, 0.009921114341622631, 0.023610737005553484, 0.7317224127959945, 0.0], [0.7183890188396899, 0.19036066111675934, 0.009943100606777715, 0.028554099167513898, 0.05275312026925916, 0.0], [0.5212132392350819, 0.24335582750205037, 0.009971556136121712, 0.036503374125307554, 0.18895600300143836, 0.0], [0.7941214515278455, 0.11661575506711376, 0.009950149749753735, 0.017492363260067062, 0.061820280395219945, 0.0], [0.0, 0.0, 0.0, 0.0, 0.0, 1.0], [0.8458776890663119, 0.11133486994265437, 0.00994390187878212, 0.016700230491398155, 0.016143308620853534, 0.0], [0.871013155110285, 0.09160193099254965, 0.009954010266966974, 0.013740289648882447, 0.013690613981315986, 0.0], [0.0, 0.0, 0.0, 0.0, 0.0, 1.0], [0.0806507875326747, 0.10445019170642718, 0.009947260322434924, 0.015667528755964076, 0.7892842316824992, 0.0], [0.05409494800654677, 0.10636035938033099, 0.009946251180545597, 0.015954053907049646, 0.813644387525527, 0.0], [0.7815063518798994, 0.1353724081545122, 0.0099322740827117, 0.02030586122317683, 0.05288310465969999, 0.0], [0.7259937633414714, 0.18837638065982693, 0.009905717794665292, 0.02825645709897404, 0.047467681105062276, 0.0], [0.7133367903795343, 0.2055460898338149, 0.009897029409585896, 0.030831913475072234, 0.040388176901992735, 0.0], [0.023401291078418568, 0.06090272582988004, 0.009960638335767463, 0.009960638335767463, 0.8957747064201665, 0.0], [0.8878625014272926, 0.0802249660292003, 0.009939393819563522, 0.012033744904380044, 0.009939393819563522, 0.0], [0.018142414005943616, 0.0330310254999517, 0.009932971668254128, 0.009932971668254128, 0.9289606171575965, 0.0], [0.951123562601277, 0.01918158567774936, 0.009898283906991275, 0.009898283906991275, 0.009898283906991275, 0.0], [0.9552572020519473, 0.01504917280687528, 0.009897875047059104, 0.009897875047059104, 0.009897875047059104, 0.0], [0.9604171120915859, 0.009895721977103542, 0.009895721977103542, 0.009895721977103542, 0.009895721977103542, 0.0], [0.9604263292427624, 0.009893417689309382, 0.009893417689309382, 0.009893417689309382, 0.009893417689309382, 0.0], [0.9600576737238052, 0.009985581569048689, 0.009985581569048689, 0.009985581569048689, 0.009985581569048689, 0.0], [1.0, 0.0, 0.0, 0.0, 0.0, 0.0]], [[1.0, 0.0, 0.0, 0.0, 0.0, 0.0], [0.9593026669641703, 0.010716005308092493, 0.009993775909245712, 0.009993775909245712, 0.009993775909245712, 0.0], [0.9486509923038992, 0.02022699511500843, 0.011153883632276183, 0.009984064474408178, 0.009984064474408178, 0.0], [1.0, 0.0, 0.0, 0.0, 0.0, 0.0], [0.8324228550067696, 0.06665866357483928, 0.06533764689852334, 0.010183681087934226, 0.025397153431933446, 0.0], [0.08031218379562537, 0.0638621015949125, 0.009963978792812458, 0.009963978792812458, 0.8358977570238373, 0.0], [0.7388882742051481, 0.18942686888005503, 0.009905024776145355, 0.028414030332008254, 0.03336580180664333, 0.0], [0.7628227064927836, 0.16427208449240818, 0.009917735194588382, 0.02464081267386123, 0.03834666114635866, 0.0], [0.8665839930180813, 0.08126707129758245, 0.009959063636535134, 0.012190060694637368, 0.02999981135316375, 0.0], [0.8585945782295122, 0.09423961002115816, 0.009952296453573017, 0.014135941503173722, 0.023077573792582826, 0.0], [0.9023301541270502, 0.0647841993810389, 0.009964403307851548, 0.009964403307851548, 0.01295683987620778, 0.0], [0.9286804472447199, 0.04162084442649228, 0.009899569442929322, 0.009899569442929322, 0.009899569442929322, 0.0], [0.07657285791261105, 0.07672115912225458, 0.009960897914390655, 0.011508173868338186, 0.8252369111824055, 0.0], [0.9243982859633887, 0.045902918767069215, 0.009899598423180679, 0.009899598423180679, 0.009899598423180679, 0.0], [0.05310495893513185, 0.06121409605371809, 0.009960888247190235, 0.009960888247190235, 0.8657591685167697, 0.0], [0.041276360078335995, 0.07121904334859173, 0.00996373718341799, 0.01068285650228876, 0.8668580028873656, 0.0], [0.8623373837284658, 0.08303070000541289, 0.00995822145459656, 0.012454605000811933, 0.03221908981071285, 0.0], [0.6011427832269074, 0.1572632903898249, 0.009950224004417899, 0.023589493558473736, 0.20805420882037604, 0.0], [0.0, 0.0, 0.0, 0.0, 0.0, 1.0], [0.763484427062918, 0.16539032066247078, 0.009916993435299316, 0.024808548099370616, 0.03639971073994127, 0.0], [0.0, 0.0, 0.0, 0.0, 0.0, 1.0], [0.8015712815641575, 0.13560714003007995, 0.009931825377978312, 0.020341071004511994, 0.032548682023272386, 0.0], [0.0, 0.0, 0.0, 0.0, 0.0, 1.0], [0.0, 0.0, 0.0, 0.0, 0.0, 1.0], [0.8742945772777773, 0.090041812576949, 0.009954760569731746, 0.01350627188654235, 0.012202577688999652, 0.0], [0.8285621027212633, 0.12069039070351635, 0.009939471263980097, 0.01810355860552745, 0.022704476705712875, 0.0], [0.7095664605201841, 0.21527892961795764, 0.009892168013332385, 0.03229183944269364, 0.03297060240583212, 0.0], [0.06913113445632911, 0.09736009518328446, 0.009951205644996963, 0.01460401427749267, 0.8089535504378967, 0.0], [0.49397962334053724, 0.273680646157217, 0.009959266599607606, 0.04105209692358255, 0.18132836697905566, 0.0], [0.7359702400542539, 0.1523900707097906, 0.009973172166871113, 0.022858510606468593, 0.07880800646261553, 0.0], [0.7269109880105084, 0.18769396407369826, 0.009923022155627717, 0.028154094611054736, 0.04731793114911076, 0.0], [0.7587529904970706, 0.17870148852068843, 0.009910303604891452, 0.026805223278103262, 0.02582999409924623, 0.0], [0.8878452986607425, 0.07772366385482589, 0.009960731445645268, 0.011658549578223884, 0.012811756460562556, 0.0], [0.9156849885847564, 0.05453675807079918, 0.009926084448148168, 0.009926084448148168, 0.009926084448148168, 0.0], [0.8720659947180486, 0.08753795784330208, 0.009955588086924696, 0.013130693676495313, 0.017309765675229228, 0.0], [0.9503914410105231, 0.019913707268503153, 0.009898283906991275, 0.009898283906991275, 0.009898283906991275, 0.0], [0.9551605846383412, 0.015145818682635198, 0.009897865559674524, 0.009897865559674524, 0.009897865559674524, 0.0], [0.9589153128523276, 0.011391318063125426, 0.009897789694848983, 0.009897789694848983, 0.009897789694848983, 0.0], [0.9600564127067309, 0.009985896823317254, 0.009985896823317254, 0.009985896823317254, 0.009985896823317254, 0.0], [1.0, 0.0, 0.0, 0.0, 0.0, 0.0]], [[1.0, 0.0, 0.0, 0.0, 0.0, 0.0], [0.9578399762092956, 0.012179040702451849, 0.00999366102941752, 0.00999366102941752, 0.00999366102941752, 0.0], [0.06102445923625466, 0.06003540803307387, 0.009959745616030543, 0.009959745616030543, 0.8590206414986105, 0.0], [0.8532337893912377, 0.05565007314803173, 0.05647017948916062, 0.010163965719150946, 0.024481992252419035, 0.0], [0.08637424000111321, 0.0525799458694924, 0.009952916596676032, 0.009952916596676032, 0.8411399809360423, 0.0], [0.44747661771816993, 0.3481097495283456, 0.010021872737249048, 0.05221646242925184, 0.14217529758698363, 0.0], [0.7643927675611317, 0.14192876660464443, 0.00996340937905542, 0.021289314990696664, 0.062425741464471746, 0.0], [0.7633758341277407, 0.14080870670479823, 0.009930092151255164, 0.021121306005719737, 0.06476406101048617, 0.0], [0.6014399205561072, 0.1628599801390268, 0.009930486593843097, 0.02442899702085402, 0.20134061569016884, 0.0], [0.8948523672128157, 0.051130170172711875, 0.009951289958153602, 0.009951289958153602, 0.03411488269816537, 0.0], [0.8860921033236616, 0.07864722810565045, 0.009960003680096712, 0.011797084215847567, 0.013503580674743755, 0.0], [0.9020966502454285, 0.06438602338666528, 0.009964009103056209, 0.009964009103056209, 0.013589308161793864, 0.0], [0.012349517925989489, 0.02346900418604377, 0.009923403468098883, 0.009923403468098883, 0.9443346709517689, 0.0], [0.012693789391337716, 0.02386235602635191, 0.0099237880629179, 0.0099237880629179, 0.9435962784564745, 0.0], [0.9309684583060318, 0.03933393233386563, 0.009899203120034216, 0.009899203120034216, 0.009899203120034216, 0.0], [0.885791191243762, 0.07719517918331356, 0.009960700186484957, 0.011579276877497035, 0.015473652508942226, 0.0], [0.8503839484765915, 0.10324498389893487, 0.009947981174139213, 0.015486747584840229, 0.02093633886549418, 0.0], [0.8549063358240576, 0.08801894294812794, 0.009955776938540228, 0.01320284144221919, 0.033916102847055166, 0.0], [0.831341381759357, 0.11741073884511248, 0.00994100717499057, 0.01761161082676687, 0.023695261393773016, 0.0], [0.7463863933745698, 0.1884824084728833, 0.009905310145510588, 0.028272361270932495, 0.026953526736103923, 0.0], [0.05301887700166099, 0.08818294041997497, 0.009955546473847905, 0.013227441062996247, 0.8356151950415198, 0.0], [0.7473802493009643, 0.18696832730896265, 0.009906067151804771, 0.0280452490963444, 0.02770010714192385, 0.0], [0.8257029971041063, 0.1238060062723762, 0.009937607508260738, 0.01857090094085643, 0.021982488174400336, 0.0], [0.8427633474306281, 0.11151887316847979, 0.0099439727991138, 0.01672783097527197, 0.01904597562650649, 0.0], [0.8579912507634478, 0.10283580533196947, 0.009948408304326454, 0.01542537079979542, 0.013799164800460796, 0.0], [0.7884906912917257, 0.1536754287752534, 0.00992301366334083, 0.023051314316288006, 0.02485955195339205, 0.0], [0.7005673190588538, 0.2195084553786496, 0.009892224217154107, 0.03292626830679744, 0.03710573303854506, 0.0], [0.07481989041261289, 0.16339634797780936, 0.00991808904457672, 0.024509452196671406, 0.7273562203683296, 0.0], [0.741444108821565, 0.16269402159284627, 0.009968996421130286, 0.02440410323892694, 0.0614887699255316, 0.0], [0.6902015150764965, 0.2168638906768332, 0.009902460761499232, 0.032529583601524976, 0.05050254988364608, 0.0], [0.7619837501738215, 0.15455213651443214, 0.009932656588331113, 0.02318282047716482, 0.050348636246250425, 0.0], [0.0504962407803478, 0.08602696172196642, 0.009956530615885653, 0.012904044258294962, 0.8406162226235052, 0.0], [0.838138884088977, 0.11719486877591023, 0.00994101637212812, 0.017579230316386533, 0.017146000446598104, 0.0], [0.8398198879646112, 0.11276803446999026, 0.009943190256208182, 0.016915205170498538, 0.020553682138691808, 0.0], [0.040554136521925244, 0.032353300036603735, 0.02767082242388724, 0.010066026734726943, 0.8893557142828569, 0.0], [0.8972121638460625, 0.0396322567488823, 0.03413885519395504, 0.010082426075319324, 0.018934298135780812, 0.0], [0.9484597547238505, 0.0218446779864778, 0.009898522429890557, 0.009898522429890557, 0.009898522429890557, 0.0], [0.9558491728808708, 0.014457486471054118, 0.00989778021602503, 0.00989778021602503, 0.00989778021602503, 0.0], [0.9600468485798054, 0.009988287855048635, 0.009988287855048635, 0.009988287855048635, 0.009988287855048635, 0.0], [1.0, 0.0, 0.0, 0.0, 0.0, 0.0]], [[1.0, 0.0, 0.0, 0.0, 0.0, 0.0], [0.9471563140469811, 0.021431105155289294, 0.01144962951284881, 0.009981475642440486, 0.009981475642440486, 0.0], [0.9267473941687838, 0.043547384721215554, 0.009901740370000233, 0.009901740370000233, 0.009901740370000233, 0.0], [0.8288291321630663, 0.1180434106623305, 0.009940601981782496, 0.01770651159934957, 0.025480343593471177, 0.0], [0.7587452312565445, 0.17628213847446703, 0.009911666029432787, 0.026442320771170053, 0.0286186434683857, 0.0], [0.8004353122067134, 0.11841290760598254, 0.0099842249246191, 0.01776193614089738, 0.05340561912178759, 0.0], [0.09049076040408995, 0.18547887700521548, 0.009907033222612709, 0.027821831550782324, 0.6863014978172997, 0.0], [0.7294694812277592, 0.1981116710181479, 0.009900648033443066, 0.029716750652722185, 0.032801449067927535, 0.0], [0.865668733321933, 0.07640592874215063, 0.009961603162420016, 0.011460889311322593, 0.03650284546217385, 0.0], [0.8507459435482913, 0.10594101362777672, 0.009946574045837804, 0.01589115204416651, 0.01747531673392766, 0.0], [0.037640906736390325, 0.04573148170987396, 0.009945487284477443, 0.009945487284477443, 0.8967366369847809, 0.0], [0.9399889027047331, 0.030314323787341346, 0.009898924502641853, 0.009898924502641853, 0.009898924502641853, 0.0], [0.9428970781427175, 0.027407526468293496, 0.009898465129663005, 0.009898465129663005, 0.009898465129663005, 0.0], [0.9504412763068568, 0.019863900557506968, 0.009898274378545424, 0.009898274378545424, 0.009898274378545424, 0.0], [0.9482983670471928, 0.022006924129787175, 0.009898236274339976, 0.009898236274339976, 0.009898236274339976, 0.0], [0.010918909879646072, 0.01800144601779487, 0.009918009807345182, 0.009918009807345182, 0.9512436244878688, 0.0], [0.888643854781722, 0.07652375645190615, 0.009960932868558963, 0.011478563467785922, 0.013392892430026955, 0.0], [0.04975543101570392, 0.06119175396558213, 0.009960987781452366, 0.009960987781452366, 0.8691308394558093, 0.0], [0.8538008690693725, 0.10618774626020494, 0.009946268703916546, 0.015928161939030742, 0.014136954027475399, 0.0], [0.022981847799871103, 0.05056006515971642, 0.009950398747415158, 0.009950398747415158, 0.906557289545582, 0.0], [0.7516914536249941, 0.1825508224643967, 0.009908212027063257, 0.027382623369659503, 0.028466888513886478, 0.0], [0.052055988667544996, 0.09797026221161181, 0.009950569099248135, 0.01469553933174177, 0.8253276406898532, 0.0], [0.06532586487275353, 0.06418415142892883, 0.009964179981692871, 0.009964179981692871, 0.8505616237349317, 0.0], [0.