{"prediction": [[[1.0, 0.0, 0.0, 0.0, 0.0, 0.0], [1.0, 0.0, 0.0, 0.0, 0.0, 0.0], [1.0, 0.0, 0.0, 0.0, 0.0, 0.0], [1.0, 0.0, 0.0, 0.0, 0.0, 0.0], [1.0, 0.0, 0.0, 0.0, 0.0, 0.0], [1.0, 0.0, 0.0, 0.0, 0.0, 0.0], [1.0, 0.0, 0.0, 0.0, 0.0, 0.0], [1.0, 0.0, 0.0, 0.0, 0.0, 0.0], [1.0, 0.0, 0.0, 0.0, 0.0, 0.0], [1.0, 0.0, 0.0, 0.0, 0.0, 0.0], [1.0, 0.0, 0.0, 0.0, 0.0, 0.0], [1.0, 0.0, 0.0, 0.0, 0.0, 0.0], [1.0, 0.0, 0.0, 0.0, 0.0, 0.0], [1.0, 0.0, 0.0, 0.0, 0.0, 0.0], [1.0, 0.0, 0.0, 0.0, 0.0, 0.0], [1.0, 0.0, 0.0, 0.0, 0.0, 0.0], [1.0, 0.0, 0.0, 0.0, 0.0, 0.0], [1.0, 0.0, 0.0, 0.0, 0.0, 0.0], [1.0, 0.0, 0.0, 0.0, 0.0, 0.0], [1.0, 0.0, 0.0, 0.0, 0.0, 0.0], [1.0, 0.0, 0.0, 0.0, 0.0, 0.0], [1.0, 0.0, 0.0, 0.0, 0.0, 0.0], [1.0, 0.0, 0.0, 0.0, 0.0, 0.0], [1.0, 0.0, 0.0, 0.0, 0.0, 0.0], [1.0, 0.0, 0.0, 0.0, 0.0, 0.0], [1.0, 0.0, 0.0, 0.0, 0.0, 0.0], [1.0, 0.0, 0.0, 0.0, 0.0, 0.0], [1.0, 0.0, 0.0, 0.0, 0.0, 0.0], [1.0, 0.0, 0.0, 0.0, 0.0, 0.0], [1.0, 0.0, 0.0, 0.0, 0.0, 0.0], [1.0, 0.0, 0.0, 0.0, 0.0, 0.0], [1.0, 0.0, 0.0, 0.0, 0.0, 0.0], [1.0, 0.0, 0.0, 0.0, 0.0, 0.0], [1.0, 0.0, 0.0, 0.0, 0.0, 0.0], [1.0, 0.0, 0.0, 0.0, 0.0, 0.0], [1.0, 0.0, 0.0, 0.0, 0.0, 0.0], [1.0, 0.0, 0.0, 0.0, 0.0, 0.0], [1.0, 0.0, 0.0, 0.0, 0.0, 0.0], [1.0, 0.0, 0.0, 0.0, 0.0, 0.0], [1.0, 0.0, 0.0, 0.0, 0.0, 0.0]], [[1.0, 0.0, 0.0, 0.0, 0.0, 0.0], [0.009994234095714013, 0.009994234095714013, 0.009994234095714013, 0.009994234095714013, 0.9600230636171441, 0.0], [0.9600614439324117, 0.00998463901689708, 0.00998463901689708, 0.00998463901689708, 0.00998463901689708, 0.0], [0.9600614439324117, 0.00998463901689708, 0.00998463901689708, 0.00998463901689708, 0.00998463901689708, 0.0], [0.9600613701912922, 0.009984657452176953, 0.009984657452176953, 0.009984657452176953, 0.009984657452176953, 0.0], [0.9600612964428092, 0.009984675889297705, 0.009984675889297705, 0.009984675889297705, 0.009984675889297705, 0.0], [0.009994480365872891, 0.009994480365872891, 0.009994480365872891, 0.009994480365872891, 0.9600220785365084, 0.0], [0.96005945033436, 0.009985137416409983, 0.009985137416409983, 0.009985137416409983, 0.009985137416409983, 0.0], [0.9600558185434752, 0.00998604536413119, 0.00998604536413119, 0.00998604536413119, 0.00998604536413119, 0.0], [0.009997865569698852, 0.009997865569698852, 0.009997865569698852, 0.009997865569698852, 0.9600085377212046, 0.0], [0.009998677732233, 0.009998677732233, 0.009998677732233, 0.009998677732233, 0.960005289071068, 0.0], [0.9570021788888894, 0.013013422485917265, 0.009994799541731098, 0.009994799541731098, 0.009994799541731098, 0.0], [0.9477097425587472, 0.020666721251801554, 0.011652282168318854, 0.009985627010566172, 0.009985627010566172, 0.0], [0.935631149122243, 0.028640255635304188, 0.015769453361891148, 0.009979570940280865, 0.009979570940280865, 0.0], [0.9053208455272821, 0.032467093248197396, 0.03241899385079266, 0.010092355853370991, 0.019700711520356812, 0.0], [0.8946497872656857, 0.03396513850340355, 0.038282127704901234, 0.010121209319712441, 0.022981737206297016, 0.0], [0.9015395560186971, 0.03436822091852326, 0.035630726993081265, 0.01010505854120429, 0.018356437528494057, 0.0], [0.010828953952716535, 0.012015688632466291, 0.010009612550905973, 0.010009612550905973, 0.9571361323130052, 0.0], [0.010005839408864568, 0.010348319506828659, 0.010005839408864568, 0.010005839408864568, 0.9596341622665776, 0.0], [0.9593125725094517, 0.010706831789805825, 0.009993531900247528, 0.009993531900247528, 0.009993531900247528, 0.0], [0.00999986346312139, 0.00999986346312139, 0.00999986346312139, 0.00999986346312139, 0.9600005461475145, 0.0], [0.952034597994889, 0.01749557696088068, 0.010489482995871833, 0.009990171024179283, 0.009990171024179283, 0.0], [0.9356121925218147, 0.029810084099972364, 0.014640502230820864, 0.009968610573696057, 0.009968610573696057, 0.0], [0.04833680405249366, 0.03344087064231465, 0.02878814083755135, 0.010069251094451215, 0.8793649333731891, 0.0], [0.04847616237406736, 0.04466230280840574, 0.041294062623574074, 0.010108735143511521, 0.8554587370504413, 0.0], [0.8691539468405746, 0.04804923615772801, 0.03531041463428104, 0.010066239662761642, 0.03742016270465485, 0.0], [0.8393279925222589, 0.06243227460914217, 0.05387446015261335, 0.0101309866469629, 0.03423428606902275, 0.0], [0.7897483185568996, 0.07833433051597465, 0.07752302881900193, 0.011750149577396198, 0.04264417253072753, 0.0], [0.8046503056800393, 0.07917912911058145, 0.07353331294791392, 0.011876869366587217, 0.030760382894878056, 0.0], [0.07402286328815146, 0.03277157761476786, 0.01894267019023477, 0.010016031636294349, 0.8642468572705516, 0.0], [0.8232440616344368, 0.06997928977603589, 0.06469286585952493, 0.010496893466405382, 0.0315868892635971, 0.0], [0.8386442934070145, 0.06746263840429179, 0.05662424621341991, 0.01013250509247121, 0.02713631688280257, 0.0], [0.9025522504034587, 0.04951086848239724, 0.02495268075949871, 0.010003785539240102, 0.012980414815405149, 0.0], [0.8457769805072044, 0.06535023041242642, 0.05196601989406013, 0.010112167779919757, 0.02679460140638932, 0.0], [0.833572357736715, 0.06867743421105788, 0.06134106829768839, 0.010301615131658682, 0.026107524622880088, 0.0], [0.8576211205726522, 0.05896427961032302, 0.04683764464596299, 0.010100837463681421, 0.026476117707380332, 0.0], [0.8857308204614424, 0.04791789733465449, 0.035317190970827604, 0.010066259748015883, 0.020967831485059672, 0.0], [0.9200402799755939, 0.039635099137353726, 0.020370159086061244, 0.009977230900495562, 0.009977230900495562, 0.0], [0.9461391307951023, 0.022247588529123626, 0.011653592714235403, 0.009979843980769402, 0.009979843980769402, 0.0], [1.0, 0.0, 0.0, 0.0, 0.0, 0.0]], [[1.0, 0.0, 0.0, 0.0, 0.0, 0.0], [0.009994234095714013, 0.009994234095714013, 0.009994234095714013, 0.009994234095714013, 0.9600230636171441, 0.0], [0.9604302174138548, 0.009892445646536326, 0.009892445646536326, 0.009892445646536326, 0.009892445646536326, 0.0], [0.9604302727621975, 0.009892431809450633, 0.009892431809450633, 0.009892431809450633, 0.009892431809450633, 0.0], [0.960430162059983, 0.009892459485004267, 0.009892459485004267, 0.009892459485004267, 0.009892459485004267, 0.0], [0.9604296082169875, 0.009892597945753123, 0.009892597945753123, 0.009892597945753123, 0.009892597945753123, 0.0], [0.009902286149889505, 0.009902286149889505, 0.009902286149889505, 0.009902286149889505, 0.9603908554004421, 0.0], [0.9604275541759896, 0.009893111456002588, 0.009893111456002588, 0.009893111456002588, 0.009893111456002588, 0.0], [0.9604176784847013, 0.00989558037882467, 0.00989558037882467, 0.00989558037882467, 0.00989558037882467, 0.0], [0.9547052494406957, 0.015600555574785407, 0.00989806499483963, 0.00989806499483963, 0.00989806499483963, 0.0], [0.9462439901939683, 0.024061186670395418, 0.009898274378545424, 0.009898274378545424, 0.009898274378545424, 0.0], [0.9083300147139185, 0.05968574074055775, 0.009959316855193894, 0.009959316855193894, 0.012065610835135925, 0.0], [0.9249109479857517, 0.04536240725798516, 0.009908881585421055, 0.009908881585421055, 0.009908881585421055, 0.0], [0.05661187099019848, 0.061556139198949436, 0.009961217160170557, 0.009961217160170557, 0.8619095554905108, 0.0], [0.837600610567933, 0.1130956328752424, 0.00994301167978444, 0.01696434493128636, 0.02239639994575368, 0.0], [0.8798857861090731, 0.06443394924511012, 0.009964427297358209, 0.009964427297358209, 0.035751410051100406, 0.0], [0.04891864567072459, 0.06563705035900054, 0.009965257374399274, 0.009965257374399274, 0.8655137892214763, 0.0], [0.8697322984928363, 0.09167555349856338, 0.009953416371495426, 0.013751333024784507, 0.014887398612320584, 0.0], [0.9404177453121956, 0.02988708833832184, 0.009898388783160874, 0.009898388783160874, 0.009898388783160874, 0.0], [0.9508624197580077, 0.0194422421301663, 0.00989844603727537, 0.00989844603727537, 0.00989844603727537, 0.0], [0.9438714560235935, 0.026433091298724717, 0.009898484225893974, 0.009898484225893974, 0.009898484225893974, 0.0], [0.9276584426781771, 0.04264363027334616, 0.009899309016158944, 0.009899309016158944, 0.009899309016158944, 0.0], [0.8545081349115105, 0.09800562024157247, 0.009950388981438763, 0.014700843036235872, 0.022835012829242263, 0.0], [0.06750231065601861, 0.11621276926127744, 0.0099413842572743, 0.017431915389191616, 0.788911620436238, 0.0], [0.06291459678139037, 0.08363823858960248, 0.009957759466936372, 0.01254573578844037, 0.8309436693736304, 0.0], [0.5556208064173528, 0.2131620706458586, 0.009995876700860896, 0.03197431059687879, 0.1892469356390489, 0.0], [0.7526315266333357, 0.1494925800391623, 0.00993966622600813, 0.022423887005874343, 0.0655123400956196, 0.0], [0.06632057317592459, 0.1656283367383829, 0.009916928660131543, 0.024844250510757435, 0.7332899109148036, 0.0], [0.11153084908509929, 0.10204203297140041, 0.009948849816383956, 0.01530630494571006, 0.7611719631814063, 0.0], [0.4812031584918352, 0.3111305212113911, 0.010039707041348536, 0.046669578181708665, 0.15095703507371658, 0.0], [0.8143824445460154, 0.10774844708861897, 0.009990583874698096, 0.016162267063292848, 0.051716257427374686, 0.0], [0.06368345500860695, 0.10334290984249389, 0.009948120072349964, 0.015501436476374083, 0.807524078600175, 0.0], [0.716612859866375, 0.20968621057901707, 0.009894860936756253, 0.031452931586852556, 0.03235313703099914, 0.0], [0.05625824666589343, 0.12124023907028664, 0.009939122133431674, 0.018186035860542994, 0.7943763562698453, 0.0], [0.07233589726113605, 0.08810651585245666, 0.009955887042571216, 0.013215977377868497, 0.8163857224659675, 0.0], [0.0667843933437396, 0.14436122386237563, 0.00992755700312832, 0.02165418357935634, 0.7572726422114, 0.0], [0.7636048317805152, 0.16625683343764552, 0.009916579904626022, 0.024938525015646824, 0.035283229861566345, 0.0], [0.864987247778225, 0.09017624816185868, 0.009954624026585368, 0.013526437224278801, 0.021355442809052164, 0.0], [0.930790360546675, 0.031904589894531266, 0.017310844980410682, 0.00999710228919154, 0.00999710228919154, 0.0], [1.0, 0.0, 0.0, 0.0, 0.0, 0.0]], [[1.0, 0.0, 0.0, 0.0, 0.0, 0.0], [0.9600614439324117, 0.00998463901689708, 0.00998463901689708, 0.00998463901689708, 0.00998463901689708, 0.0], [0.9604302727621975, 0.009892431809450633, 0.009892431809450633, 0.009892431809450633, 0.009892431809450633, 0.0], [0.9604302174138548, 0.009892445646536326, 0.009892445646536326, 0.009892445646536326, 0.009892445646536326, 0.0], [0.009901999246148048, 0.009901999246148048, 0.009901999246148048, 0.009901999246148048, 0.9603920030154078, 0.0], [0.009902099597163603, 0.009902099597163603, 0.009902099597163603, 0.009902099597163603, 0.9603916016113456, 0.0], [0.009902372333050913, 0.009902372333050913, 0.009902372333050913, 0.009902372333050913, 0.9603905106677963, 0.0], [0.009904325236036526, 0.009904325236036526, 0.009904325236036526, 0.009904325236036526, 0.9603826990558538, 0.0], [0.9558835710617432, 0.014422547509138343, 0.009897960476372848, 0.009897960476372848, 0.009897960476372848, 0.0], [0.9447272453410394, 0.02557678586361754, 0.009898656265114388, 0.009898656265114388, 0.009898656265114388, 0.0], [0.9073071645008601, 0.062193048407828334, 0.009961755474124433, 0.009961755474124433, 0.010576276143062786, 0.0], [0.035743660684046774, 0.04670373343523238, 0.009946512870186332, 0.009946512870186332, 0.8976595801403481, 0.0], [0.8252439162813192, 0.12510425354462054, 0.009936781637557927, 0.01876563803169308, 0.020949410504809234, 0.0], [0.04743607753597525, 0.08146738237930266, 0.009958608436202186, 0.012220107356895398, 0.8489178242916245, 0.0], [0.867684995559699, 0.07558699188123151, 0.00996197790434692, 0.011338048782184727, 0.03542798587253775, 0.0], [0.5975081364934209, 0.1868897629934309, 0.009983427510332848, 0.028033464449014635, 0.17758520855380067, 0.0], [0.8652205521969485, 0.08499073526649674, 0.009957048705390392, 0.01274861028997451, 0.027083053541189773, 0.0], [0.045001384657989474, 0.0649800213632947, 0.009964592317126241, 0.009964592317126241, 0.8700894093444633, 0.0], [0.04882494629255909, 0.0432519978773478, 0.009943027699033168, 0.009943027699033168, 0.8880370004320268, 0.0], [0.9448975094751151, 0.025407037847203055, 0.009898484225893974, 0.009898484225893974, 0.009898484225893974, 0.0], [0.013424284087355215, 0.02276719242654016, 0.009922660388232266, 0.009922660388232266, 0.9439632027096402, 0.0], [0.014683159106317898, 0.03242120366428583, 0.009932319505542153, 0.009932319505542153, 0.933030998218312, 0.0], [0.8720872671397795, 0.08796611646179191, 0.009955467462932455, 0.013194917469268786, 0.01679623146622735, 0.0], [0.7676966880723768, 0.16925712736192083, 0.009914829103548581, 0.025388569104288126, 0.02774278635786567, 0.0], [0.0733767557479283, 0.12760529539710527, 0.009935796575685427, 0.019140794309565792, 0.7699413579697151, 0.0], [0.8074804687986101, 0.1201115997541022, 0.00995537503142165, 0.018016739963115327, 0.044435816452750534, 0.0], [0.7761816669356741, 0.15072694088871783, 0.009932582595632148, 0.022609041133307674, 0.04054976844666824, 0.0], [0.7197989189670128, 0.1980658060912526, 0.009900818807107036, 0.029709870913687885, 0.0425245852209395, 0.0], [0.7558919916642447, 0.17739968599809974, 0.009911211036310246, 0.026609952899714958, 0.030187158401630308, 0.0], [0.823534414403598, 0.09249879311336728, 0.010005277784031078, 0.013874818967005093, 0.060086695731998624, 0.0], [0.7575723870920541, 0.17756606945740022, 0.009910974739842475, 0.02663491041861003, 0.02831565829209322, 0.0], [0.7298222697225191, 0.1932173534417923, 0.009903317104065234, 0.028982603016268843, 0.03807445671535447, 0.0], [0.784339074744421, 0.14837503480647599, 0.009944707426707507, 0.0222562552209714, 0.03508492780142408, 0.0], [0.798585744242119, 0.12362270887824486, 0.00997359490748244, 0.01854340633173673, 0.049274545640417, 0.0], [0.4455197060654125, 0.34111671050253983, 0.010038749573353144, 0.05116750657538097, 0.1521573272833136, 0.0], [0.08691780123336709, 0.10791340061543973, 0.009950521034157651, 0.01618701009231596, 0.7790312670247196, 0.0], [0.7535967682025408, 0.1602806498309168, 0.009919844797548975, 0.02404209747463752, 0.05216063969435591, 0.0], [0.7701236916280517, 0.15851560154568786, 0.009920455337920148, 0.023777340231853177, 0.03766291125648715, 0.0], [0.9054674551472393, 0.03399946922772634, 0.030720698616486995, 0.010078664456784623, 0.019733712551762816, 0.0], [1.0, 0.0, 0.0, 0.0, 0.0, 0.0]], [[1.0, 0.0, 0.0, 0.0, 0.0, 0.0], [0.9600614439324117, 0.00998463901689708, 0.00998463901689708, 0.00998463901689708, 0.00998463901689708, 0.0], [0.9604302174138548, 0.009892445646536326, 0.009892445646536326, 0.009892445646536326, 0.009892445646536326, 0.0], [0.9604299959651854, 0.009892501008703673, 0.009892501008703673, 0.009892501008703673, 0.009892501008703673, 0.0], [0.9604299959651854, 0.009892501008703673, 0.009892501008703673, 0.009892501008703673, 0.009892501008703673, 0.0], [0.9604287764138351, 0.009892805896541245, 0.009892805896541245, 0.009892805896541245, 0.009892805896541245, 0.0], [0.9604231990071488, 0.00989420024821283, 0.00989420024821283, 0.00989420024821283, 0.00989420024821283, 0.0], [0.9600917625323424, 0.010215294630987075, 0.009897647612223524, 0.009897647612223524, 0.009897647612223524, 0.0], [0.9546759684122255, 0.015628807995698168, 0.009898407864025462, 0.009898407864025462, 0.009898407864025462, 0.0], [0.9152800731355277, 0.05380516016167216, 0.009953461004586765, 0.009953461004586765, 0.011007844693626506, 0.0], [0.03999810613159624, 0.04453549918228287, 0.009944288704455918, 0.009944288704455918, 0.8955778172772092, 0.0], [0.8864007810902486, 0.07446499328379233, 0.009962168416643519, 0.011169748992568848, 0.0180023082167466, 0.0], [0.03898755070113272, 0.059371904621014285, 0.009959142234303305, 0.009959142234303305, 0.8817222602092463, 0.0], [0.07019993157728187, 0.09063788634028801, 0.009953876374069864, 0.013595682951043199, 0.815612622757317, 0.0], [0.8265723084211773, 0.12520233724189664, 0.009936732598997198, 0.018780350586284494, 0.019508271151644364, 0.0], [0.0646696852445335, 0.044200839914841694, 0.009944200147731667, 0.009944200147731667, 0.8712410745451614, 0.0], [0.04627041199946018, 0.07553545890510166, 0.009961485814114551, 0.01133031883576525, 0.8569023244455584, 0.0], [0.05128205128205129, 0.05320697909725822, 0.009952863947089165, 0.009952863947089165, 0.8756052417265122, 0.0], [0.9433187455268622, 0.026985486501390335, 0.009898589323915791, 0.009898589323915791, 0.009898589323915791, 0.0], [0.9485311168881891, 0.021773888421026937, 0.009898331563594645, 0.009898331563594645, 0.009898331563594645, 0.0], [0.9466283413427272, 0.023676692566201984, 0.009898322030356939, 0.009898322030356939, 0.009898322030356939, 0.0], [0.03977995326964598, 0.0453008389774531, 0.009944988317411495, 0.009944988317411495, 0.8950292311180781, 0.0], [0.8556828653807363, 0.10273335996424603, 0.009948030169396336, 0.015410003994636904, 0.01622574049098438, 0.0], [0.8803247614709737, 0.06364752003405141, 0.009963820362830644, 0.009963820362830644, 0.03610007776931354, 0.0], [0.7605175195230955, 0.17115596983030165, 0.00991410085059181, 0.02567339547454525, 0.0327390143214659, 0.0], [0.7692178141117216, 0.15727133490918388, 0.009921220683137146, 0.02359070023637758, 0.039998930059579836, 0.0], [0.8051113967076873, 0.13550692924149327, 0.009932053237272436, 0.02032603938622399, 0.029123581427323134, 0.0], [0.8724933501858175, 0.09025279719134088, 0.009954615452589482, 0.013537919578701133, 0.013761317591550993, 0.0], [0.8072770421948101, 0.13566140262093662, 0.009931980948916072, 0.020349210393140495, 0.026780363842196595, 0.0], [0.7878315711370802, 0.15398503678971126, 0.009922710690657267, 0.02309775551845669, 0.025162925864094472, 0.0], [0.06969798366608419, 0.08615582902678118, 0.009956500724987917, 0.012923374354017176, 0.8212663122281295, 0.0], [0.8734933183020768, 0.09124938720503971, 0.009954072630344219, 0.013687408080755956, 0.011615813781783465, 0.0], [0.7988120307692766, 0.14055518304682146, 0.009929687666729367, 0.021083277457023215, 0.02961982106014938, 0.0], [0.724085970338647, 0.19271948608137046, 0.009913553810770085, 0.028907922912205567, 0.04437306685700689, 0.0], [0.7673699268279897, 0.12896847686880714, 0.009985944782718324, 0.01934527153032107, 0.07433037999016386, 0.0], [0.7182777995427699, 0.18933890076320736, 0.009918224241131868, 0.0284008351144811, 0.05406424033840982, 0.0], [0.577180039065902, 0.17641862721922938, 0.009953096034935367, 0.02646279408288441, 0.2099854435970489, 0.0], [0.869800819788267, 0.06910283147609118, 0.009965224870059337, 0.010365424721413677, 0.04076569914416889, 0.0], [0.8920419085613146, 0.03988377016513386, 0.03683153296155305, 0.010096864884823697, 0.02114592342717474, 0.0], [1.0, 0.0, 0.0, 0.0, 0.0, 0.0]], [[1.0, 0.0, 0.0, 0.0, 0.0, 0.0], [0.9600613701912922, 0.009984657452176953, 0.009984657452176953, 0.009984657452176953, 0.009984657452176953, 0.0], [0.960430162059983, 0.009892459485004267, 0.009892459485004267, 0.009892459485004267, 0.009892459485004267, 0.0], [0.9604302174138548, 0.009892445646536326, 0.009892445646536326, 0.009892445646536326, 0.009892445646536326, 0.0], [0.9604298298205968, 0.009892542544850804, 0.009892542544850804, 0.009892542544850804, 0.009892542544850804, 0.0], [0.009902688781450723, 0.009902688781450723, 0.009902688781450723, 0.009902688781450723, 0.9603892448741971, 0.0], [0.9604230868870904, 0.009894228278227384, 0.009894228278227384, 0.009894228278227384, 0.009894228278227384, 0.0], [0.9594049966150958, 0.010901776454206943, 0.009897742310232438, 0.009897742310232438, 0.009897742310232438, 0.0], [0.9251667832753575, 0.04326018190955764, 0.009942943860306074, 0.009942943860306074, 0.01168714709447275, 0.0], [0.905419965797772, 0.059507922857171096, 0.009959174797109616, 0.009959174797109616, 0.015153761750837758, 0.0], [0.9084493399385601, 0.050507846013339595, 0.00995034218818571, 0.00995034218818571, 0.021142129671728647, 0.0], [0.6784360405280848, 0.09903703766342231, 0.00995046158422451, 0.014855555649513347, 0.19772090457475508, 0.0], [0.8883831505921645, 0.06831430126953633, 0.009965268196794726, 0.010247145190430448, 0.023090134751073882, 0.0], [0.03745684803094589, 0.06053382432441782, 0.009960161331289515, 0.009960161331289515, 0.8820890049820573, 0.0], [0.8282619723925834, 0.11912681132958154, 0.00993973584838621, 0.017869021699437233, 0.024802458730011464, 0.0], [0.8509798900197604, 0.10288091274798822, 0.009947956397477265, 0.015432136912198233, 0.020759103922575805, 0.0], [0.8779524891968082, 0.08188619105096673, 0.009958369574730794, 0.01228292865764501, 0.01792002151984924, 0.0], [0.935722252796572, 0.03458008010806642, 0.00989922236512052, 0.00989922236512052, 0.00989922236512052, 0.0], [0.9463033117438593, 0.024000977636563614, 0.009898570206525726, 0.009898570206525726, 0.009898570206525726, 0.0], [0.9539167067851148, 0.01638881287926566, 0.009898160111873158, 0.009898160111873158, 0.009898160111873158, 0.0], [0.9207285301501587, 0.04919433786493612, 0.009948901046847616, 0.009948901046847616, 0.010179329891209952, 0.0], [0.8976954470061574, 0.07000422695014423, 0.009964231597317493, 0.010500634042521634, 0.011835460403859133, 0.0], [0.9060972640405731, 0.04577748480187504, 0.009945839049332786, 0.009945839049332786, 0.028233573058886168, 0.0], [0.6299550967808525, 0.14306109050958626, 0.009928429756905315, 0.02145916357643794, 0.19559621937621788, 0.0], [0.88570968978316, 0.06017265381262275, 0.009960262217729682, 0.009960262217729682, 0.03419713196875788, 0.0], [0.7913221435282035, 0.1429242842295506, 0.00992809801482518, 0.021438642634432587, 0.03438683159298801, 0.0], [0.8582629205777763, 0.09945281162004672, 0.009949734272972733, 0.014917921743007009, 0.01741661178619723, 0.0], [0.9023670471749305, 0.0674458537649009, 0.009965731956004094, 0.010116878064735135, 0.010104489039429312, 0.0], [0.919722908425035, 0.05049246191471561, 0.0099282098867498, 0.0099282098867498, 0.0099282098867498, 0.0], [0.846693478461944, 0.1032275551787637, 0.009947832246072331, 0.015484133276814555, 0.024647000836405343, 0.0], [0.919251424435403, 0.05098186938780341, 0.009922235392264563, 0.009922235392264563, 0.009922235392264563, 0.0], [0.8982946039346444, 0.07046517428601325, 0.009964301281514076, 0.010569776142901985, 0.01070614435492629, 0.0], [0.8650981524106248, 0.09859629232312803, 0.009950389400799384, 0.014789443848469202, 0.011565722016978598, 0.0], [0.7896704232036968, 0.15066113036968704, 0.009924510896302436, 0.022599169555453054, 0.027144765974860745, 0.0], [0.6633597540329258, 0.23662467530220682, 0.009886136423739578, 0.03549370129533102, 0.05463573294579679, 0.0], [0.7427256907433206, 0.17580303713876344, 0.009915568930556312, 0.026370455570814515, 0.04518524761654511, 0.0], [0.8203379502567154, 0.11442652512049274, 0.00994260313893891, 0.01716397876807391, 0.03812894271577911, 0.0], [0.838428683269084, 0.11009919828756604, 0.009944603553696895, 0.016514879743134904, 0.025012635146518154, 0.0], [0.9103417381287597, 0.03404782093945987, 0.028202195059516193, 0.010064355881223602, 0.017343889991040574, 0.0], [1.0, 0.0, 0.0, 0.0, 0.0, 0.0]], [[1.0, 0.0, 0.0, 0.0, 0.0, 0.0], [0.009994234095714013, 0.009994234095714013, 0.009994234095714013, 0.009994234095714013, 0.9600230636171441, 0.0], [0.9604302727621975, 0.009892431809450633, 0.009892431809450633, 0.009892431809450633, 0.009892431809450633, 0.0], [0.960430162059983, 0.009892459485004267, 0.009892459485004267, 0.009892459485004267, 0.009892459485004267, 0.0], [0.9604298298205968, 0.009892542544850804, 0.009892542544850804, 0.009892542544850804, 0.009892542544850804, 0.0], [0.9604286099034282, 0.009892847524142974, 0.009892847524142974, 0.009892847524142974, 0.009892847524142974, 0.0], [0.009903526409403758, 0.009903526409403758, 0.009903526409403758, 0.009903526409403758, 0.9603858943623851, 0.0], [0.9604183008566392, 0.009895424785840212, 0.009895424785840212, 0.009895424785840212, 0.009895424785840212, 0.0], [0.9557328373601909, 0.014573110223402368, 0.00989801747213563, 0.00989801747213563, 0.00989801747213563, 0.0], [0.914658814846098, 0.05313595898318396, 0.009952754879923585, 0.009952754879923585, 0.012299716410870718, 0.0], [0.03445600426682651, 0.04372314132285423, 0.009943440887988904, 0.009943440887988904, 0.9019339726343415, 0.0], [0.9144232467674721, 0.0402123210551713, 0.00994009104266848, 0.00994009104266848, 0.025484250092019604, 0.0], [0.8877782592265032, 0.07355283438097894, 0.00996252614167651, 0.011032925157146841, 0.01767345509369454, 0.0], [0.9004319064453425, 0.0661616541502211, 0.009965815653936446, 0.009965815653936446, 0.013474808096563352, 0.0], [0.9334778452002644, 0.0368161184800694, 0.009902012106555383, 0.009902012106555383, 0.009902012106555383, 0.0], [0.8896614993533646, 0.07279902868687269, 0.00996288337565931, 0.010919854303030902, 0.016656734281072498, 0.0], [0.9448726475996714, 0.02543135490433898, 0.009898665831996558, 0.009898665831996558, 0.009898665831996558, 0.0], [0.9513207609785238, 0.018984444468303784, 0.009898264851057516, 0.009898264851057516, 0.009898264851057516, 0.0], [0.9562363984245298, 0.01407017560942361, 0.009897808655348858, 0.009897808655348858, 0.009897808655348858, 0.0], [0.9574414171380454, 0.012864644448516082, 0.009897979471146161, 0.009897979471146161, 0.009897979471146161, 0.0], [0.009912492463635665, 0.01395849771301035, 0.009912492463635665, 0.009912492463635665, 0.9563040248960827, 0.0], [0.03688913755264952, 0.03615036977789686, 0.00993593405857345, 0.00993593405857345, 0.9070886245523067, 0.0], [0.8923006298243497, 0.07197568557458858, 0.009963314660878271, 0.010796352836188289, 0.014964017103995218, 0.0], [0.903679081213461, 0.052006039028258254, 0.009951840034960713, 0.009951840034960713, 0.024411199688359246, 0.0], [0.8697597507081368, 0.08938633755072527, 0.009954747547938745, 0.01340795063260879, 0.017491213560590423, 0.0], [0.8771044620482028, 0.08518266784992416, 0.009956775484804144, 0.012777400177488624, 0.01497869443958016, 0.0], [0.01706688343910526, 0.03383780936192545, 0.009933814034108117, 0.009933814034108117, 0.929227679130753, 0.0], [0.9218504467402614, 0.048430459759942264, 0.009906364499932149, 0.009906364499932149, 0.009906364499932149, 0.0], [0.9365074842990341, 0.03379403908516393, 0.009899492205267353, 0.009899492205267353, 0.009899492205267353, 0.0], [0.9460439008977195, 0.02426004419632245, 0.009898684968652698, 0.009898684968652698, 0.009898684968652698, 0.0], [0.9331054426325399, 0.037196630318983195, 0.009899309016158944, 0.009899309016158944, 0.009899309016158944, 0.0], [0.9136804378245348, 0.05654378344026984, 0.0099252595783985, 0.0099252595783985, 0.0099252595783985, 0.0], [0.024180436493965278, 0.05068496402109286, 0.009950571034111724, 0.009950571034111724, 0.9052334574167185, 0.0], [0.06537180959569022, 0.11133017270538757, 0.009943943673271696, 0.016699525905808137, 0.7966545481198424, 0.0], [0.6728869444571633, 0.24755071023125907, 0.00987593416175184, 0.03713260653468886, 0.032553804615136926, 0.0], [0.7359911230095133, 0.19364023365394076, 0.0099030463722867, 0.029046035048091112, 0.03141956191616801, 0.0], [0.04454327535275401, 0.08888836038135782, 0.009955099982063776, 0.013333254057203672, 0.8432800102266208, 0.0], [0.8533240605485111, 0.10530951139061558, 0.009946944018038341, 0.015796426708592336, 0.01562305733424278, 0.0], [0.938907793882682, 0.028044784756276996, 0.013113899350822482, 0.009966761005109287, 0.009966761005109287, 0.0], [1.0, 0.0, 0.0, 0.0, 0.0, 0.0]], [[1.0, 0.0, 0.0, 0.0, 0.0, 0.0], [0.009994234095714013, 0.009994234095714013, 0.009994234095714013, 0.009994234095714013, 0.9600230636171441, 0.0], [0.009901956260070682, 0.009901956260070682, 0.009901956260070682, 0.009901956260070682, 0.9603921749597173, 0.0], [0.9604302174138548, 0.009892445646536326, 0.009892445646536326, 0.009892445646536326, 0.009892445646536326, 0.0], [0.96042988520766, 0.009892528698085004, 0.009892528698085004, 0.009892528698085004, 0.009892528698085004, 0.0], [0.9604293865247682, 0.009892653368807961, 0.009892653368807961, 0.009892653368807961, 0.009892653368807961, 0.0], [0.0099025592409756, 0.0099025592409756, 0.0099025592409756, 0.0099025592409756, 0.9603897630360976, 0.0], [0.9604207834476346, 0.009894804138091363, 0.009894804138091363, 0.009894804138091363, 0.009894804138091363, 0.0], [0.9564726054087758, 0.013833684046450006, 0.009897903514924793, 0.009897903514924793, 0.009897903514924793, 0.0], [0.9502346409090687, 0.020070221358426805, 0.00989837924416816, 0.00989837924416816, 0.00989837924416816, 0.0], [0.9137950939944406, 0.05491355432297459, 0.009954500197846678, 0.009954500197846678, 0.011382351286891496, 0.0], [0.906858944794437, 0.058317474206492234, 0.009957918584658108, 0.009957918584658108, 0.014907743829754452, 0.0], [0.916715668670158, 0.049873515633941205, 0.009949544380029282, 0.009949544380029282, 0.013511726935842235, 0.0], [0.941735295628374, 0.02856856332902033, 0.009898713680868603, 0.009898713680868603, 0.009898713680868603, 0.0], [0.9441336628335847, 0.026170224838918597, 0.009898704109165546, 0.009898704109165546, 0.009898704109165546, 0.0], [0.9499904776322021, 0.020314384635293312, 0.00989837924416816, 0.00989837924416816, 0.00989837924416816, 0.0], [0.9565671545805507, 0.013739020963212554, 0.009897941485412278, 0.009897941485412278, 0.009897941485412278, 0.0], [0.960416545125722, 0.009895863718569514, 0.009895863718569514, 0.009895863718569514, 0.009895863718569514, 0.0], [0.9604216272721994, 0.009894593181950172, 0.009894593181950172, 0.009894593181950172, 0.009894593181950172, 0.0], [0.9588197643714667, 0.011486951844848272, 0.009897761261228375, 0.009897761261228375, 0.009897761261228375, 0.0], [0.9509423581731684, 0.01936319003922387, 0.009898150595869251, 0.009898150595869251, 0.009898150595869251, 0.0], [0.9434778210881072, 0.0268266689339844, 0.009898503325969437, 0.009898503325969437, 0.009898503325969437, 0.0], [0.9090756380574634, 0.059188729043089194, 0.009958824802350158, 0.009958824802350158, 0.011817983294747023, 0.0], [0.037045367997142926, 0.0432607027077155, 0.009943055695318373, 0.009943055695318373, 0.8998078179045049, 0.0], [0.883764479757013, 0.0818657480828782, 0.009958355249888275, 0.012279862212431731, 0.012131554697788835, 0.0], [0.9209613446904091, 0.04924557554656173, 0.009931026587676368, 0.009931026587676368, 0.009931026587676368, 0.0], [0.8654818496431018, 0.09420412343211419, 0.009952225757759978, 0.01413061851481713, 0.01623118265220688, 0.0], [0.9326038298930615, 0.037697345851276855, 0.009899608085220578, 0.009899608085220578, 0.009899608085220578, 0.0], [0.9413646138960596, 0.028938698923930885, 0.009898895726669826, 0.009898895726669826, 0.009898895726669826, 0.0], [0.938851215303804, 0.03145180965482373, 0.009898991680457454, 0.009898991680457454, 0.009898991680457454, 0.0], [0.011167841339904812, 0.01869506479807854, 0.009918715826159512, 0.009918715826159512, 0.9502996622096976, 0.0], [0.9341971313206135, 0.03610589363801417, 0.009898991680457454, 0.009898991680457454, 0.009898991680457454, 0.0], [0.8181005992947613, 0.1325287392672475, 0.009933231606078334, 0.019879310890087126, 0.01955811894182571, 0.0], [0.7554318868036232, 0.1858978154046534, 0.009906656404791506, 0.027884672310698005, 0.02087896907623389, 0.0], [0.07380518518776745, 0.07554822262472552, 0.009962205968259787, 0.011332233393708827, 0.8293521528255383, 0.0], [0.04971022155919943, 0.13790258478313236, 0.009930667843224347, 0.020685387717469854, 0.781771138096974, 0.0], [0.08445916710800044, 0.12144713958855333, 0.009938786883511129, 0.018217070938283, 0.7659378354816522, 0.0], [0.9113105135173373, 0.0589071273680542, 0.009927453038202876, 0.009927453038202876, 0.009927453038202876, 0.0], [0.9444999033305581, 0.023575506725431163, 0.011971228017566218, 0.00997668096322221, 0.00997668096322221, 0.0], [1.0, 0.0, 0.0, 0.0, 0.0, 0.0]], [[1.0, 0.0, 0.0, 0.0, 0.0, 0.0], [0.9600614439324117, 0.00998463901689708, 0.00998463901689708, 0.00998463901689708, 0.00998463901689708, 0.0], [0.009901941934243414, 0.009901941934243414, 0.009901941934243414, 0.009901941934243414, 0.9603922322630263, 0.0], [0.9604302174138548, 0.009892445646536326, 0.009892445646536326, 0.009892445646536326, 0.009892445646536326, 0.0], [0.9604302174138548, 0.009892445646536326, 0.009892445646536326, 0.009892445646536326, 0.009892445646536326, 0.0], [0.0099019705873304, 0.0099019705873304, 0.0099019705873304, 0.0099019705873304, 0.9603921176506784, 0.0], [0.9604287209159178, 0.009892819771020559, 0.009892819771020559, 0.009892819771020559, 0.009892819771020559, 0.0], [0.009902501704919802, 0.009902501704919802, 0.009902501704919802, 0.009902501704919802, 0.9603899931803209, 0.0], [0.9604186400409945, 0.009895339989751395, 0.009895339989751395, 0.009895339989751395, 0.009895339989751395, 0.0], [0.00990584791446602, 0.00990584791446602, 0.00990584791446602, 0.00990584791446602, 0.960376608342136, 0.0], [0.009906763324691982, 0.009906763324691982, 0.009906763324691982, 0.009906763324691982, 0.9603729467012322, 0.0], [0.9237435914117771, 0.04603438877273502, 0.009945695193201499, 0.009945695193201499, 0.01033062942908486, 0.0], [0.9543995031131057, 0.01590584520294834, 0.009898217227981993, 0.009898217227981993, 0.009898217227981993, 0.0], [0.9569520237329951, 0.013353952355632323, 0.00989800797045755, 0.00989800797045755, 0.00989800797045755, 0.0], [0.9575022273720903, 0.012804346661863008, 0.009897808655348858, 0.009897808655348858, 0.009897808655348858, 0.0], [0.009904967493481208, 0.009904967493481208, 0.009904967493481208, 0.009904967493481208, 0.9603801300260751, 0.0], [0.009904602224654387, 0.009904602224654387, 0.009904602224654387, 0.009904602224654387, 0.9603815911013825, 0.0], [0.9604244308417171, 0.009893892289570742, 0.009893892289570742, 0.009893892289570742, 0.009893892289570742, 0.0], [0.960418470474497, 0.009895382381375774, 0.009895382381375774, 0.009895382381375774, 0.009895382381375774, 0.0], [0.00990617207834017, 0.00990617207834017, 0.00990617207834017, 0.00990617207834017, 0.9603753116866394, 0.0], [0.009911398990636294, 0.012786057416746112, 0.009911398990636294, 0.009911398990636294, 0.9574797456113449, 0.0], [0.9430715118968113, 0.027232662767718588, 0.009898608445156743, 0.009898608445156743, 0.009898608445156743, 0.0], [0.9398721911027719, 0.030430689816205496, 0.009899039693674188, 0.009899039693674188, 0.009899039693674188, 0.0], [0.9023254801718884, 0.06588266949454341, 0.009965495683003457, 0.009965495683003457, 0.011860858967561193, 0.0], [0.016760476036955865, 0.03110547170387985, 0.009931075007073907, 0.009931075007073907, 0.9322719022450164, 0.0], [0.8615300924781168, 0.09870926264774245, 0.009950051926215321, 0.014806389397161366, 0.015004203550764053, 0.0], [0.8596500431037468, 0.09397705554395344, 0.009952462159265128, 0.014096558331593016, 0.022323880861441492, 0.0], [0.8799498415724094, 0.07887976872491398, 0.009959931650729887, 0.011831965308737096, 0.019378492743209737, 0.0], [0.9287029276361876, 0.04158811543405752, 0.00990298564325164, 0.00990298564325164, 0.00990298564325164, 0.0], [0.9402781111170977, 0.030025029020929357, 0.009898953287324345, 0.009898953287324345, 0.009898953287324345, 0.0], [0.9411867183692165, 0.0291169395013614, 0.009898780709807369, 0.009898780709807369, 0.009898780709807369, 0.0], [0.8536578730375588, 0.10130324046708312, 0.009948789431222864, 0.015195486070062467, 0.019894610994072668, 0.0], [0.05518578057935665, 0.08943561032008741, 0.00995472291293812, 0.013415341548013113, 0.8320085446396046, 0.0], [0.07716141451986906, 0.06522923701679655, 0.00996535691131608, 0.00996535691131608, 0.8376786346407021, 0.0], [0.3574761359777647, 0.48117917824758216, 0.010061247846264134, 0.07217687673713732, 0.07910656119125174, 0.0], [0.07621306205266516, 0.06620729753758633, 0.009966438375939968, 0.009966438375939968, 0.8376467636578686, 0.0], [0.7929441974646106, 0.15453434751534123, 0.009922160659491234, 0.023180152127301182, 0.019419142233255613, 0.0], [0.06489164184763481, 0.06989092165435574, 0.009964406117732546, 0.010483638248153362, 0.8447693921321237, 0.0], [0.9529348604151754, 0.01676473133166046, 0.01031645519834496, 0.009991976527409598, 0.009991976527409598, 0.0], [1.0, 0.0, 0.0, 0.0, 0.0, 0.0]], [[1.0, 0.0, 0.0, 0.0, 0.0, 0.0], [0.9600614439324117, 0.00998463901689708, 0.00998463901689708, 0.00998463901689708, 0.00998463901689708, 0.0], [0.9604302727621975, 0.009892431809450633, 0.009892431809450633, 0.009892431809450633, 0.009892431809450633, 0.0], [0.9604302727621975, 0.009892431809450633, 0.009892431809450633, 0.009892431809450633, 0.009892431809450633, 0.0], [0.9604302727621975, 0.009892431809450633, 0.009892431809450633, 0.009892431809450633, 0.009892431809450633, 0.0], [0.9604301067005813, 0.009892473324854663, 0.009892473324854663, 0.009892473324854663, 0.009892473324854663, 0.0], [0.9604297190298651, 0.009892570242533727, 0.009892570242533727, 0.009892570242533727, 0.009892570242533727, 0.0], [0.009902185668266436, 0.009902185668266436, 0.009902185668266436, 0.009902185668266436, 0.9603912573269342, 0.0], [0.9604281656312788, 0.009892958592180319, 0.009892958592180319, 0.009892958592180319, 0.009892958592180319, 0.0], [0.9604214586092331, 0.009894635347691735, 0.009894635347691735, 0.009894635347691735, 0.009894635347691735, 0.0], [0.009904660605731232, 0.009904660605731232, 0.009904660605731232, 0.009904660605731232, 0.960381357577075, 0.0], [0.9604168853740188, 0.009895778656495317, 0.009895778656495317, 0.009895778656495317, 0.009895778656495317, 0.0], [0.9604159775862404, 0.00989600560343989, 0.00989600560343989, 0.00989600560343989, 0.00989600560343989, 0.0], [0.9604196563627196, 0.009895085909320096, 0.009895085909320096, 0.009895085909320096, 0.009895085909320096, 0.0], [0.9604264407119424, 0.009893389822014395, 0.009893389822014395, 0.009893389822014395, 0.009893389822014395, 0.0], [0.9604231990071488, 0.00989420024821283, 0.00989420024821283, 0.00989420024821283, 0.00989420024821283, 0.0], [0.009902933788148313, 0.009902933788148313, 0.009902933788148313, 0.009902933788148313, 0.9603882648474067, 0.0], [0.009904456375005819, 0.009904456375005819, 0.009904456375005819, 0.009904456375005819, 0.9603821744999766, 0.0], [0.009909050697366159, 0.01038468904959032, 0.009909050697366159, 0.009909050697366159, 0.9598881588583111, 0.0], [0.9521082152264135, 0.01819719021722957, 0.0098981981854523, 0.0098981981854523, 0.0098981981854523, 0.0], [0.9084599779335872, 0.05936774586452488, 0.009959050590612679, 0.009959050590612679, 0.012254175020662542, 0.0], [0.9427313940328287, 0.027571832459245844, 0.009898924502641853, 0.009898924502641853, 0.009898924502641853, 0.0], [0.9342526101736813, 0.03604975160004493, 0.009899212742091249, 0.009899212742091249, 0.009899212742091249, 0.0], [0.9254629895920442, 0.04483517909736756, 0.009900610436862778, 0.009900610436862778, 0.009900610436862778, 0.0], [0.05148001329282187, 0.06606848968223826, 0.009965660210153184, 0.009965660210153184, 0.8625201766046335, 0.0], [0.051160689590679854, 0.08069930824216523, 0.009959017022061936, 0.012104896236324785, 0.8460760889087683, 0.0], [0.8622334115571169, 0.08127060329016783, 0.009959126251597096, 0.012190590493525175, 0.034346268407592945, 0.0], [0.8378970535553476, 0.11598149837804031, 0.009941554033325879, 0.017397224756706048, 0.018782669276580254, 0.0], [0.0501717913803477, 0.06189833433610943, 0.009961624022293294, 0.009961624022293294, 0.8680066262389562, 0.0], [0.9294040767109407, 0.040897707126265906, 0.009899405387597832, 0.009899405387597832, 0.009899405387597832, 0.0], [0.9308334599940185, 0.039469103781679477, 0.009899145408100728, 0.009899145408100728, 0.009899145408100728, 0.0], [0.926668063867455, 0.043633893473419894, 0.009899347553041685, 0.009899347553041685, 0.009899347553041685, 0.0], [0.8284621112705459, 0.11985629112025087, 0.009939567508660409, 0.017978443668037632, 0.02376358643250518, 0.0], [0.7832918804339023, 0.1620416557190185, 0.009918569252682257, 0.02430624835785277, 0.020441