{"prediction": [[[1.0, 0.0, 0.0, 0.0, 0.0, 0.0], [1.0, 0.0, 0.0, 0.0, 0.0, 0.0], [1.0, 0.0, 0.0, 0.0, 0.0, 0.0], [1.0, 0.0, 0.0, 0.0, 0.0, 0.0], [1.0, 0.0, 0.0, 0.0, 0.0, 0.0], [1.0, 0.0, 0.0, 0.0, 0.0, 0.0], [1.0, 0.0, 0.0, 0.0, 0.0, 0.0], [1.0, 0.0, 0.0, 0.0, 0.0, 0.0], [1.0, 0.0, 0.0, 0.0, 0.0, 0.0], [1.0, 0.0, 0.0, 0.0, 0.0, 0.0], [1.0, 0.0, 0.0, 0.0, 0.0, 0.0], [1.0, 0.0, 0.0, 0.0, 0.0, 0.0], [1.0, 0.0, 0.0, 0.0, 0.0, 0.0], [1.0, 0.0, 0.0, 0.0, 0.0, 0.0], [1.0, 0.0, 0.0, 0.0, 0.0, 0.0], [1.0, 0.0, 0.0, 0.0, 0.0, 0.0], [1.0, 0.0, 0.0, 0.0, 0.0, 0.0], [1.0, 0.0, 0.0, 0.0, 0.0, 0.0], [1.0, 0.0, 0.0, 0.0, 0.0, 0.0], [1.0, 0.0, 0.0, 0.0, 0.0, 0.0], [1.0, 0.0, 0.0, 0.0, 0.0, 0.0], [1.0, 0.0, 0.0, 0.0, 0.0, 0.0], [1.0, 0.0, 0.0, 0.0, 0.0, 0.0], [1.0, 0.0, 0.0, 0.0, 0.0, 0.0], [1.0, 0.0, 0.0, 0.0, 0.0, 0.0], [1.0, 0.0, 0.0, 0.0, 0.0, 0.0], [1.0, 0.0, 0.0, 0.0, 0.0, 0.0], [1.0, 0.0, 0.0, 0.0, 0.0, 0.0], [1.0, 0.0, 0.0, 0.0, 0.0, 0.0], [1.0, 0.0, 0.0, 0.0, 0.0, 0.0], [1.0, 0.0, 0.0, 0.0, 0.0, 0.0], [1.0, 0.0, 0.0, 0.0, 0.0, 0.0], [1.0, 0.0, 0.0, 0.0, 0.0, 0.0], [1.0, 0.0, 0.0, 0.0, 0.0, 0.0], [1.0, 0.0, 0.0, 0.0, 0.0, 0.0], [1.0, 0.0, 0.0, 0.0, 0.0, 0.0], [1.0, 0.0, 0.0, 0.0, 0.0, 0.0], [1.0, 0.0, 0.0, 0.0, 0.0, 0.0], [1.0, 0.0, 0.0, 0.0, 0.0, 0.0], [1.0, 0.0, 0.0, 0.0, 0.0, 0.0]], [[1.0, 0.0, 0.0, 0.0, 0.0, 0.0], [0.009994446247832729, 0.009994446247832729, 0.009994446247832729, 0.009994446247832729, 0.960022215008669, 0.0], [0.960058310833069, 0.009985422291732732, 0.009985422291732732, 0.009985422291732732, 0.009985422291732732, 0.0], [0.009998700987560595, 0.009998700987560595, 0.009998700987560595, 0.009998700987560595, 0.9600051960497576, 0.0], [0.9575220114179404, 0.010027145005324922, 0.012396553566084817, 0.010027145005324922, 0.010027145005324922, 0.0], [0.9456084467975389, 0.010104079586692419, 0.023733797119274345, 0.010104079586692419, 0.010449596909801963, 0.0], [0.13542032416674402, 0.012834887349338247, 0.051568451846895326, 0.010254420985122569, 0.7899219156518998, 0.0], [0.8727506545939044, 0.01133495938477962, 0.06637422471453934, 0.010341810852502296, 0.03919835045427426, 0.0], [0.13118798302518792, 0.011626583610283467, 0.055047779527223825, 0.010277244892695641, 0.7918604089446091, 0.0], [0.9459003291104783, 0.010096358799373317, 0.0238105944914017, 0.010096358799373317, 0.010096358799373317, 0.0], [0.017710115748398158, 0.010048160408828008, 0.013879336400178015, 0.010048160408828008, 0.9483142270337678, 0.0], [0.9600350546380163, 0.009991236340495927, 0.009991236340495927, 0.009991236340495927, 0.009991236340495927, 0.0], [0.012811723895667024, 0.010028985782748806, 0.010448980626376466, 0.010028985782748806, 0.956681323912459, 0.0], [0.9525036979462023, 0.010056034294733254, 0.017328199169597925, 0.010056034294733254, 0.010056034294733254, 0.0], [0.9399647591035301, 0.01011418548504029, 0.025467913874687168, 0.01011418548504029, 0.014338956051702179, 0.0], [0.8837649164519611, 0.012705917959743657, 0.05041740877997286, 0.0102481488211743, 0.04286360798714805, 0.0], [0.10361181421083462, 0.01457875308951498, 0.0597441408299335, 0.010295679699455924, 0.8117696121702609, 0.0], [0.88546388513414, 0.01057557300377366, 0.054708236919018535, 0.010278147797826138, 0.03897415714524169, 0.0], [0.03989973270011729, 0.012261276884518803, 0.03605381931693357, 0.010168564230779891, 0.9016166068676504, 0.0], [0.8996253623823577, 0.010206764903532436, 0.041937337475773544, 0.010206764903532436, 0.03802377033480396, 0.0], [0.9534399893770675, 0.010051631745234093, 0.016405115387230138, 0.010051631745234093, 0.010051631745234093, 0.0], [0.9576542083203352, 0.010026834260751292, 0.012265288897410829, 0.010026834260751292, 0.010026834260751292, 0.0], [0.9599576437367636, 0.010010589065809082, 0.010010589065809082, 0.010010589065809082, 0.010010589065809082, 0.0], [0.9573566032734874, 0.010028249866981842, 0.012558647125567176, 0.010028249866981842, 0.010028249866981842, 0.0], [0.08107728703353641, 0.01010136056700661, 0.023360468102687798, 0.01010136056700661, 0.8753595237297626, 0.0], [0.014312004877975291, 0.010056859494171724, 0.015471237627648416, 0.010056859494171724, 0.9501030385060328, 0.0], [0.01403153627191541, 0.010016782663327478, 0.010016782663327478, 0.010016782663327478, 0.9559181157381023, 0.0], [0.9600549264047891, 0.009986268398802726, 0.009986268398802726, 0.009986268398802726, 0.009986268398802726, 0.0], [0.9600592284912118, 0.009985192877197032, 0.009985192877197032, 0.009985192877197032, 0.009985192877197032, 0.0], [0.009995175433864138, 0.009995175433864138, 0.009995175433864138, 0.009995175433864138, 0.9600192982645435, 0.0], [0.9600573920356613, 0.009985651991084673, 0.009985651991084673, 0.009985651991084673, 0.009985651991084673, 0.0], [0.9600477504573501, 0.009988062385662461, 0.009988062385662461, 0.009988062385662461, 0.009988062385662461, 0.0], [0.9600427765895393, 0.009989305852615205, 0.009989305852615205, 0.009989305852615205, 0.009989305852615205, 0.0], [0.010001362860942754, 0.010001362860942754, 0.010001362860942754, 0.010001362860942754, 0.9599945485562289, 0.0], [0.9600554320818185, 0.009986141979545345, 0.009986141979545345, 0.009986141979545345, 0.009986141979545345, 0.0], [0.960058458919449, 0.009985385270137778, 0.009985385270137778, 0.009985385270137778, 0.009985385270137778, 0.0], [0.009994628281711992, 0.009994628281711992, 0.009994628281711992, 0.009994628281711992, 0.960021486873152, 0.0], [0.9600591693217989, 0.00998520766955026, 0.00998520766955026, 0.00998520766955026, 0.00998520766955026, 0.0], [0.9600584885331691, 0.009985377866707711, 0.009985377866707711, 0.009985377866707711, 0.009985377866707711, 0.0], [1.0, 0.0, 0.0, 0.0, 0.0, 0.0]], [[1.0, 0.0, 0.0, 0.0, 0.0, 0.0], [0.9600604699563922, 0.009984882510901962, 0.009984882510901962, 0.009984882510901962, 0.009984882510901962, 0.0], [0.9604254925110541, 0.009893626872236497, 0.009893626872236497, 0.009893626872236497, 0.009893626872236497, 0.0], [0.9584587339739685, 0.011847498531241443, 0.009897922498263309, 0.009897922498263309, 0.009897922498263309, 0.0], [0.02634100184268538, 0.03793183248860466, 0.009937903161473107, 0.009937903161473107, 0.9158513593457639, 0.0], [0.8549497828848549, 0.08902048304375058, 0.009955136612813276, 0.013353072456562585, 0.03272152500201868, 0.0], [0.8128094477425714, 0.11972597731842424, 0.00994007740663917, 0.017958896597763636, 0.03956560093460172, 0.0], [0.5012476901544545, 0.25651114951860576, 0.009961598039557505, 0.03847667242779086, 0.19380288985959124, 0.0], [0.09056619348939399, 0.1371589678787667, 0.009931325266777367, 0.020573845181815004, 0.7417696681832469, 0.0], [0.8698183740647667, 0.07134376123118495, 0.009963915337678257, 0.010701564184677742, 0.038172385181692414, 0.0], [0.94140773089901, 0.028890197791727617, 0.009900690436420832, 0.009900690436420832, 0.009900690436420832, 0.0], [0.9460858616583446, 0.02421634418764566, 0.009899264718003222, 0.009899264718003222, 0.009899264718003222, 0.0], [0.9067761595897573, 0.049797666092711836, 0.009949648806852665, 0.009949648806852665, 0.023526876703825465, 0.0], [0.04590761578380807, 0.06304857517758948, 0.009962984256901716, 0.009962984256901716, 0.871117840524799, 0.0], [0.839144337354854, 0.09699242056771651, 0.009951307143194818, 0.014548863085157477, 0.039363071849077176, 0.0], [0.7516061660865241, 0.1507707608155147, 0.009945300845350571, 0.022615614122327207, 0.06506215813028343, 0.0], [0.529414987672154, 0.2196598012601798, 0.009961895748760989, 0.032948970189026976, 0.2080143451298782, 0.0], [0.8046112993934645, 0.11764857929945709, 0.009941573373285202, 0.017647286894918564, 0.05015126103887453, 0.0], [0.7919412528783724, 0.12144570075262544, 0.009939267211350303, 0.018216855112893816, 0.058456924044758, 0.0], [0.8346783811719805, 0.09433887254512205, 0.009952691420847579, 0.014150830881768306, 0.04687922398028146, 0.0], [0.8641743676185767, 0.07560483370609614, 0.00996185013446264, 0.01134072505591442, 0.03891822348495002, 0.0], [0.9379049565500812, 0.0323571600648088, 0.00991262779503668, 0.00991262779503668, 0.00991262779503668, 0.0], [0.02928510789115255, 0.033251621830587635, 0.009933256002756432, 0.009933256002756432, 0.917596758272747, 0.0], [0.09313598288623844, 0.04936661993715251, 0.009949272633487658, 0.009949272633487658, 0.8375988519096338, 0.0], [0.8949154770157421, 0.06435378388768116, 0.009964048187543277, 0.009964048187543277, 0.020802642721490048, 0.0], [0.09445643231684177, 0.05146233356851811, 0.009951363049450929, 0.009951363049450929, 0.8341785080157381, 0.0], [0.949278597899546, 0.021026035351487504, 0.009898455582988843, 0.009898455582988843, 0.009898455582988843, 0.0], [0.9604174633227319, 0.009895634169317005, 0.009895634169317005, 0.009895634169317005, 0.009895634169317005, 0.0], [0.9604261396938605, 0.009893465076534862, 0.009893465076534862, 0.009893465076534862, 0.009893465076534862, 0.0], [0.009903532203106706, 0.009903532203106706, 0.009903532203106706, 0.009903532203106706, 0.9603858711875732, 0.0], [0.9604143056895716, 0.009896423577607104, 0.009896423577607104, 0.009896423577607104, 0.009896423577607104, 0.0], [0.9553159308675602, 0.014987956804943288, 0.009898704109165548, 0.009898704109165548, 0.009898704109165548, 0.0], [0.113267707189053, 0.03894750105960114, 0.009938920364210485, 0.009938920364210485, 0.8279069510229248, 0.0], [0.9503839281818216, 0.019919925032203554, 0.009898715595324962, 0.009898715595324962, 0.009898715595324962, 0.0], [0.9569060246875191, 0.013398871916550419, 0.00989836779864347, 0.00989836779864347, 0.00989836779864347, 0.0], [0.009904421392976164, 0.009904421392976164, 0.009904421392976164, 0.009904421392976164, 0.9603823144280954, 0.0], [0.00990331799115326, 0.00990331799115326, 0.00990331799115326, 0.00990331799115326, 0.960386728035387, 0.0], [0.9604264741483393, 0.00989338146291519, 0.00989338146291519, 0.00989338146291519, 0.00989338146291519, 0.0], [0.9600489512656072, 0.00998776218359823, 0.00998776218359823, 0.00998776218359823, 0.00998776218359823, 0.0], [1.0, 0.0, 0.0, 0.0, 0.0, 0.0]], [[1.0, 0.0, 0.0, 0.0, 0.0, 0.0], [0.9600586365839958, 0.009985340854001061, 0.009985340854001061, 0.009985340854001061, 0.009985340854001061, 0.0], [0.009904590551266666, 0.009904590551266666, 0.009904590551266666, 0.009904590551266666, 0.9603816377949334, 0.0], [0.017404404731950512, 0.022287088412407216, 0.00992228263887002, 0.00992228263887002, 0.9404639415779023, 0.0], [0.029538647813567066, 0.04706425357318847, 0.009946917370424128, 0.009946917370424128, 0.9035032638723962, 0.0], [0.13817866080194413, 0.10524118565386442, 0.009947117494720083, 0.01578617784807966, 0.7308468582013916, 0.0], [0.8188201458603366, 0.11542961422343627, 0.009942064967945367, 0.017314442133515438, 0.03849373281476642, 0.0], [0.11122825042552704, 0.14187216004785375, 0.009936416868458732, 0.02128082400717806, 0.7156823486509822, 0.0], [0.1371902297042665, 0.10869168025064425, 0.00994549726890556, 0.01630375203759664, 0.727868840738587, 0.0], [0.9295733253696252, 0.03966053113509705, 0.009939624346825816, 0.009939624346825816, 0.01088689480162624, 0.0], [0.9424943829334056, 0.02776556652578577, 0.009913350180269566, 0.009913350180269566, 0.009913350180269566, 0.0], [0.9098352622810373, 0.04208541323528947, 0.009942036728513126, 0.009942036728513126, 0.028195251026646988, 0.0], [0.8744501689635091, 0.07371437485883321, 0.009962753797560559, 0.011057156228824982, 0.03081554615127206, 0.0], [0.11488188693598499, 0.09684602592997284, 0.009951271428993767, 0.014526903889495924, 0.7637939118155525, 0.0], [0.8052789250725727, 0.12432251076711114, 0.009937666129575959, 0.01864837661506667, 0.04181252141567348, 0.0], [0.1712238979754389, 0.17527122579204513, 0.00996878772563105, 0.026290683868806772, 0.6172454046380782, 0.0], [0.7227306204844245, 0.17892835808730936, 0.009939359964854424, 0.026839253713096405, 0.06156240775031532, 0.0], [0.7658221741694906, 0.13760012413253933, 0.009946517574999229, 0.0206400186198809, 0.0659911655030899, 0.0], [0.8131148453868635, 0.11214759968537419, 0.009943926200157313, 0.01682213995280613, 0.04797148877479892, 0.0], [0.5210498650037035, 0.23837399150996746, 0.00995547909747609, 0.035756098726495114, 0.19486456566235796, 0.0], [0.1067523071984113, 0.091018922627153, 0.009954399042391825, 0.01365283839407295, 0.7786215327379709, 0.0], [0.8762580634417262, 0.06978502643306131, 0.009964588064143541, 0.010467753964959196, 0.03352456809610984, 0.0], [0.913912450111167, 0.0426729548690039, 0.009942600924501666, 0.009942600924501666, 0.023529393170825762, 0.0], [0.8991971517607176, 0.055426844085336366, 0.00995526276004708, 0.00995526276004708, 0.025465478633851967, 0.0], [0.6401954163488133, 0.09822535936895475, 0.009950837590992228, 0.014733803905343214, 0.2368945827858963, 0.0], [0.8920161935491284, 0.06488435132092653, 0.009964651401640672, 0.009964651401640672, 0.02317015232666368, 0.0], [0.09826852323161084, 0.036843292013298334, 0.009936829352375484, 0.009936829352375484, 0.8450145260503399, 0.0], [0.9604139182829503, 0.009896520429262453, 0.009896520429262453, 0.009896520429262453, 0.009896520429262453, 0.0], [0.9604237032685903, 0.009894074182852463, 0.009894074182852463, 0.009894074182852463, 0.009894074182852463, 0.0], [0.9604180746195614, 0.009895481345109647, 0.009895481345109647, 0.009895481345109647, 0.009895481345109647, 0.0], [0.9568086558716016, 0.013495461417649325, 0.009898627570249745, 0.009898627570249745, 0.009898627570249745, 0.0], [0.9059902487447374, 0.0417696418085267, 0.00994172799071821, 0.00994172799071821, 0.03235665346529958, 0.0], [0.8852183697233313, 0.06323696337291293, 0.009963092608649627, 0.009963092608649627, 0.031618481686456465, 0.0], [0.8934471305684305, 0.05426048755651226, 0.00995415671759089, 0.00995415671759089, 0.032384068439875374, 0.0], [0.9464219454041375, 0.023880318202787264, 0.009899245464358379, 0.009899245464358379, 0.009899245464358379, 0.0], [0.9580345815602339, 0.01227098948850263, 0.009898142983754497, 0.009898142983754497, 0.009898142983754497, 0.0], [0.9604233223131805, 0.009894169421704856, 0.009894169421704856, 0.009894169421704856, 0.009894169421704856, 0.0], [0.020307085638049806, 0.019382247435541726, 0.009919381657113284, 0.009919381657113284, 0.9404719036121819, 0.0], [0.015224900324480688, 0.010052399031950088, 0.014660310270781197, 0.010052399031950088, 0.950009991340838, 0.0], [1.0, 0.0, 0.0, 0.0, 0.0, 0.0]], [[1.0, 0.0, 0.0, 0.0, 0.0, 0.0], [0.009995754698776583, 0.009995754698776583, 0.009995754698776583, 0.009995754698776583, 0.9600169812048936, 0.0], [0.010393646083186893, 0.013085384293766484, 0.009913062750115529, 0.009913062750115529, 0.9566948441228156, 0.0], [0.9464801216662513, 0.023823501718052285, 0.009898792205232125, 0.009898792205232125, 0.009898792205232125, 0.0], [0.8726614617143964, 0.07265400188241718, 0.009963240487523829, 0.010898100282362577, 0.03382319563330006, 0.0], [0.8314063005535961, 0.10462547414931016, 0.00994745899638148, 0.01569382112239652, 0.03832694517831587, 0.0], [0.8217576237736945, 0.11076243293921145, 0.009944406427674373, 0.016614364940881716, 0.04092117191853791, 0.0], [0.8296805454723909, 0.1027986096954944, 0.009948457643356775, 0.015419791454324159, 0.04215259573443388, 0.0], [0.9061079962251283, 0.061678707661562124, 0.009961577198505912, 0.009961577198505912, 0.012290141716297774, 0.0], [0.9411297261949483, 0.029109746305703184, 0.00992017583311621, 0.00992017583311621, 0.00992017583311621, 0.0], [0.9194748407238468, 0.03517537550009435, 0.009935168348320702, 0.009935168348320702, 0.025479447079417395, 0.0], [0.881464402757553, 0.06882382053698047, 0.009965078503967235, 0.010323573080547072, 0.029423125120952263, 0.0], [0.600263622572061, 0.13459673207490863, 0.009948021587206844, 0.020189509811236295, 0.23500211395458726, 0.0], [0.7857682830473536, 0.1295879258842847, 0.009935140508379429, 0.019438188882642704, 0.055270461677339566, 0.0], [0.7739369503288706, 0.13035502105467253, 0.00994317475626793, 0.01955325315820088, 0.06621160070198813, 0.0], [0.485485021220146, 0.26222215572744456, 0.009974216649959853, 0.039333323359116684, 0.202985283043333, 0.0], [0.17058571145570262, 0.15885893927463246, 0.009954815094287034, 0.02382884089119487, 0.6367716932841831, 0.0], [0.8261484399567932, 0.10435935876839257, 0.00994773285753417, 0.01565390381525889, 0.04389056460202111, 0.0], [0.8422694280985418, 0.09343100952166063, 0.009953064026658028, 0.014014651428249094, 0.04033184692489032, 0.0], [0.09591583236772104, 0.10554713230526652, 0.009947047708693887, 0.015832069845789977, 0.7727579177725286, 0.0], [0.8618724696717376, 0.08386032607812349, 0.009957596128193916, 0.012579048911718523, 0.0317305592102264, 0.0], [0.030372075700325164, 0.034262387087167855, 0.009934314955660325, 0.009934314955660325, 0.9154969073011863, 0.0], [0.9434030798579349, 0.026898837008166056, 0.009899361044633027, 0.009899361044633027, 0.009899361044633027, 0.0], [0.9120579239491243, 0.03954642366729936, 0.009939571641676595, 0.009939571641676595, 0.02851650910022301, 0.0], [0.8880746861060663, 0.06175222533933996, 0.009961608982372474, 0.009961608982372474, 0.03024987058984869, 0.0], [0.8667443331383736, 0.06324950063051102, 0.009963185140097247, 0.009963185140097247, 0.05007979595092092, 0.0], [0.9416373689866967, 0.02862388743080839, 0.00991291452749831, 0.00991291452749831, 0.00991291452749831, 0.0], [0.9566323412143853, 0.01367176459842272, 0.009898631395730694, 0.009898631395730694, 0.009898631395730694, 0.0], [0.9604211211304268, 0.009894719717393327, 0.009894719717393327, 0.009894719717393327, 0.009894719717393327, 0.0], [0.011211697865359485, 0.009908902500444246, 0.009908902500444246, 0.009908902500444246, 0.9590615946333076, 0.0], [0.9141128839560452, 0.03856691428745206, 0.00993853385693235, 0.00993853385693235, 0.027443134042638068, 0.0], [0.8856479392313347, 0.06233578367421067, 0.009962225784015233, 0.009962225784015233, 0.0320918255264241, 0.0], [0.5931886954209943, 0.15813984054581243, 0.009957174193792497, 0.023720976081871865, 0.21499331375752884, 0.0], [0.08157249229554554, 0.08819827352772264, 0.009955533866371482, 0.013229741029158394, 0.807043959281202, 0.0], [0.11611385784077027, 0.07268771145200448, 0.00996321573292186, 0.010903156717800672, 0.7903320582565028, 0.0], [0.9470384256721953, 0.02326403423461524, 0.009899180031063177, 0.009899180031063177, 0.009899180031063177, 0.0], [0.0, 0.0, 0.0, 0.0, 0.0, 1.0], [0.0, 0.0, 0.0, 0.0, 0.0, 1.0], [0.9455832344689771, 0.01010223649445664, 0.024110056047652987, 0.01010223649445664, 0.01010223649445664, 0.0], [1.0, 0.0, 0.0, 0.0, 0.0, 0.0]], [[1.0, 0.0, 0.0, 0.0, 0.0, 0.0], [0.9600517057964919, 0.009987073550877018, 0.009987073550877018, 0.009987073550877018, 0.009987073550877018, 0.0], [0.010040385535085745, 0.012280314989097048, 0.009912277289119486, 0.009912277289119486, 0.9578547448975783, 0.0], [0.8988655076318955, 0.05161821521312305, 0.009951548546456393, 0.009951548546456393, 0.029613180062068523, 0.0], [0.8581554255647029, 0.07588021847783606, 0.009961736193414526, 0.011382032771675408, 0.04462058699237107, 0.0], [0.5251885928965834, 0.23877465965537797, 0.009970547004149741, 0.03581619894830669, 0.19025000149558205, 0.0], [0.10840943498068097, 0.12328019554652532, 0.009940347971821103, 0.0184920293319788, 0.7398779921689939, 0.0], [0.7820415362537111, 0.14122865559757586, 0.009929229037864666, 0.02118429833963638, 0.04561628077121196, 0.0], [0.04280760777281419, 0.06204921089590492, 0.009961992874655833, 0.009961992874655833, 0.8752191955819693, 0.0], [0.9349397913196575, 0.03530676893020096, 0.009917813250047187, 0.009917813250047187, 0.009917813250047187, 0.0], [0.9320084711546219, 0.03820579887891524, 0.009928576655487641, 0.009928576655487641, 0.009928576655487641, 0.0], [0.11543027159865367, 0.07316142945322304, 0.009963057945241896, 0.010974214417983456, 0.7904710265848979, 0.0], [0.7866827367803105, 0.13457694790754776, 0.009932616264381286, 0.020186542186132164, 0.04862115686162828, 0.0], [0.8516794075660525, 0.08657006197137447, 0.009956450830031927, 0.012985509295706169, 0.0388085703368348, 0.0], [0.8269754603286803, 0.10590991637467437, 0.009946909947565552, 0.015886487456201154, 0.04128122589287861, 0.0], [0.8254075371470155, 0.09947733661453545, 0.009950118256018816, 0.014921600492180317, 0.05024340749024999, 0.0], [0.844471753495884, 0.09475887905388033, 0.00995236247008385, 0.01421383185808205, 0.03660317312206981, 0.0], [0.9197730331005924, 0.04633188745664052, 0.009946320690254121, 0.009946320690254121, 0.01400243806225882, 0.0], [0.9324071442107259, 0.037781883646011, 0.009936990714421072, 0.009936990714421072, 0.009936990714421072, 0.0], [0.13549422531315664, 0.06744927951183956, 0.009965894133818815, 0.010117391926775934, 0.7769732091144089, 0.0], [0.9446262326197594, 0.025675383397122352, 0.009899461327706097, 0.009899461327706097, 0.009899461327706097, 0.0], [0.9515938786893765, 0.018710456564466908, 0.009898554915385528, 0.009898554915385528, 0.009898554915385528, 0.0], [0.9544855495946433, 0.01581803929921388, 0.009898803702047654, 0.009898803702047654, 0.009898803702047654, 0.0], [0.9423912459279299, 0.02785751677504848, 0.00991707909900719, 0.00991707909900719, 0.00991707909900719, 0.0], [0.18189020539601658, 0.07204161981315223, 0.009963574328097781, 0.010806242971972833, 0.7252983574907607, 0.0], [0.8706111949608198, 0.07280710975012346, 0.009963130368557484, 0.010921066462518518, 0.03569749845798071, 0.0], [0.8910274885899707, 0.05580304119646155, 0.00995566637422363, 0.00995566637422363, 0.03325813746512062, 0.0], [0.018636999659535268, 0.02072308409872296, 0.009920709111268989, 0.009920709111268989, 0.9407984980192037, 0.0], [0.9604145562222395, 0.009896360944440115, 0.009896360944440115, 0.009896360944440115, 0.009896360944440115, 0.0], [0.9604128998067211, 0.009896775048319722, 0.009896775048319722, 0.009896775048319722, 0.009896775048319722, 0.0], [0.952248914329712, 0.01805452505731137, 0.009898853537658861, 0.009898853537658861, 0.009898853537658861, 0.0], [0.11417463066281973, 0.06447485222942971, 0.009964349432676831, 0.009964349432676831, 0.8014218182423968, 0.0], [0.8662152446582434, 0.07959268858229789, 0.009959798947122839, 0.011938903287344682, 0.03229336452499114, 0.0], [0.8529564386288793, 0.09373343708958172, 0.009952711094479101, 0.014060015563437256, 0.029297397623622483, 0.0], [0.05020780673844332, 0.07003294465611325, 0.00996456281403445, 0.010504941698416986, 0.859289744092992, 0.0], [0.0, 0.0, 0.0, 0.0, 0.0, 1.0], [0.0, 0.0, 0.0, 0.0, 0.0, 1.0], [0.12499808727092214, 0.08052341011474985, 0.009959505786576797, 0.012078511517212478, 0.7724404853105388, 0.0], [0.878555116617103, 0.010254557174039367, 0.0505175295957914, 0.010254557174039367, 0.05041823943902689, 0.0], [1.0, 0.0, 0.0, 0.0, 0.0, 0.0]], [[1.0, 0.0, 0.0, 0.0, 0.0, 0.0], [0.9600585181457044, 0.009985370463573917, 0.009985370463573917, 0.009985370463573917, 0.009985370463573917, 0.0], [0.9604141917741588, 0.009896452056460286, 0.009896452056460286, 0.009896452056460286, 0.009896452056460286, 0.0], [0.9501782037283654, 0.020124832750294527, 0.00989898784044672, 0.00989898784044672, 0.00989898784044672, 0.0], [0.8677955848704081, 0.07355175386002819, 0.009962829174364692, 0.011032763079004228, 0.03765706901619468, 0.0], [0.10534810102045908, 0.11081530762182279, 0.009944550596611406, 0.01662229614327342, 0.7572697446178334, 0.0], [0.7738823198890832, 0.14658229917550433, 0.009926645360515476, 0.021987344876325653, 0.047621390698571395, 0.0], [0.09122125483036798, 0.12654615956332937, 0.009936643522466858, 0.018981923934499406, 0.7533140181493363, 0.0], [0.12211884832501747, 0.09848870236968103, 0.009950454071805486, 0.014773305355452153, 0.7546686898780439, 0.0], [0.9297488830688645, 0.03983819805727061, 0.009939798300605571, 0.009939798300605571, 0.010533322272653654, 0.0], [0.9221139603484073, 0.04634802121841292, 0.009946328872740162, 0.009946328872740162, 0.011645360687699396, 0.0], [0.8421140014585018, 0.09850447957064756, 0.009950541218563964, 0.014775671935597135, 0.034655305816689526, 0.0], [0.149349085575195, 0.13681044965936706, 0.00995129834589519, 0.020521567448905056, 0.6833675989706377, 0.0], [0.8249605651700388, 0.11139210557081607, 0.009944107442965635, 0.01670881583562241, 0.0369944059805572, 0.0], [0.051280666116389234, 0.06476617049014147, 0.009964774829812537, 0.009964774829812537, 0.8640236137338442, 0.0], [0.8678458545373631, 0.07733594348759301, 0.009960972741660433, 0.011600391523138952, 0.0332568377102447, 0.0], [0.03327883635858035, 0.03803859871016365, 0.009938028289183411, 0.009938028289183411, 0.9088065083528892, 0.0], [0.9502328097797536, 0.020070652613424157, 0.009898845868940792, 0.009898845868940792, 0.009898845868940792, 0.0], [0.9570067564806072, 0.013297464075825268, 0.00989859314785587, 0.00989859314785587, 0.00989859314785587, 0.0], [0.9558747575994797, 0.014430287748529487, 0.009898318217330289, 0.009898318217330289, 0.009898318217330289, 0.0], [0.958312751768682, 0.011993047542585556, 0.009898066896244147, 0.009898066896244147, 0.009898066896244147, 0.0], [0.009907062818708305, 0.009907062818708305, 0.009907062818708305, 0.009907062818708305, 0.9603717487251668, 0.0], [0.9590934972349405, 0.011212336299890022, 0.009898055488389871, 0.009898055488389871, 0.009898055488389871, 0.0], [0.9102262660046455, 0.03803553379889669, 0.009938017483706532, 0.009938017483706532, 0.03186216522904461, 0.0], [0.8802110713258413, 0.06550352612106847, 0.009965383509060793, 0.009965383509060793, 0.03435463553496861, 0.0], [0.5922518164624275, 0.1542712112966403, 0.0099491300978099, 0.02314068169449604, 0.22038716044862622, 0.0], [0.8830386698482735, 0.06353167085518309, 0.009963407819788966, 0.009963407819788966, 0.03350284365696546, 0.0], [0.9120403065649839, 0.03983338310037617, 0.0099397818781608, 0.0099397818781608, 0.028246746578318317, 0.0], [0.960414419581902, 0.009896395104524513, 0.009896395104524513, 0.009896395104524513, 0.009896395104524513, 0.0], [0.009906944133614828, 0.009906944133614828, 0.009906944133614828, 0.009906944133614828, 0.9603722234655407, 0.0], [0.954425144602324, 0.015879740556681593, 0.009898371613664862, 0.009898371613664862, 0.009898371613664862, 0.0], [0.03175418155966746, 0.037007049902249255, 0.009937005075139716, 0.009937005075139716, 0.911364758387804, 0.0], [0.866049788735678, 0.08216441017124364, 0.009958540802933395, 0.012324661525686545, 0.029502598764458383, 0.0], [0.12124824933691743, 0.10907576705006344, 0.0099452953157389, 0.016361365057509514, 0.7433693232397707, 0.0], [0.1414903544820628, 0.13440492082375216, 0.009932706242683846, 0.020160738123562824, 0.6940112803279385, 0.0], [0.7854825378026632, 0.12224620751700949, 0.009938811343351537, 0.01833693112755142, 0.06399551220942441, 0.0], [0.0, 0.0, 0.0, 0.0, 0.0, 1.0], [0.5773223815046411, 0.16874105779998969, 0.009963454050542612, 0.02531115866999845, 0.21866194797482835, 0.0], [0.858354917228669, 0.011062173932674666, 0.058649634886689686, 0.010299109689971801, 0.06163416426199496, 0.0], [1.0, 0.0, 0.0, 0.0, 0.0, 0.0]], [[1.0, 0.0, 0.0, 0.0, 0.0, 0.0], [1.0, 0.0, 0.0, 0.0, 0.0, 0.0], [0.00999649659558803, 0.00999649659558803, 0.00999649659558803, 0.00999649659558803, 0.9600140136176478, 0.0], [0.9523019377117672, 0.018001926988880285, 0.009898711766450827, 0.009898711766450827, 0.009898711766450827, 0.0], [0.9413238019237878, 0.0289359484081882, 0.009913416556007987, 0.009913416556007987, 0.009913416556007987, 0.0], [0.8135397519920882, 0.11086058804915717, 0.009944321717902656, 0.016629088207373577, 0.0490262500334784, 0.0], [0.8387249617186275, 0.09621229376661498, 0.009951667471249006, 0.014431844064992247, 0.040679232978516146, 0.0], [0.5605554178228743, 0.19038971047262887, 0.009956579357422281, 0.02855845657089433, 0.2105398357761801, 0.0], [0.8523553841860856, 0.08877420153827649, 0.009955293367676027, 0.013316130230741473, 0.03559899067722033, 0.0], [0.8720077920892836, 0.07855568626128492, 0.009960305573684637, 0.01178335293919274, 0.027692863136553975, 0.0], [0.14034192902821654, 0.07984355430136293, 0.009959788243771507, 0.011976533145204441, 0.7578781952814445, 0.0], [0.8231523636822008, 0.11112467581192177, 0.009944249079668134, 0.016668701371788268, 0.03911001005442092, 0.0], [0.4970577474996088, 0.25406148475342, 0.00996866847498313, 0.038109222713012994, 0.20080287655897516, 0.0], [0.8272401743658688, 0.10766459661578517, 0.009945884060621437, 0.016149689492367777, 0.038999655465356824, 0.0], [0.8719658341149688, 0.07236617961535799, 0.009963396245808486, 0.010854926942303698, 0.034849663081561066, 0.0], [0.9428695587800113, 0.027432288687430768, 0.009899384177519309, 0.009899384177519309, 0.009899384177519309, 0.0], [0.9523837442226327, 0.01792083174547338, 0.009898474677298, 0.009898474677298, 0.009898474677298, 0.0], [0.9604219981514939, 0.009894500462126523, 0.009894500462126523, 0.009894500462126523, 0.009894500462126523, 0.0], [0.9604244196554776, 0.009893895086130589, 0.009893895086130589, 0.009893895086130589, 0.009893895086130589, 0.0], [0.009906985662409216, 0.009906985662409216, 0.009906985662409216, 0.009906985662409216, 0.9603720573503631, 0.0], [0.9604249786923923, 0.009893755326901937, 0.009893755326901937, 0.009893755326901937, 0.009893755326901937, 0.0], [0.9604227616114015, 0.009894309597149617, 0.009894309597149617, 0.009894309597149617, 0.009894309597149617, 0.0], [0.96041680600121, 0.00989579849969748, 0.00989579849969748, 0.00989579849969748, 0.00989579849969748, 0.0], [0.9522918260231494, 0.018011728376088023, 0.0098988152002542, 0.0098988152002542, 0.0098988152002542, 0.0], [0.8970731771005395, 0.051037505444989674, 0.009950928823253161, 0.009950928823253161, 0.03198745980796446, 0.0], [0.0809242661924399, 0.07306985212082073, 0.009963006899785413, 0.010960477818123109, 0.8250823969688309, 0.0], [0.11656973980287136, 0.05554146990777422, 0.009955471745951258, 0.009955471745951258, 0.807977846797452, 0.0], [0.953795196636788, 0.016508219742225032, 0.009898861206995648, 0.009898861206995648, 0.009898861206995648, 0.0], [0.9604165791598411, 0.009895855210039717, 0.009895855210039717, 0.009895855210039717, 0.009895855210039717, 0.0], [0.9604240391896277, 0.009893990202593067, 0.009893990202593067, 0.009893990202593067, 0.009893990202593067, 0.0], [0.011476083762834937, 0.011259924650863732, 0.009911288300447015, 0.009911288300447015, 0.9574414149854072, 0.0], [0.9368470039852831, 0.0334546120315986, 0.009899461327706097, 0.009899461327706097, 0.009899461327706097, 0.0], [0.8786024606187868, 0.06519706980353553, 0.009965128994933087, 0.009965128994933087, 0.03627021158781162, 0.0], [0.7792215533762592, 0.13438074677385867, 0.009934995325584702, 0.0201571120160788, 0.056305592508218726, 0.0], [0.7528040879225257, 0.1529493470789695, 0.009935646815575516, 0.022942402061845422, 0.061368516121083745, 0.0], [0.5163761830674192, 0.21829598449337523, 0.009960576040033548, 0.03274439767400629, 0.22262285872516582, 0.0], [0.19662199704857894, 0.15219136042188192, 0.00995756087554841, 0.022828704063282284, 0.6184003775907084, 0.0], [0.7362414506123747, 0.15269603944647686, 0.009941148401463339, 0.02290440591697153, 0.07821695562271354, 0.0], [0.8584251258994098, 0.012500141114072511, 0.06002530816747726, 0.010302866719554512, 0.05874655809948593, 0.0], [1.0, 0.0, 0.0, 0.0, 0.0, 0.0]], [[1.0, 0.0, 0.0, 0.0, 0.0, 0.0], [1.0, 0.0, 0.0, 0.0, 0.0, 0.0], [0.9600583700711771, 0.00998540748220575, 0.00998540748220575, 0.00998540748220575, 0.00998540748220575, 0.0], [0.960422514723951, 0.009894371319012234, 0.009894371319012234, 0.009894371319012234, 0.009894371319012234, 0.0], [0.9476526066035643, 0.022650003323961526, 0.009899130024158044, 0.009899130024158044, 0.009899130024158044, 0.0], [0.03632299635621953, 0.05136685315770555, 0.009951313328698771, 0.009951313328698771, 0.8924075238286775, 0.0], [0.8505598835312211, 0.09331061790382365, 0.009952934338426332, 0.013996592685573548, 0.03217997154095537, 0.0], [0.8160017028495725, 0.10029259784634006, 0.009949637270802324, 0.015043889676951009, 0.05871217235633398, 0.0], [0.8544812205966753, 0.08712022670720496, 0.009956171793858491, 0.013068034006080741, 0.03537434689618057, 0.0], [0.048338219783200895, 0.06901204344561346, 0.009965140477738105, 0.010351806516842019, 0.8623327897766055, 0.0], [0.8987451576188019, 0.06829424713123534, 0.009965292015379882, 0.010244137069685301, 0.012751166164897512, 0.0], [0.8333467305525469, 0.10455785306287226, 0.00994748488545576, 0.015683677959430837, 0.03646425353969417, 0.0], [0.1344651628784005, 0.1557142729477977, 0.00992949068663421, 0.023357140942169653, 0.6765339325449979, 0.0], [0.13982336700466416, 0.10183414657007779, 0.009948886328031061, 0.015275121985511668, 0.7331184781117154, 0.0], [0.9276073426049366, 0.04259783697650019, 0.00993160680618773, 0.00993160680618773, 0.00993160680618773, 0.0], [0.021396972298893067, 0.022755197771407904, 0.009922722875942048, 0.009922722875942048, 0.9360023841778149, 0.0], [0.009905703746760563, 0.009905703746760563, 0.009905703746760563, 0.009905703746760563, 0.9603771850129577, 0.0], [0.9604271647173039, 0.009893208820674033, 0.009893208820674033, 0.009893208820674033, 0.009893208820674033, 0.0], [0.9604279878228118, 0.009893003044297063, 0.009893003044297063, 0.009893003044297063, 0.009893003044297063, 0.0], [0.9604257827205904, 0.009893554319852374, 0.009893554319852374, 0.009893554319852374, 0.009893554319852374, 0.0], [0.009906896686617376, 0.009906896686617376, 0.009906896686617376, 0.009906896686617376, 0.9603724132535305, 0.0], [0.960417304729464, 0.00989567381763401, 0.00989567381763401, 0.00989567381763401, 0.00989567381763401, 0.0], [0.9604159435156114, 0.009896014121097127, 0.009896014121097127, 0.009896014121097127, 0.009896014121097127, 0.0], [0.9552319905044436, 0.015071690354666234, 0.009898773046963388, 0.009898773046963388, 0.009898773046963388, 0.0], [0.9514966349246191, 0.018805986539698477, 0.009899126178560782, 0.009899126178560782, 0.009899126178560782, 0.0], [0.9070511781225804, 0.04808502191111072, 0.009947984343896482, 0.009947984343896482, 0.02496783127851588, 0.0], [0.9506643931105538, 0.019639643833885393, 0.009898654351853609, 0.009898654351853609, 0.009898654351853609, 0.0], [0.9589623839586211, 0.011342775754885154, 0.009898280095497973, 0.009898280095497973, 0.009898280095497973, 0.0], [0.9604249786923923, 0.009893755326901937, 0.009893755326901937, 0.009893755326901937, 0.009893755326901937, 0.0], [0.9604200849226608, 0.009894978769334793, 0.009894978769334793, 0.009894978769334793, 0.009894978769334793, 0.0], [0.9604143968052821, 0.009896400798679464, 0.009896400798679464, 0.009896400798679464, 0.009896400798679464, 0.0], [0.9200140201634581, 0.032701873381188205, 0.009932725319262647, 0.009932725319262647, 0.02741865581682846, 0.0], [0.8799658231809748, 0.06378403550644643, 0.009963677213113649, 0.009963677213113649, 0.03632278688635136, 0.0], [0.591130064135602, 0.14482746269369529, 0.009949674546145596, 0.021724119404054294, 0.23236867922050267, 0.0], [0.7741966259083175, 0.12871476045857116, 0.009937828942137985, 0.019307214068785675, 0.06784357062218759, 0.0], [0.7604248016514538, 0.1367921008779566, 0.009948516427487751, 0.02051881513169349, 0.07231576591140845, 0.0], [0.8146802236027907, 0.11205579655214769, 0.009943908501413716, 0.016808369482822154, 0.04651170186082583, 0.0], [0.8143446455527763, 0.104287473279689, 0.009947756885169495, 0.01564312099195335, 0.0557770032904119, 0.0], [0.9279624371727865, 0.010158791326199014, 0.0333812805501933, 0.010158791326199014, 0.018338699624622166, 0.0], [1.0, 0.0, 0.0, 0.0, 0.0, 0.0]], [[1.0, 0.0, 0.0, 0.0, 0.0, 0.0], [1.0, 0.0, 0.0, 0.0, 0.0, 0.0], [0.009994734548903261, 0.009994734548903261, 0.009994734548903261, 0.009994734548903261, 0.960021061804387, 0.0], [0.9604240615771654, 0.009893984605708651, 0.009893984605708651, 0.009893984605708651, 0.009893984605708651, 0.0], [0.9577197987621566, 0.012585658086499961, 0.009898181050447806, 0.009898181050447806, 0.009898181050447806, 0.0], [0.03677002316452185, 0.04722211464976208, 0.009947071715178333, 0.009947071715178333, 0.8961137187553594, 0.0], [0.10540748534006661, 0.08070725585608714, 0.009959251565191049, 0.012106088378413071, 0.7918199188602422, 0.0], [0.8059522580952457, 0.1157626082607626, 0.009941930157419683, 0.017364391239114388, 0.05097881224745771, 0.0], [0.8577649754537204, 0.08642958281746545, 0.00995647355391735, 0.012964437422619816, 0.03288453075227682, 0.0], [0.12985031904179747, 0.11171967565588198, 0.009943884270159282, 0.016757951348382295, 0.731728169683779, 0.0], [0.05252289468415525, 0.08262385095006515, 0.009958317021207782, 0.012393577642509772, 0.8425013597020621, 0.0], [0.12434894501942072, 0.10616219208348114, 0.009946724329527284, 0.015924328812522173, 0.7436178097550487, 0.0], [0.7888926268072257, 0.13059558932252047, 0.009934593044891738, 0.01958933839837807, 0.05098785242698406, 0.0], [0.8701841624460087, 0.07895083813392893, 0.009960058648061076, 0.01184262572008934, 0.029062315051911862, 0.0], [0.03448563441116916, 0.038339329947087775, 0.009938384349015963, 0.009938384349015963, 0.9072982669437112, 0.0], [0.9559870625919294, 0.014318542707882223, 0.009898131566729482, 0.009898131566729482, 0.009898131566729482, 0.0], [0.9604238376613039, 0.00989404058467402, 0.00989404058467402, 0.00989404058467402, 0.00989404058467402, 0.0], [0.009903346920100843, 0.009903346920100843, 0.009903346920100843, 0.009903346920100843, 0.9603866123195967, 0.0], [0.9604261396938605, 0.009893465076534862, 0.009893465076534862, 0.009893465076534862, 0.009893465076534862, 0.0], [0.9604161479083665, 0.009895963022908365, 0.009895963022908365, 0.009895963022908365, 0.009895963022908365, 0.0], [0.9563072763808853, 0.013997883332620748, 0.009898280095497971, 0.009898280095497971, 0.009898280095497971, 0.0], [0.9272675443939907, 0.026337339526550835, 0.009926377673506095, 0.009926377673506095, 0.026542360732446143, 0.0], [0.9474011619293011, 0.022901055469810153, 0.009899260866962922, 0.009899260866962922, 0.009899260866962922, 0.0], [0.9490782023819555, 0.021224764969534717, 0.009899010882836554, 0.009899010882836554, 0.009899010882836554, 0.0], [0.9493324819526666, 0.020971509070275493, 0.009898669659019305, 0.009898669659019305, 0.009898669659019305, 0.0], [0.01164441115471646, 0.018823820059229144, 0.009918795967886602, 0.009918795967886602, 0.9496941768502812, 0.0], [0.011950418343263188, 0.012933183009649962, 0.009912950636910126, 0.009912950636910126, 0.9552904973732665, 0.0], [0.960422604513847, 0.009894348871538254, 0.009894348871538254, 0.009894348871538254, 0.009894348871538254, 0.0], [0.9604171007578843, 0.0098957248105289, 0.0098957248105289, 0.0098957248105289, 0.0098957248105289, 0.0], [0.9604148294032776, 0.009896292649180592, 0.009896292649180592, 0.009896292649180592, 0.009896292649180592, 0.0], [0.9570766398984711, 0.01322723628833575, 0.009898707937731024, 0.009898707937731024, 0.009898707937731024, 0.0], [0.9453768502497669, 0.02490886246316998, 0.009904762429021047, 0.009904762429021047, 0.009904762429021047, 0.0], [0.8920737115603221, 0.058205440622718915, 0.009958165830789489, 0.009958165830789489, 0.02980451615537998, 0.0], [0.8231479320498751, 0.09321541540249177, 0.009953173803151211, 0.013982312310373765, 0.059701166434108145, 0.0], [0.8494875709544636, 0.08773490633931366, 0.009955866442768562, 0.013160235950897048, 0.03966142031255709, 0.0], [0.8287652252336365, 0.10095361636235235, 0.009949354339843404, 0.015143042454352851, 0.045188761609814866, 0.0], [0.8672644013092731, 0.07431653205396684, 0.009962464593452444, 0.011147479808095023, 0.03730912223521261, 0.0], [0.9099044105209826, 0.05393273203849882, 0.009953886820884305, 0.009953886820884305, 0.016255083798749903, 0.0], [0.9503807506512053, 0.010075033208477437, 0.018579195736550067, 0.010075033208477437, 0.010889987195289781, 0.0], [1.0, 0.0, 0.0, 0.0, 0.0, 0.0]], [[1.0, 0.0, 0.0, 0.0, 0.0, 0.0], 