{"prediction": [[[1.0, 0.0, 0.0, 0.0, 0.0, 0.0], [1.0, 0.0, 0.0, 0.0, 0.0, 0.0], [1.0, 0.0, 0.0, 0.0, 0.0, 0.0], [1.0, 0.0, 0.0, 0.0, 0.0, 0.0], [1.0, 0.0, 0.0, 0.0, 0.0, 0.0], [1.0, 0.0, 0.0, 0.0, 0.0, 0.0], [1.0, 0.0, 0.0, 0.0, 0.0, 0.0], [1.0, 0.0, 0.0, 0.0, 0.0, 0.0], [1.0, 0.0, 0.0, 0.0, 0.0, 0.0], [1.0, 0.0, 0.0, 0.0, 0.0, 0.0], [1.0, 0.0, 0.0, 0.0, 0.0, 0.0], [1.0, 0.0, 0.0, 0.0, 0.0, 0.0], [1.0, 0.0, 0.0, 0.0, 0.0, 0.0], [1.0, 0.0, 0.0, 0.0, 0.0, 0.0], [1.0, 0.0, 0.0, 0.0, 0.0, 0.0], [1.0, 0.0, 0.0, 0.0, 0.0, 0.0], [1.0, 0.0, 0.0, 0.0, 0.0, 0.0], [1.0, 0.0, 0.0, 0.0, 0.0, 0.0], [1.0, 0.0, 0.0, 0.0, 0.0, 0.0], [1.0, 0.0, 0.0, 0.0, 0.0, 0.0], [1.0, 0.0, 0.0, 0.0, 0.0, 0.0], [1.0, 0.0, 0.0, 0.0, 0.0, 0.0], [1.0, 0.0, 0.0, 0.0, 0.0, 0.0], [1.0, 0.0, 0.0, 0.0, 0.0, 0.0], [1.0, 0.0, 0.0, 0.0, 0.0, 0.0], [1.0, 0.0, 0.0, 0.0, 0.0, 0.0], [1.0, 0.0, 0.0, 0.0, 0.0, 0.0], [1.0, 0.0, 0.0, 0.0, 0.0, 0.0], [1.0, 0.0, 0.0, 0.0, 0.0, 0.0], [1.0, 0.0, 0.0, 0.0, 0.0, 0.0], [1.0, 0.0, 0.0, 0.0, 0.0, 0.0], [1.0, 0.0, 0.0, 0.0, 0.0, 0.0], [1.0, 0.0, 0.0, 0.0, 0.0, 0.0], [1.0, 0.0, 0.0, 0.0, 0.0, 0.0], [1.0, 0.0, 0.0, 0.0, 0.0, 0.0], [1.0, 0.0, 0.0, 0.0, 0.0, 0.0], [1.0, 0.0, 0.0, 0.0, 0.0, 0.0], [1.0, 0.0, 0.0, 0.0, 0.0, 0.0], [1.0, 0.0, 0.0, 0.0, 0.0, 0.0], [1.0, 0.0, 0.0, 0.0, 0.0, 0.0]], [[1.0, 0.0, 0.0, 0.0, 0.0, 0.0], [0.009994241668486167, 0.009994241668486167, 0.009994241668486167, 0.009994241668486167, 0.9600230333260553, 0.0], [0.9600614439324117, 0.00998463901689708, 0.00998463901689708, 0.00998463901689708, 0.00998463901689708, 0.0], [0.9600613849401052, 0.009984653764973718, 0.009984653764973718, 0.009984653764973718, 0.009984653764973718, 0.0], [0.9600613849401052, 0.009984653764973718, 0.009984653764973718, 0.009984653764973718, 0.009984653764973718, 0.0], [0.9600612964428092, 0.009984675889297705, 0.009984675889297705, 0.009984675889297705, 0.009984675889297705, 0.0], [0.9600613849401052, 0.009984653764973718, 0.009984653764973718, 0.009984653764973718, 0.009984653764973718, 0.0], [0.9600613554421847, 0.009984661139453824, 0.009984661139453824, 0.009984661139453824, 0.009984661139453824, 0.0], [0.9600609423475558, 0.009984764413111054, 0.009984764413111054, 0.009984764413111054, 0.009984764413111054, 0.0], [0.9600612374387204, 0.009984690640319921, 0.009984690640319921, 0.009984690640319921, 0.009984690640319921, 0.0], [0.9600610899078734, 0.009984727523031632, 0.009984727523031632, 0.009984727523031632, 0.009984727523031632, 0.0], [0.960060912831955, 0.009984771792011262, 0.009984771792011262, 0.009984771792011262, 0.009984771792011262, 0.0], [0.9600605290218062, 0.009984867744548471, 0.009984867744548471, 0.009984867744548471, 0.009984867744548471, 0.0], [0.009994582756853505, 0.009994582756853505, 0.009994582756853505, 0.009994582756853505, 0.960021668972586, 0.0], [0.9600612964428092, 0.009984675889297705, 0.009984675889297705, 0.009984675889297705, 0.009984675889297705, 0.0], [0.9600611784299176, 0.009984705392520622, 0.009984705392520622, 0.009984705392520622, 0.009984705392520622, 0.0], [0.9600610899078734, 0.009984727523031632, 0.009984727523031632, 0.009984727523031632, 0.009984727523031632, 0.0], [0.960057925669756, 0.009985518582561017, 0.009985518582561017, 0.009985518582561017, 0.009985518582561017, 0.0], [0.9600523032599894, 0.00998692418500269, 0.00998692418500269, 0.00998692418500269, 0.00998692418500269, 0.0], [0.9591018911053977, 0.01001853623887796, 0.010842500177968345, 0.01001853623887796, 0.01001853623887796, 0.0], [0.9525331267387065, 0.010055826937880267, 0.01729939244765271, 0.010055826937880267, 0.010055826937880267, 0.0], [0.11466466448253933, 0.010174467381420525, 0.03619457251225995, 0.010174467381420525, 0.8287918282423596, 0.0], [0.9507929159064409, 0.010065328828115795, 0.019011097609211654, 0.010065328828115795, 0.010065328828115795, 0.0], [0.020556226846909394, 0.010063207415509734, 0.016534045206999613, 0.010063207415509734, 0.9427833131150716, 0.0], [0.9600486512449451, 0.009987837188763733, 0.009987837188763733, 0.009987837188763733, 0.009987837188763733, 0.0], [0.00999598384269021, 0.00999598384269021, 0.00999598384269021, 0.00999598384269021, 0.9600160646292393, 0.0], [1.0, 0.0, 0.0, 0.0, 0.0, 0.0], [1.0, 0.0, 0.0, 0.0, 0.0, 0.0], [0.009996964633332352, 0.009996964633332352, 0.009996964633332352, 0.009996964633332352, 0.9600121414666706, 0.0], [0.010026205749537517, 0.01000458059988165, 0.01000458059988165, 0.01000458059988165, 0.9599600524508175, 0.0], [0.960040656422079, 0.009989835894480228, 0.009989835894480228, 0.009989835894480228, 0.009989835894480228, 0.0], [0.9600451621520044, 0.009988709461998875, 0.009988709461998875, 0.009988709461998875, 0.009988709461998875, 0.0], [0.9600497007888645, 0.009987574802783863, 0.009987574802783863, 0.009987574802783863, 0.009987574802783863, 0.0], [0.9599720142156489, 0.010006996446087756, 0.010006996446087756, 0.010006996446087756, 0.010006996446087756, 0.0], [0.02001140770067727, 0.010094776583217897, 0.022118796663327438, 0.010094776583217897, 0.9376802424695594, 0.0], [0.09391920388695077, 0.010215516435759102, 0.04348522118449934, 0.010215516435759102, 0.8421645420570317, 0.0], [0.8895305723926955, 0.010297532498535125, 0.05806271182345988, 0.010297532498535125, 0.0318116507867743, 0.0], [0.10578588487184165, 0.013164465672940297, 0.05337086977665584, 0.01026358163001024, 0.8174151980485519, 0.0], [0.93511115828818, 0.010148430853159765, 0.0316450911991714, 0.010148430853159765, 0.012946888806329018, 0.0], [1.0, 0.0, 0.0, 0.0, 0.0, 0.0]], [[1.0, 0.0, 0.0, 0.0, 0.0, 0.0], [0.9600614439324117, 0.00998463901689708, 0.00998463901689708, 0.00998463901689708, 0.00998463901689708, 0.0], [0.9604301399168859, 0.009892465020778517, 0.009892465020778517, 0.009892465020778517, 0.009892465020778517, 0.0], [0.9604301399168859, 0.009892465020778517, 0.009892465020778517, 0.009892465020778517, 0.009892465020778517, 0.0], [0.009902228723199508, 0.009902228723199508, 0.009902228723199508, 0.009902228723199508, 0.9603910851072021, 0.0], [0.960429408697979, 0.009892647825505233, 0.009892647825505233, 0.009892647825505233, 0.009892647825505233, 0.0], [0.9604292312874632, 0.009892692178134214, 0.009892692178134214, 0.009892692178134214, 0.009892692178134214, 0.0], [0.9604290316327755, 0.009892742091806123, 0.009892742091806123, 0.009892742091806123, 0.009892742091806123, 0.0], [0.9604289428742865, 0.009892764281428374, 0.009892764281428374, 0.009892764281428374, 0.009892764281428374, 0.0], [0.9604287431157508, 0.009892814221062304, 0.009892814221062304, 0.009892814221062304, 0.009892814221062304, 0.0], [0.9604289206824451, 0.009892769829388715, 0.009892769829388715, 0.009892769829388715, 0.009892769829388715, 0.0], [0.9604282767326581, 0.009892930816835495, 0.009892930816835495, 0.009892930816835495, 0.009892930816835495, 0.0], [0.9604232998959301, 0.009894175026017462, 0.009894175026017462, 0.009894175026017462, 0.009894175026017462, 0.0], [0.9604278988972201, 0.009893025275694954, 0.009893025275694954, 0.009893025275694954, 0.009893025275694954, 0.0], [0.00990257362859279, 0.00990257362859279, 0.00990257362859279, 0.00990257362859279, 0.960389705485629, 0.0], [0.9604298741306901, 0.009892531467327477, 0.009892531467327477, 0.009892531467327477, 0.009892531467327477, 0.0], [0.9604288319062017, 0.00989279202344958, 0.00989279202344958, 0.00989279202344958, 0.00989279202344958, 0.0], [0.9604254255181228, 0.00989364362046932, 0.00989364362046932, 0.00989364362046932, 0.00989364362046932, 0.0], [0.01411833921138654, 0.016674584472501093, 0.00991665853911763, 0.00991665853911763, 0.9493737592378771, 0.0], [0.020892748320582438, 0.03971201972844167, 0.009939655897620003, 0.009939655897620003, 0.9195159201557358, 0.0], [0.8612061246081147, 0.08740492979659822, 0.00995583771778395, 0.013110739469489735, 0.02832236840801335, 0.0], [0.8381626741605193, 0.10832073720735065, 0.009945488803025131, 0.0162481105811026, 0.02732298924800235, 0.0], [0.12251171035715148, 0.0986960530708107, 0.009950380078043908, 0.014804407960621603, 0.7540374485333722, 0.0], [0.019736756320404805, 0.04474850156728417, 0.009944638299738701, 0.009944638299738701, 0.9156254655128336, 0.0], [0.9517706084837262, 0.01853374970405629, 0.009898547270739178, 0.009898547270739178, 0.009898547270739178, 0.0], [0.9600548668907014, 0.009986283277324667, 0.009986283277324667, 0.009986283277324667, 0.009986283277324667, 0.0], [1.0, 0.0, 0.0, 0.0, 0.0, 0.0], [0.9600533774850802, 0.009986655628729937, 0.009986655628729937, 0.009986655628729937, 0.009986655628729937, 0.0], [0.9536906968003191, 0.016613798952314296, 0.009898501415788857, 0.009898501415788857, 0.009898501415788857, 0.0], [0.018439389372528855, 0.026969576977555563, 0.009926931949591121, 0.009926931949591121, 0.9347371697507333, 0.0], [0.9090898316106699, 0.042766986493928856, 0.009942682361195944, 0.009942682361195944, 0.028257817173009347, 0.0], [0.9532027463572026, 0.017101141315300827, 0.009898704109165548, 0.009898704109165548, 0.009898704109165548, 0.0], [0.019163194075543122, 0.01701864771595975, 0.009917051307779784, 0.009917051307779784, 0.9439840555929375, 0.0], [0.9510125434752781, 0.019291940816156605, 0.009898505236188477, 0.009898505236188477, 0.009898505236188477, 0.0], [0.10004240863631486, 0.056663640118173986, 0.009956526198123171, 0.009956526198123171, 0.8233808988492649, 0.0], [0.8465927338617268, 0.10124459282109029, 0.009949010947183113, 0.01518668892316354, 0.027026973446836182, 0.0], [0.5740416287753906, 0.1627341083240618, 0.009960466906846727, 0.024410116248609268, 0.22885367974509174, 0.0], [0.7658934842453888, 0.1575282692468579, 0.009921148636030398, 0.023629240387028683, 0.04302785748469422, 0.0], [0.1082648282762065, 0.013262339288648171, 0.05329948201267136, 0.010262884495446664, 0.8149104659270273, 0.0], [1.0, 0.0, 0.0, 0.0, 0.0, 0.0]], [[1.0, 0.0, 0.0, 0.0, 0.0, 0.0], [0.9600612964428092, 0.009984675889297705, 0.009984675889297705, 0.009984675889297705, 0.009984675889297705, 0.0], [0.9604300070397206, 0.009892498240069844, 0.009892498240069844, 0.009892498240069844, 0.009892498240069844, 0.0], [0.00990250458117503, 0.00990250458117503, 0.00990250458117503, 0.00990250458117503, 0.9603899816752999, 0.0], [0.009902896289471533, 0.009902896289471533, 0.009902896289471533, 0.009902896289471533, 0.9603884148421139, 0.0], [0.9604239496304814, 0.009894012592379665, 0.009894012592379665, 0.009894012592379665, 0.009894012592379665, 0.0], [0.9604259389245852, 0.009893515268853697, 0.009893515268853697, 0.009893515268853697, 0.009893515268853697, 0.0], [0.00990414765972419, 0.00990414765972419, 0.00990414765972419, 0.00990414765972419, 0.9603834093611032, 0.0], [0.9604195435291927, 0.00989511411770182, 0.00989511411770182, 0.00989511411770182, 0.00989511411770182, 0.0], [0.009903700321901696, 0.009903700321901696, 0.009903700321901696, 0.009903700321901696, 0.9603851987123933, 0.0], [0.9604257604021533, 0.009893559899461666, 0.009893559899461666, 0.009893559899461666, 0.009893559899461666, 0.0], [0.9604155799668346, 0.00989610500829136, 0.00989610500829136, 0.00989610500829136, 0.00989610500829136, 0.0], [0.011161411698495686, 0.011829524370588738, 0.009911844497954592, 0.009911844497954592, 0.9571853749350063, 0.0], [0.9604145106791516, 0.009896372330212084, 0.009896372330212084, 0.009896372330212084, 0.009896372330212084, 0.0], [0.9604260950847285, 0.009893476228817874, 0.009893476228817874, 0.009893476228817874, 0.009893476228817874, 0.0], [0.9604277877202007, 0.00989305306994982, 0.00989305306994982, 0.00989305306994982, 0.00989305306994982, 0.0], [0.9604280100519845, 0.009892997487003868, 0.009892997487003868, 0.009892997487003868, 0.009892997487003868, 0.0], [0.009907324266343226, 0.009907324266343226, 0.009907324266343226, 0.009907324266343226, 0.960370702934627, 0.0], [0.949080556835098, 0.021224007675038948, 0.009898478496621066, 0.009898478496621066, 0.009898478496621066, 0.0], [0.10894299726621848, 0.09610052642239282, 0.009951527600015697, 0.014415078963358923, 0.7705898697480141, 0.0], [0.07558531040228708, 0.13850368837681087, 0.009930557854479344, 0.020775553256521632, 0.755204890109901, 0.0], [0.48694877452418284, 0.27863429224284597, 0.009943412042068587, 0.04179514383642689, 0.18267837735447565, 0.0], [0.8231621283989446, 0.12254591112012987, 0.009938425831980518, 0.01838188666801948, 0.025971647980925328, 0.0], [0.11154441045171916, 0.09277529945353544, 0.009953178302194181, 0.013916294918030316, 0.7718108168745209, 0.0], [0.012289578081567176, 0.01003925936392627, 0.012329949642414836, 0.01003925936392627, 0.9553019535481654, 0.0], [1.0, 0.0, 0.0, 0.0, 0.0, 0.0], [0.9600519747145023, 0.00998700632137441, 0.00998700632137441, 0.00998700632137441, 0.00998700632137441, 0.0], [0.9550054249222454, 0.015298554619165764, 0.009898673486196281, 0.009898673486196281, 0.009898673486196281, 0.0], [0.9412225579077116, 0.02907615240776082, 0.00990042989484256, 0.00990042989484256, 0.00990042989484256, 0.0], [0.11627715440689228, 0.06670208499087983, 0.009966216316786678, 0.010005312748631975, 0.7970492315368093, 0.0], [0.8805412345067934, 0.06758292293762026, 0.009965704839516339, 0.01013743844064304, 0.03177269927542699, 0.0], [0.9032331274177682, 0.04331422841761321, 0.009943294142951583, 0.009943294142951583, 0.03356605587871541, 0.0], [0.9516173076558445, 0.018687142249224315, 0.009898516698310357, 0.009898516698310357, 0.009898516698310357, 0.0], [0.01976564714776199, 0.022206822691907897, 0.009922197372980123, 0.009922197372980123, 0.9381831354143697, 0.0], [0.9300052701544076, 0.040273418757030145, 0.009907103696187396, 0.009907103696187396, 0.009907103696187396, 0.0], [0.8693529595657824, 0.07481786111087942, 0.009962275273322538, 0.01122267916663191, 0.034644224883383846, 0.0], [0.7716312034201689, 0.13943539093048346, 0.009930278332582304, 0.02091530863957252, 0.05808781867719287, 0.0], [0.15318206620860472, 0.1479540771853938, 0.009939142629678478, 0.02219311157780907, 0.6667316023985138, 0.0], [0.8738466287713808, 0.012171537813252897, 0.06090448688450094, 0.01030865624170006, 0.04276869028916536, 0.0], [1.0, 0.0, 0.0, 0.0, 0.0, 0.0]], [[1.0, 0.0, 0.0, 0.0, 0.0, 0.0], [0.9600612374387204, 0.009984690640319921, 0.009984690640319921, 0.009984690640319921, 0.009984690640319921, 0.0], [0.009902544854799926, 0.009902544854799926, 0.009902544854799926, 0.009902544854799926, 0.9603898205808002, 0.0], [0.960426919774903, 0.009893270056274247, 0.009893270056274247, 0.009893270056274247, 0.009893270056274247, 0.0], [0.009909340990361077, 0.010381102233644269, 0.009909340990361077, 0.009909340990361077, 0.9598908747952725, 0.0], [0.9596728645132718, 0.010632683699120413, 0.009898150595869251, 0.009898150595869251, 0.009898150595869251, 0.0], [0.9573533539892556, 0.012951462489693038, 0.009898394507017134, 0.009898394507017134, 0.009898394507017134, 0.0], [0.017560555370281637, 0.020710430773022735, 0.009920729448145767, 0.009920729448145767, 0.9418875549604041, 0.0], [0.9523094207592813, 0.01799467357662132, 0.009898635221365781, 0.009898635221365781, 0.009898635221365781, 0.0], [0.9564209769682284, 0.013883278002278421, 0.00989858167649772, 0.00989858167649772, 0.00989858167649772, 0.0], [0.9569981011275605, 0.013306566487695628, 0.009898444128247945, 0.009898444128247945, 0.009898444128247945, 0.0], [0.9510911873657865, 0.019212182991636528, 0.009898876547525673, 0.009898876547525673, 0.009898876547525673, 0.0], [0.8990732219153571, 0.05034730942475529, 0.009950218257366111, 0.009950218257366111, 0.030679032145155282, 0.0], [0.9489198425934617, 0.021382062707365763, 0.009899364899724214, 0.009899364899724214, 0.009899364899724214, 0.0], [0.9566826090967224, 0.01362194395498387, 0.009898482316097893, 0.009898482316097893, 0.009898482316097893, 0.0], [0.9604193855240146, 0.009895153618996335, 0.009895153618996335, 0.009895153618996335, 0.009895153618996335, 0.0], [0.009904101118458675, 0.009904101118458675, 0.009904101118458675, 0.009904101118458675, 0.9603835955261653, 0.0], [0.9604209860817986, 0.00989475347955038, 0.00989475347955038, 0.00989475347955038, 0.00989475347955038, 0.0], [0.945879829502088, 0.02442394329261371, 0.00989874240176604, 0.00989874240176604, 0.00989874240176604, 0.0], [0.03434581819349321, 0.06999967100947374, 0.009964449204457307, 0.01049995065142106, 0.8751901109411547, 0.0], [0.11074398997379516, 0.14934289719672464, 0.009925150219694756, 0.022401434579508696, 0.7075865280302768, 0.0], [0.06892911848506734, 0.16293780109365943, 0.009920713656457589, 0.024440670164048914, 0.7337716966007666, 0.0], [0.1120825816526567, 0.11989860593073576, 0.009939840418208879, 0.017984790889610365, 0.7400941811087884, 0.0], [0.02341820829854687, 0.010107523259814595, 0.024310024998135362, 0.010107523259814595, 0.9320567201836886, 0.0], [1.0, 0.0, 0.0, 0.0, 0.0, 0.0], [0.9600489812610273, 0.00998775468474316, 0.00998775468474316, 0.00998775468474316, 0.00998775468474316, 0.0], [0.9554104023239459, 0.014894081967488683, 0.009898505236188477, 0.009898505236188477, 0.009898505236188477, 0.0], [0.9422625997037095, 0.028039675454001392, 0.009899241614096362, 0.009899241614096362, 0.009899241614096362, 0.0], [0.18042872896617923, 0.07398034066657674, 0.009962553650622385, 0.01109705109998651, 0.724531325616635, 0.0], [0.8592693217141057, 0.0873702159751295, 0.0099558826998844, 0.013105532396269425, 0.03029904721461094, 0.0], [0.5823412678666329, 0.16532544590697107, 0.009952169871597104, 0.024798816886045662, 0.2175822994687532, 0.0], [0.8832146213710071, 0.05997368768414755, 0.009959873520130426, 0.009959873520130426, 0.03689194390458435, 0.0], [0.9092173649135674, 0.04325184309361524, 0.009943181818181818, 0.009943181818181818, 0.02764442835645367, 0.0], [0.01717279813021314, 0.02339596809483166, 0.009923395928707682, 0.009923395928707682, 0.9395844419175399, 0.0], [0.027908653694435154, 0.03597553663508814, 0.009935875183822369, 0.009935875183822369, 0.916244059302832, 0.0], [0.8683157354412958, 0.07473331223994693, 0.009962258188607428, 0.011209996835992041, 0.035778697294157856, 0.0], [0.7998795965689793, 0.10948839079104618, 0.009945212064916853, 0.016423258618656927, 0.06426354195640067, 0.0], [0.5588062437119605, 0.18308778850272436, 0.009961250734642242, 0.027463168275408654, 0.2206815487752642, 0.0], [0.8793523303601054, 0.012147270573522375, 0.04949564369528124, 0.010244469934690078, 0.048760285436400895, 0.0], [1.0, 0.0, 0.0, 0.0, 0.0, 0.0]], [[1.0, 0.0, 0.0, 0.0, 0.0, 0.0], [0.9600599677096948, 0.009985008072576306, 0.009985008072576306, 0.009985008072576306, 0.009985008072576306, 0.0], [0.9604270533932328, 0.009893236651691801, 0.009893236651691801, 0.009893236651691801, 0.009893236651691801, 0.0], [0.9604136674657603, 0.009896583133559908, 0.009896583133559908, 0.009896583133559908, 0.009896583133559908, 0.0], [0.017502191219215636, 0.021912192156340833, 0.00992191148340619, 0.00992191148340619, 0.9407417936576312, 0.0], [0.9041920264222586, 0.04697923146248166, 0.009946903186797411, 0.009946903186797411, 0.028934935741664846, 0.0], [0.9249483362902492, 0.042615151790547603, 0.009942547583955996, 0.009942547583955996, 0.012551416751291102, 0.0], [0.9219406696899847, 0.0482162555402237, 0.009947691589930531, 0.009947691589930531, 0.009947691589930531, 0.0], [0.1494405705739447, 0.0849437037042919, 0.00995721251251128, 0.012741555555643784, 0.7429169576536083, 0.0], [0.9343870825277903, 0.03581652702825638, 0.009932130147984417, 0.009932130147984417, 0.009932130147984417, 0.0], [0.9379809697257114, 0.03217479098222081, 0.009932166623990518, 0.009932166623990518, 0.00997990604408676, 0.0], [0.881813921986944, 0.06348266704967875, 0.00996340621011255, 0.00996340621011255, 0.03477659854315214, 0.0], [0.8615028522488055, 0.0737909044568634, 0.00996276498252232, 0.011068635668529508, 0.04367484264327916, 0.0], [0.8763479793864968, 0.06866268448255108, 0.009965325046407394, 0.010299402672382661, 0.03472460841216201, 0.0], [0.9391753223139389, 0.031066166403546543, 0.009919503760838192, 0.009919503760838192, 0.009919503760838192, 0.0], [0.9506399254261677, 0.01966286903411792, 0.00989906851323813, 0.00989906851323813, 0.00989906851323813, 0.0], [0.958084884380341, 0.012220321066486552, 0.009898264851057516, 0.009898264851057516, 0.009898264851057516, 0.0], [0.9588508673921153, 0.011455479001697863, 0.00989788453539558, 0.00989788453539558, 0.00989788453539558, 0.0], [0.02559303363943602, 0.03785636225833244, 0.00993783815486866, 0.00993783815486866, 0.9166749277924943, 0.0], [0.03970514373796983, 0.08899975332882261, 0.009955014706159152, 0.01334996299932339, 0.8479901252277251, 0.0], [0.11678367836069818, 0.15332566804130376, 0.009923241994221092, 0.022998850206195565, 0.6969685613975815, 0.0], [0.1074896472374408, 0.13666993665519792, 0.009931401557232988, 0.020500490498279685, 0.7254085240518486, 0.0], [0.034905010387480034, 0.0121276689223321, 0.0364583238427744, 0.010171247139418995, 0.9063377497079944, 0.0], [1.0, 0.0, 0.0, 0.0, 0.0, 0.0], [0.9600336476387965, 0.009991588090300874, 0.009991588090300874, 0.009991588090300874, 0.009991588090300874, 0.0], [0.017714736062242494, 0.01883666934618452, 0.009918874382050956, 0.009918874382050956, 0.943610845827471, 0.0], [0.017471793984896646, 0.02706453769475535, 0.009927012417777187, 0.009927012417777187, 0.9356096434847936, 0.0], [0.09944763197009682, 0.056159594637035945, 0.009956050562645475, 0.009956050562645475, 0.8244806722675764, 0.0], [0.8764442639355529, 0.07696527182563369, 0.009961063227337683, 0.011544790773845053, 0.02508461023763052, 0.0], [0.8286799355491009, 0.0961245701387822, 0.009951661825703905, 0.014418685520817329, 0.05082514696559563, 0.0], [0.09190352950478778, 0.10356530464947226, 0.009948070333814837, 0.01553479569742084, 0.7790482998145042, 0.0], [0.8798900539485356, 0.06653229168900292, 0.009966342721315666, 0.009979843753350438, 0.03363146788779531, 0.0], [0.9403854845841326, 0.029916177737845887, 0.009899445892673798, 0.009899445892673798, 0.009899445892673798, 0.0], [0.01394759403019369, 0.01914105640532928, 0.009919119692389651, 0.009919119692389651, 0.9470731101796978, 0.0], [0.0183908154613594, 0.023175577942205584, 0.00992316419690223, 0.00992316419690223, 0.9385872782026307, 0.0], [0.9398010351522925, 0.03047227102026042, 0.00990889794248236, 0.00990889794248236, 0.00990889794248236, 0.0], [0.8674298769322454, 0.07588325128684105, 0.009961635808800393, 0.011382487693026156, 0.035342748279086886, 0.0], [0.8529482306486377, 0.08015251413241505, 0.009959600114997117, 0.012022877119862257, 0.04491677798408783, 0.0], [0.9035894734243984, 0.010178961819940834, 0.036986009263496586, 0.010178961819940834, 0.0390665936722234, 0.0], [1.0, 0.0, 0.0, 0.0, 0.0, 0.0]], [[1.0, 0.0, 0.0, 0.0, 0.0, 0.0], [0.009995099346117158, 0.009995099346117158, 0.009995099346117158, 0.009995099346117158, 0.9600196026155314, 0.0], [0.960418459168238, 0.009895385207940538, 0.009895385207940538, 0.009895385207940538, 0.009895385207940538, 0.0], [0.9550968835905584, 0.01520686622302543, 0.00989875006213874, 0.00989875006213874, 0.00989875006213874, 0.0], [0.8956000979593517, 0.053153630410760655, 0.009953002458083407, 0.009953002458083407, 0.03134026671372092, 0.0], [0.8610614755489628, 0.0814131302445312, 0.009958963891361016, 0.01221196953667968, 0.035354460778465165, 0.0], [0.13112634771505235, 0.10488518647712111, 0.009947406435659691, 0.015732777971568166, 0.7383082814005987, 0.0], [0.8054380312158581, 0.12796604822032148, 0.009935872123641118, 0.01919490723304822, 0.037465141207131174, 0.0], [0.10566069255184593, 0.1370625810403392, 0.00994359990135949, 0.02055938715605088, 0.7267737393504046, 0.0], [0.8402353111774796, 0.09568579621130333, 0.00995195846000892, 0.014352869431695498, 0.039774064719512704, 0.0], [0.8643353356734768, 0.07520187804236154, 0.009962016005754167, 0.011280281706354232, 0.03922048857205349, 0.0], [0.10882761443590258, 0.09394503579568146, 0.009952848652719299, 0.014091755369352218, 0.7731827457463445, 0.0], [0.5217595808225103, 0.2389463163024208, 0.009965231307966504, 0.03584194744536312, 0.1934869241217392, 0.0], [0.08750418765788065, 0.12281150220616137, 0.009938443413826338, 0.018421725330924205, 0.7613241413912074, 0.0], [0.13717682738705061, 0.08794812669695483, 0.009955799460788783, 0.013192219004543225, 0.7517270274506624, 0.0], [0.8889796956950307, 0.06246380884172041, 0.009962303725514364, 0.009962303725514364, 0.028631888012220073, 0.0], [0.941731042824969, 0.028559938327830357, 0.0099030062824002, 0.0099030062824002, 0.0099030062824002, 0.0], [0.030347588412509365, 0.03482671882189794, 0.00993479017543195, 0.00993479017543195, 0.9149561124147289, 0.0], [0.0280917338637834, 0.05879665227303503, 0.009958608740547993, 0.009958608740547993, 0.8931943963820856, 0.0], [0.11222689113892578, 0.1418227991037686, 0.009928783732901188, 0.021273419865565288, 0.7147481061588392, 0.0], [0.805470847683494, 0.137401054206964, 0.0099310241558065, 0.0206101581310446, 0.026586915822691043, 0.0], [0.11376885798758464, 0.013491356867430708, 0.06709866513957159, 0.010340072960597812, 0.7953010470448153, 0.0], [1.0, 0.0, 0.0, 0.0, 0.0, 0.0], [0.028218538722416125, 0.010075912854770845, 0.018742693592138215, 0.010075912854770845, 0.9328869419759039, 0.0], [0.9154442256215433, 0.03909995495906248, 0.009939007228261234, 0.009939007228261234, 0.025577804962871816, 0.0], [0.942682635933361, 0.02761980088634452, 0.009899187726764841, 0.009899187726764841, 0.009899187726764841, 0.0], [0.9048972866331421, 0.05211015473650653, 0.009951951866433465, 0.009951951866433465, 0.02308865489748439, 0.0], [0.8970005849831614, 0.057924026648616816, 0.009957783781193325, 0.009957783781193325, 0.025159820805835103, 0.0], [0.632248636881005, 0.11256852872614852, 0.00994368591352582, 0.01688527930892228, 0.22835386917039857, 0.0], [0.8549807781170652, 0.08753459700738862, 0.009955919085479815, 0.013130189551108295, 0.03439851623895792, 0.0], [0.16552400852309715, 0.12132473190667778, 0.009939180842719643, 0.018198709786001667, 0.6850133689415038, 0.0], [0.8684911567206044, 0.07577826121060537, 0.009961783211818709, 0.011366739181590806, 0.034402059675380695, 0.0], [0.9303932742825958, 0.039819901233233576, 0.009928941494723518, 0.009928941494723518, 0.009928941494723518, 0.0], [0.017359969799163655, 0.021375200909174295, 0.009921360517760115, 0.009921360517760115, 0.9414221082561418, 0.0], [0.960417916199225, 0.009895520950193764, 0.009895520950193764, 0.009895520950193764, 0.009895520950193764, 0.0], [0.0, 0.0, 0.0, 0.0, 0.0, 1.0], [0.02547655742944097, 0.025003674692931622, 0.009925020501436973, 0.009925020501436973, 0.9296697268747534, 0.0], [0.8997472506789278, 0.04936757311620301, 0.009949236611640704, 0.009949236611640704, 0.030986702981587892, 0.0], [0.9535503075306802, 0.010050383761571186, 0.01629854118460624, 0.010050383761571186, 0.010050383761571186, 0.0], [1.0, 0.0, 0.0, 0.0, 0.0, 0.0]], [[1.0, 0.0, 0.0, 0.0, 0.0, 0.0], [0.9600552239036205, 0.009986194024094902, 0.009986194024094902, 0.009986194024094902, 0.009986194024094902, 0.0], [0.9604173727035019, 0.00989565682412454, 0.00989565682412454, 0.00989565682412454, 0.00989565682412454, 0.0], [0.9158478355234599, 0.03452902411112427, 0.009934493508543467, 0.009934493508543467, 0.02975415334832879, 0.0], [0.8761197464156212, 0.06476478382645813, 0.009964652114922283, 0.009964652114922283, 0.039186165528075974, 0.0], [0.5646278435194763, 0.17743282487328363, 0.009965896701487512, 0.026614923730992546, 0.22135851117476, 0.0], [0.14451888594564755, 0.18752904079014773, 0.009928475264196728, 0.02812935611852216, 0.6298942418814858, 0.0], [0.1430486458943924, 0.1885487439206316, 0.009951902455432891, 0.028282311588094737, 0.6301683961414483, 0.0], [0.4491088168412314, 0.32063236437183135, 0.009977978601227091, 0.048094854655774705, 0.17218598552993541, 0.0], [0.8191745521043546, 0.10505960869771036, 0.009947446327508313, 0.015758941304656552, 0.05005945156577006, 0.0], [0.8543997216349023, 0.07970028086752354, 0.009959853937765856, 0.01195504213012853, 0.04398510142967964, 0.0], [0.8576053737848277, 0.0867622506056398, 0.009956236041721257, 0.01301433759084597, 0.03266180197696536, 0.0], [0.8372396642464655, 0.09883045335939164, 0.009950348517314887, 0.014824568003908746, 0.03915496587291929, 0.0], [0.13105293287528347, 0.11220910964821619, 0.009943740564437038, 0.016831366447232425, 0.7299628504648308, 0.0], [0.8549687964627338, 0.09256134542304856, 0.009953267518537536, 0.013884201813457283, 0.028632388782222837, 0.0], [0.0873599671115418, 0.09045516467443085, 0.009954433136391468, 0.013568274701164626, 0.7986621603764713, 0.0], [0.12160776257592547, 0.070408671935278, 0.009964374958326323, 0.0105613007902917, 0.7874578897401785, 0.0], [0.9283464270413281, 0.04187673217168119, 0.00992561359566359, 0.00992561359566359, 0.00992561359566359, 0.0], [0.8503102826165259, 0.09591202008822876, 0.009951590285089119, 0.014386803013234313, 0.02943930399692193, 0.0], [0.07101545363621903, 0.1361278095922168, 0.009931664711183022, 0.020419171438832515, 0.7625059006215485, 0.0], [0.5784422450684911, 0.011663208859629202, 0.1787006435710144, 0.011023826899460496, 0.2201700756014049, 0.0], [1.0, 0.0, 0.0, 0.0, 0.0, 0.0], [0.11621527684509811, 0.010244282029304726, 0.04864965621766992, 0.010244282029304726, 0.8146465028786225, 0.0], [0.898566472195227, 0.05630755399668882, 0.009956109389393446, 0.009956109389393446, 0.02521375502929734, 0.0], [0.8874127409507006, 0.05833783152890299, 0.00995825198931213, 0.00995825198931213, 0.034332923541772184, 0.0], [0.8940803230225683, 0.05647427775915772, 0.009956389417778128, 0.009956389417778128, 0.029532620382717725, 0.0], [0.035310357058172225, 0.047047488075827, 0.009947070091454617, 0.009947070091454617, 0.8977480146830915, 0.0], [0.8872062188251785, 0.06675595200942548, 0.009966035506874634, 0.010013392801413822, 0.026058400857107582, 0.0], [0.8703163728081635, 0.07755412271883445, 0.009960814236945005, 0.011633118407825167, 0.030535571828231797, 0.0], [0.8472632678261367, 0.09683632300518365, 0.009951266391348098, 0.014525448450777547, 0.031423694326554064, 0.0], [0.1327500808821601, 0.11639479397107956, 0.009941748946544643, 0.017459219095661935, 0.7234541571045539, 0.0], [0.8322581080989793, 0.10365475911841997, 0.00994803552673983, 0.015548213867762995, 0.03859088338809796, 0.0], [0.8730142982431773, 0.07369369297866177, 0.009962736468655378, 0.011054053946799265, 0.03227521836270632, 0.0], [0.027738128377191165, 0.0363853171524294, 0.009936370115473533, 0.009936370115473533, 0.9160038142394324, 0.0], [0.958443015915258, 0.0118624980391759, 0.00989816201518868, 0.00989816201518868, 0.00989816201518868, 0.0], [0.9604239048455099, 0.009894023788622508, 0.009894023788622508, 0.009894023788622508, 0.009894023788622508, 0.0], [0.0, 0.0, 0.0, 0.0, 0.0, 1.0], [0.0, 0.0, 0.0, 0.0, 0.0, 1.0], [0.9600360623873051, 0.00999098440317374, 0.00999098440317374, 0.00999098440317374, 0.00999098440317374, 0.0], [1.0, 0.0, 0.0, 0.0, 0.0, 0.0]], [[1.0, 0.0, 0.0, 0.0, 0.0, 0.0], [0.009995304853039589, 0.009995304853039589, 0.009995304853039589, 0.009995304853039589, 0.9600187805878417, 0.0], [0.010095384723350195, 0.009908571099246257, 0.009908571099246257, 0.009908571099246257, 0.960178901978911, 0.0], [0.9523677262156967, 0.01793635664283824, 0.009898639047155015, 0.009898639047155015, 0.009898639047155015, 0.0], [0.8954991588545214, 0.049581644970076756, 0.009949594634410612, 0.009949594634410612, 0.035020006906580574, 0.0], [0.8517324909352235, 0.08184464849004468, 0.00995879168620432, 0.0122766972735067, 0.044187371615020725, 0.0], [0.8029695020890233, 0.11445750122498317, 0.009942614403895805, 0.017168625183747475, 0.05546175709835046, 0.0], [0.8011640159343634, 0.1288499428094408, 0.009935457928369988, 0.01932749142141612, 0.04072309190640952, 0.0], [0.12063162984016262, 0.12353649837993891, 0.009948179930740774, 0.018530474756990836, 0.7273532170921669, 0.0], [0.8540343222266771, 0.08374326226177504, 0.009957842406579197, 0.012561489339266256, 0.039703083765702356, 0.0], [0.9270231026909388, 0.04315915536051524, 0.009939247316181997, 0.009939247316181997, 0.009939247316181997, 0.0], [0.03468659847473891, 0.048054979642882294, 0.00994797405743025, 0.00994797405743025, 0.8973624737675184, 0.0], [0.8685748638725121, 0.07851793044183783, 0.009960277065190107, 0.011777689566275675, 0.031169239054184106, 0.0], [0.12138925016641916, 0.08051611264716067, 0.009959355037763011, 0.0120774168970741, 0.7760578652515832, 0.0], [0.8628397861729483, 0.08068982762836355, 0.009959214851687576, 0.012103474144254531, 0.034407697202746036, 0.0], [0.5901879977405265, 0.15919740956139164, 0.009944865664754601, 0.023879611434208744, 0.21679011559911854, 0.0], [0.8774738682072158, 0.06903841307613713, 0.0099649672682182, 0.01035576196142057, 0.0331669894870081, 0.0], [0.8944691603958936, 0.05160437097936578, 0.009951620654585103, 0.009951620654585103, 0.03402322731557034, 0.0], [0.9319683024068514, 0.03829305507702909, 0.009912880838706502, 0.009912880838706502, 0.009912880838706502, 0.0], [0.11051463115843801, 0.010264810999590564, 0.05230971501090465, 0.010264810999590564, 0.8166460318314762, 0.0], [1.0, 0.0, 0.0, 0.0, 0.0, 0.0], [0.11628687349379213, 0.010242721901914728, 0.048385751909134356, 0.010242721901914728, 0.814841930793244, 0.0], [0.899666414934225, 0.05606588107146193, 0.009955899326022009, 0.009955899326022009, 0.024355905342269044, 0.0], [0.8716466730709687, 0.07177052486165912, 0.009963717776701572, 0.01076557872924887, 0.03585350556142176, 0.0], [0.6219308046808831, 0.11857283163214585, 0.009940713584183924, 0.01778592474482188, 0.23176972535796508, 0.0], [0.8700648379369236, 0.07179067300976441, 0.009963735386250101, 0.010768600951464662, 0.037412152715597356, 0.0], [0.8442238795434338, 0.09045822384623131, 0.00995437034968984, 0.013568733576934697, 0.041794792683710294, 0.0], [0.048247117329011, 0.07200351364444751, 0.009963595356924473, 0.010800527046667126, 0.8589852466229498, 0.0], [0.1091422408462355, 0.10944000978270213, 0.009945085452736825, 0.01641600146740532, 0.7550566624509202, 0.0], [0.18881911045749036, 0.14308994793115784, 0.009936801939663738, 0.021463492189673673, 0.6366906474820144, 0.0], [0.7876804803278429, 0.14676684085963435, 0.009927410772431977, 0.02201502612894515, 0.033610241911145707, 0.0], [0.5325241396916063, 0.21158565589259767, 0.009971988683787241, 0.031737848383889655, 0.2141803673481191, 0.0], [0.7944192085384709, 0.11468958974321257, 0.009942613463683253, 0.017203438461481885, 0.06374514979315127, 0.0], [0.8817780027338509, 0.06753310014414994, 0.009965743562241123, 0.010129965021622491, 0.03059318853813547, 0.0], [0.9486504922117306, 0.021652060024844957, 0.009899149254474859, 0.009899149254474859, 0.009899149254474859, 0.0], [0.9604197466131578, 0.009895063346710578, 0.009895063346710578, 0.009895063346710578, 0.009895063346710578, 0.0], [0.9604264741483393, 0.00989338146291519, 0.00989338146291519, 0.00989338146291519, 0.00989338146291519, 0.0], [0.9604197691734923, 0.009895057706626954, 0.009895057706626954, 0.009895057706626954, 0.009895057706626954, 0.0], [0.9600548966483421, 0.009986275837914484, 0.009986275837914484, 0.009986275837914484, 0.009986275837914484, 0.0], [1.0, 0.0, 0.0, 0.0, 0.0, 0.0]], [[1.0, 0.0, 0.0, 0.0, 0.0, 0.0], [0.9600593763940378, 0.009985155901490564, 0.009985155901490564, 0.009985155901490564, 0.009985155901490564, 0.0], [0.009904322323188617, 0.009904322323188617, 0.009904322323188617, 0.009904322323188617, 0.9603827107072456, 0.0], [0.9555758452019942, 0.01472824913390854, 0.009898635221365781, 0.009898635221365781, 0.009898635221365781, 0.0], [0.9424283117920209, 0.027807744624394427, 0.009921314527861547, 0.009921314527861547, 0.009921314527861547, 0.0], [0.8566226351134105, 0.06946500829213728, 0.009964854675233224, 0.010419751243820592, 0.05352775067539835, 0.0], [0.8543209386353259, 0.08113795636378074, 0.009959103452383315, 0.01217069345456711, 0.042411308093942945, 0.0], [0.8688341809102352, 0.07217279844167131, 0.00996357994557448, 0.010825919766250696, 0.03820352093626828, 0.0], [0.8562059281664508, 0.08280094926012672, 0.009958369025967148, 0.012420142389019008, 0.03861461115843635, 0.0], [0.9344580518345896, 0.03558994227836428, 0.009935574900938368, 0.009935574900938368, 0.010080856085169516, 0.0], [0.9429969632667163, 0.027305080786527665, 0.009899318648918692, 0.009899318648918692, 0.009899318648918692, 0.0], [0.02351174404717327, 0.027965770999948757, 0.009927947245401119, 0.009927947245401119, 0.9286665904620758, 0.0], [0.9456332460034829, 0.02466937546083492, 0.009899126178560784, 0.009899126178560784, 0.009899126178560784, 0.0], [0.9400722143702704, 0.030228539947762412, 0.009899748560655687, 0.009899748560655687, 0.009899748560655687, 0.0], [0.9010467163972378, 0.0467757573359188, 0.009946773778665981, 0.009946773778665981, 0.03228397870951146, 0.0], [0.884441651983121, 0.05878703672505069, 0.009958714296190736, 0.009958714296190736, 0.03685388269944682, 0.0], [0.897271420595607, 0.0535935600616118, 0.009953513971546115, 0.009953513971546115, 0.029227991399688766, 0.0], [0.940324083450693, 0.02997753256618876, 0.009899461327706097, 0.009899461327706097, 0.009899461327706097, 0.0], [0.9573003012592293, 0.010028644546219052, 0.012613765102113546, 0.010028644546219052, 0.010028644546219052, 0.0], [1.0, 0.0, 0.0, 0.0, 0.0, 0.0], [1.0, 0.0, 0.0, 0.0, 0.0, 0.0], [0.9531115748128145, 0.010052384214256584, 0.016731272544415712, 0.010052384214256584, 0.010052384214256584, 0.0], [0.92002474016108, 0.04735668621044481, 0.009947276881790593, 0.009947276881790593, 0.012724019864894045, 0.0], [0.8713113829264844, 0.07101516526371159, 0.009964172600819684, 0.01065227478955674, 0.037057004419427685, 0.0], [0.7923675057043748, 0.12029276136620647, 0.009939740435305707, 0.01804391420493097, 0.059356078289181956, 0.0], [0.8232256101037434, 0.09559270356706598, 0.009952010953032633, 0.014338905535059895, 0.056890769841098, 0.0], [0.8526084972375405, 0.08566813095859897, 0.00995693348620618, 0.012850219643789846, 0.03891621867386449, 0.0], [0.8560443946020145, 0.08821210436771965, 0.009955564516785205, 0.013231815655157946, 0.03255612085832263, 0.0], [0.8308308447465415, 0.10579265949479684, 0.009946932876771907, 0.015868898924219527, 0.03756066395767023, 0.0], [0.7892760895901323, 0.14088047117926242, 0.009929531969503427, 0.021132070676889363, 0.038781836584212415, 0.0], [0.19044132568809163, 0.17158023325680136, 0.009947833560807128, 0.025737034988520202, 0.6022935725057796, 0.0], [0.1400070003500175, 0.18383873739141504, 0.009943679002131925, 0.027575810608712253, 0.6386347726477233, 0.0], [0.7647526484208852, 0.147476795261662, 0.009937789438117387, 0.022121519289249297, 0.05571124759008607, 0.0], [0.8585642383117597, 0.08329428603579334, 0.009958003564765228, 0.012494142905369, 0.03568932918231287, 0.0], [0.9424798120950328, 0.027757076527776876, 0.0099210371257301, 0.0099210371257301, 0.0099210371257301, 0.0], [0.9600719542262582, 0.010234061764609564, 0.009897994669710765, 0.009897994669710765, 0.009897994669710765, 0.0], [0.960426964317916, 0.009893258920521014, 0.009893258920521014, 0.009893258920521014, 0.009893258920521014, 0.0], [0.009902441316868878, 0.009902441316868878, 0.009902441316868878, 0.009902441316868878, 0.9603902347325245, 0.0], [0.009995373404788527, 0.009995373404788527, 0.009995373404788527, 0.009995373404788527, 0.960018506380846, 0.0], [1.0, 0.0, 0.0, 0.0, 0.0, 0.0]], [[1.0, 0.0, 0.0, 0.0, 0.0, 0.0], [0.9600582219670158, 0.009985444508246061, 0.009985444508246061, 0.009985444508246061, 0.009985444508246061, 0.0], [0.9604228064882927, 0.00989429837792681, 0.00989429837792681, 0.00989429837792681, 0.00989429837792681, 0.0], [0.9570717204571397, 0.013233565005301233, 0.009898238179186374, 0.009898238179186374, 0.009898238179186374, 0.0], [0.9171660020707906, 0.03354570389904145, 0.009933595696672598, 0.009933595696672598, 0.029421102636822644, 0.0], [0.8844704142187819, 0.058451819877980836, 0.