{"prediction": [[[1.0, 0.0, 0.0, 0.0, 0.0, 0.0], [1.0, 0.0, 0.0, 0.0, 0.0, 0.0], [1.0, 0.0, 0.0, 0.0, 0.0, 0.0], [1.0, 0.0, 0.0, 0.0, 0.0, 0.0], [1.0, 0.0, 0.0, 0.0, 0.0, 0.0], [1.0, 0.0, 0.0, 0.0, 0.0, 0.0], [1.0, 0.0, 0.0, 0.0, 0.0, 0.0], [1.0, 0.0, 0.0, 0.0, 0.0, 0.0], [1.0, 0.0, 0.0, 0.0, 0.0, 0.0], [1.0, 0.0, 0.0, 0.0, 0.0, 0.0], [1.0, 0.0, 0.0, 0.0, 0.0, 0.0], [1.0, 0.0, 0.0, 0.0, 0.0, 0.0], [1.0, 0.0, 0.0, 0.0, 0.0, 0.0], [1.0, 0.0, 0.0, 0.0, 0.0, 0.0], [1.0, 0.0, 0.0, 0.0, 0.0, 0.0], [1.0, 0.0, 0.0, 0.0, 0.0, 0.0], [1.0, 0.0, 0.0, 0.0, 0.0, 0.0], [1.0, 0.0, 0.0, 0.0, 0.0, 0.0], [1.0, 0.0, 0.0, 0.0, 0.0, 0.0], [1.0, 0.0, 0.0, 0.0, 0.0, 0.0], [1.0, 0.0, 0.0, 0.0, 0.0, 0.0], [1.0, 0.0, 0.0, 0.0, 0.0, 0.0], [1.0, 0.0, 0.0, 0.0, 0.0, 0.0], [1.0, 0.0, 0.0, 0.0, 0.0, 0.0], [1.0, 0.0, 0.0, 0.0, 0.0, 0.0], [1.0, 0.0, 0.0, 0.0, 0.0, 0.0], [1.0, 0.0, 0.0, 0.0, 0.0, 0.0], [1.0, 0.0, 0.0, 0.0, 0.0, 0.0], [1.0, 0.0, 0.0, 0.0, 0.0, 0.0], [1.0, 0.0, 0.0, 0.0, 0.0, 0.0], [1.0, 0.0, 0.0, 0.0, 0.0, 0.0], [1.0, 0.0, 0.0, 0.0, 0.0, 0.0], [1.0, 0.0, 0.0, 0.0, 0.0, 0.0], [1.0, 0.0, 0.0, 0.0, 0.0, 0.0], [1.0, 0.0, 0.0, 0.0, 0.0, 0.0], [1.0, 0.0, 0.0, 0.0, 0.0, 0.0], [1.0, 0.0, 0.0, 0.0, 0.0, 0.0], [1.0, 0.0, 0.0, 0.0, 0.0, 0.0], [1.0, 0.0, 0.0, 0.0, 0.0, 0.0], [1.0, 0.0, 0.0, 0.0, 0.0, 0.0]], [[1.0, 0.0, 0.0, 0.0, 0.0, 0.0], [0.9600590509687713, 0.009985237257807174, 0.009985237257807174, 0.009985237257807174, 0.009985237257807174, 0.0], [0.9600540331918178, 0.009986491702045543, 0.009986491702045543, 0.009986491702045543, 0.009986491702045543, 0.0], [0.9598032943872965, 0.010014246635556931, 0.010153965706032645, 0.010014246635556931, 0.010014246635556931, 0.0], [0.018772060651255282, 0.010064330101913994, 0.016729405915983098, 0.010064330101913994, 0.9443698732289336, 0.0], [0.10274329842638834, 0.010171828198383576, 0.03583570255110281, 0.010171828198383576, 0.8410773426257417, 0.0], [0.9461095428300752, 0.010095809169003087, 0.022256788416484232, 0.010095809169003087, 0.011442050415434444, 0.0], [0.940791128841017, 0.010110901524790638, 0.02490318837369709, 0.010110901524790638, 0.014083879735704559, 0.0], [0.8998415529032743, 0.010209795317188367, 0.04249060171350087, 0.010209795317188367, 0.03724825474884816, 0.0], [0.08275316869628913, 0.010668598187074075, 0.05339040692731292, 0.010270467358177132, 0.8429173588311467, 0.0], [0.11861414878228889, 0.01020912992365304, 0.04238803331253024, 0.01020912992365304, 0.8185795580578747, 0.0], [0.9515169186423699, 0.01006125474405634, 0.018299317125461127, 0.01006125474405634, 0.01006125474405634, 0.0], [0.013506500892139927, 0.010029959156657244, 0.01071041825131096, 0.010029959156657244, 0.9557231625432346, 0.0], [0.9600551049184071, 0.009986223770398232, 0.009986223770398232, 0.009986223770398232, 0.009986223770398232, 0.0], [0.009995008081053974, 0.009995008081053974, 0.009995008081053974, 0.009995008081053974, 0.9600199676757841, 0.0], [1.0, 0.0, 0.0, 0.0, 0.0, 0.0], [1.0, 0.0, 0.0, 0.0, 0.0, 0.0], [1.0, 0.0, 0.0, 0.0, 0.0, 0.0], [1.0, 0.0, 0.0, 0.0, 0.0, 0.0], [0.95999034287497, 0.010002414281257496, 0.010002414281257496, 0.010002414281257496, 0.010002414281257496, 0.0], [0.9494225897126422, 0.010079767600929214, 0.02033810748457024, 0.010079767600929214, 0.010079767600929214, 0.0], [0.8908630691178726, 0.01023648254140306, 0.04724361392163253, 0.01023648254140306, 0.04142035187768872, 0.0], [0.09387980997722442, 0.012879412896283691, 0.06346382139998807, 0.01032122407915284, 0.819455731647351, 0.0], [0.13304351200378928, 0.010902176678088288, 0.05850136749430818, 0.010298758650651349, 0.7872541851731629, 0.0], [0.9446553422551116, 0.010103072967972897, 0.023545806203599143, 0.010103072967972897, 0.011592705605343456, 0.0], [0.9515529438787381, 0.010062094666450905, 0.018260772121909123, 0.010062094666450905, 0.010062094666450905, 0.0], [0.9484726579025087, 0.010083969892164141, 0.020184701835045456, 0.010083969892164141, 0.01117470047811754, 0.0], [0.9113761380612507, 0.01015699259176847, 0.03311896302495129, 0.01015699259176847, 0.03519091373026103, 0.0], [0.9038724877516285, 0.010167278681535883, 0.034938136438945465, 0.010167278681535883, 0.04085481844635423, 0.0], [0.9207367498209299, 0.010141820249791654, 0.030524921814779428, 0.010141820249791654, 0.02845468786470728, 0.0], [0.017272804972341647, 0.010068912330079527, 0.01757413491869458, 0.010068912330079527, 0.9450152354488047, 0.0], [0.012156317193302046, 0.01003479276345309, 0.011556210217710744, 0.01003479276345309, 0.956217887062081, 0.0], [0.010001740523944749, 0.010001740523944749, 0.010001740523944749, 0.010001740523944749, 0.959993037904221, 0.0], [1.0, 0.0, 0.0, 0.0, 0.0, 0.0], [1.0, 0.0, 0.0, 0.0, 0.0, 0.0], [0.9600598494843903, 0.009985037628902443, 0.009985037628902443, 0.009985037628902443, 0.009985037628902443, 0.0], [0.9600612374387204, 0.009984690640319921, 0.009984690640319921, 0.009984690640319921, 0.009984690640319921, 0.0], [0.9600612964428092, 0.009984675889297705, 0.009984675889297705, 0.009984675889297705, 0.009984675889297705, 0.0], [0.9600613849401052, 0.009984653764973718, 0.009984653764973718, 0.009984653764973718, 0.009984653764973718, 0.0], [1.0, 0.0, 0.0, 0.0, 0.0, 0.0]], [[1.0, 0.0, 0.0, 0.0, 0.0, 0.0], [0.9600580738332116, 0.009985481541697075, 0.009985481541697075, 0.009985481541697075, 0.009985481541697075, 0.0], [0.9604159889426572, 0.009896002764335712, 0.009896002764335712, 0.009896002764335712, 0.009896002764335712, 0.0], [0.9506566718899258, 0.01964604185195119, 0.009899095419374369, 0.009899095419374369, 0.009899095419374369, 0.0], [0.892047783394617, 0.059006512497302134, 0.009958834047153729, 0.009958834047153729, 0.029028036013773458, 0.0], [0.08748571413834606, 0.08462903775831843, 0.009957302607133796, 0.012694355663747764, 0.805233589832454, 0.0], [0.8730299224749588, 0.07297244947694809, 0.009963110908597295, 0.010945867421542214, 0.03308864971795364, 0.0], [0.8564672580076377, 0.08437338973564194, 0.009957408693672235, 0.01265600846034629, 0.03654593510270189, 0.0], [0.8379759136735011, 0.09868810689267182, 0.009950356350571742, 0.014803216033900772, 0.03858240704935457, 0.0], [0.5771818225244016, 0.17212553540435965, 0.009951753897106827, 0.025818830310653944, 0.2149220578634778, 0.0], [0.8607294709055817, 0.08187784841048622, 0.009958695939485802, 0.012281677261572933, 0.03515230748287331, 0.0], [0.8945673743081359, 0.05316320053159241, 0.009953101543099021, 0.009953101543099021, 0.03236322207407367, 0.0], [0.011171307676301133, 0.01789769363632752, 0.009917879087902063, 0.009917879087902063, 0.9510952405115672, 0.0], [0.9604209860817986, 0.00989475347955038, 0.00989475347955038, 0.00989475347955038, 0.00989475347955038, 0.0], [0.9604286099034282, 0.009892847524142974, 0.009892847524142974, 0.009892847524142974, 0.009892847524142974, 0.0], [0.009994431086230476, 0.009994431086230476, 0.009994431086230476, 0.009994431086230476, 0.9600222756550781, 0.0], [0.960061325943086, 0.009984668514228481, 0.009984668514228481, 0.009984668514228481, 0.009984668514228481, 0.0], [1.0, 0.0, 0.0, 0.0, 0.0, 0.0], [1.0, 0.0, 0.0, 0.0, 0.0, 0.0], [0.9599532000009416, 0.010011699999764586, 0.010011699999764586, 0.010011699999764586, 0.010011699999764586, 0.0], [0.8844032652083698, 0.05705827517473353, 0.009957045705700633, 0.009957045705700633, 0.03862436820549544, 0.0], [0.8403765344589739, 0.08933793379655823, 0.009955110519189079, 0.013400690069483735, 0.04692973115579485, 0.0], [0.525789805636124, 0.2310207017903955, 0.009963801509117376, 0.034653105268559324, 0.19857258579580384, 0.0], [0.10559733395032735, 0.11761282897382705, 0.009941084353740144, 0.017641924346074058, 0.7492068283760314, 0.0], [0.8670052764138724, 0.07237778385060527, 0.009963406252908657, 0.01085666757759079, 0.03979686590502296, 0.0], [0.9241407899598035, 0.044915544536204985, 0.00994490676316158, 0.00994490676316158, 0.011053851977668413, 0.0], [0.8778745117292234, 0.0668703561149336, 0.009966205346609691, 0.010030553417240037, 0.03525837339199336, 0.0], [0.7893553829464194, 0.1205606457394257, 0.009939648163153575, 0.01808409686091385, 0.06206022629008731, 0.0], [0.5973738005051762, 0.1341165089898666, 0.009952249108776092, 0.02011747634847999, 0.23843996504770112, 0.0], [0.870138247933228, 0.0708607496948224, 0.009964172646162702, 0.01062911245422336, 0.0384077172715634, 0.0], [0.9015569290502029, 0.0533782773550322, 0.009953199571866266, 0.009953199571866266, 0.0251583944510324, 0.0], [0.022105142459959554, 0.029867554339838398, 0.00992977972481659, 0.00992977972481659, 0.928167743750569, 0.0], [0.9489328224136648, 0.021370950381036997, 0.00989874240176604, 0.00989874240176604, 0.00989874240176604, 0.0], [0.9407025164252947, 0.010050921286571814, 0.014410593339380013, 0.010050921286571814, 0.024785047662181585, 0.0], [0.9600387431255908, 0.009990314218602317, 0.009990314218602317, 0.009990314218602317, 0.009990314218602317, 0.0], [1.0, 0.0, 0.0, 0.0, 0.0, 0.0], [0.9600590509687713, 0.009985237257807174, 0.009985237257807174, 0.009985237257807174, 0.009985237257807174, 0.0], [0.9604300956280374, 0.009892476092990661, 0.009892476092990661, 0.009892476092990661, 0.009892476092990661, 0.0], [0.9600611784299176, 0.009984705392520622, 0.009984705392520622, 0.009984705392520622, 0.009984705392520622, 0.0], [1.0, 0.0, 0.0, 0.0, 0.0, 0.0]], [[1.0, 0.0, 0.0, 0.0, 0.0, 0.0], [0.9600539438113603, 0.009986514047159924, 0.009986514047159924, 0.009986514047159924, 0.009986514047159924, 0.0], [0.009909221078545277, 0.010244421696507633, 0.009909221078545277, 0.009909221078545277, 0.9600279150678566, 0.0], [0.9138834310479897, 0.0394859872128579, 0.009939412701220592, 0.009939412701220592, 0.026751756336711226, 0.0], [0.8874164572316524, 0.05678529805839868, 0.00995675199987315, 0.00995675199987315, 0.03588474071020272, 0.0], [0.5937981655760752, 0.1542891507724414, 0.009956708232604637, 0.02314337261586621, 0.2188126028030125, 0.0], [0.8543576627311776, 0.0869760077615468, 0.009956192435707324, 0.013046401164232021, 0.03566373590733621, 0.0], [0.12782012720795805, 0.09667502701593966, 0.00995152534469795, 0.014501254052390949, 0.7510520663790134, 0.0], [0.20088935183068524, 0.1241593995185494, 0.009939112993799983, 0.018623909927782407, 0.6463882257291831, 0.0], [0.8321069697497424, 0.10002202192223779, 0.009949778499971505, 0.015003303288335667, 0.04291792653971263, 0.0], [0.8761129152182616, 0.06688612518032244, 0.009966191526274648, 0.010032918777048367, 0.03700184929809287, 0.0], [0.9445181379051384, 0.025784541236148165, 0.009899106952904487, 0.009899106952904487, 0.009899106952904487, 0.0], [0.012085549181110702, 0.013303929748962513, 0.009913294536427811, 0.009913294536427811, 0.9547839319970712, 0.0], [0.9604269420468557, 0.009893264488286067, 0.009893264488286067, 0.009893264488286067, 0.009893264488286067, 0.0], [0.9604292091071578, 0.009892697723210577, 0.009892697723210577, 0.009892697723210577, 0.009892697723210577, 0.0], [0.009902016444190068, 0.009902016444190068, 0.009902016444190068, 0.009902016444190068, 0.9603919342232397, 0.0], [0.009994324988965258, 0.009994324988965258, 0.009994324988965258, 0.009994324988965258, 0.960022700044139, 0.0], [1.0, 0.0, 0.0, 0.0, 0.0, 0.0], [1.0, 0.0, 0.0, 0.0, 0.0, 0.0], [1.0, 0.0, 0.0, 0.0, 0.0, 0.0], [0.9529410687258774, 0.010064972168721379, 0.016864014767958534, 0.010064972168721379, 0.010064972168721379, 0.0], [0.8694544810858287, 0.06850102940279539, 0.009965429628403768, 0.010275154410419308, 0.041803905472552805, 0.0], [0.8422435377963591, 0.08640178199453616, 0.009956568651271957, 0.012960267299180424, 0.04843784425865224, 0.0], [0.8504107807262695, 0.08817385735345583, 0.00995549668926696, 0.013226078603018375, 0.0382337866279894, 0.0], [0.9273111179497762, 0.04287012841471247, 0.00993958454517047, 0.00993958454517047, 0.00993958454517047, 0.0], [0.9188165347004472, 0.048045281292457644, 0.009948024820493095, 0.009948024820493095, 0.013242134366109, 0.0], [0.8300290092190146, 0.10416315054811735, 0.009947719867443156, 0.015624472582217603, 0.040235647783207214, 0.0], [0.1617141259587288, 0.15136696888987938, 0.009949189489278256, 0.022705045333481905, 0.6542646703286317, 0.0], [0.7675077324430543, 0.14052118306627281, 0.009942067572256462, 0.021078177459940922, 0.06095083945847545, 0.0], [0.8620220613786871, 0.0765893227692888, 0.009961377694377426, 0.011488398415393317, 0.03993883974225319, 0.0], [0.9283179946861837, 0.04155615967361824, 0.009941481658801807, 0.009941481658801807, 0.010242882322594304, 0.0], [0.02546322340721616, 0.035609034904355, 0.009935591862032755, 0.009935591862032755, 0.9190565579643633, 0.0], [0.9128751787270488, 0.04250752124487609, 0.009942376938455505, 0.009942376938455505, 0.024732546151164086, 0.0], [0.9123149488407133, 0.03774660655638025, 0.009937702305622744, 0.009937702305622744, 0.030063039991661003, 0.0], [0.9248329757480707, 0.02781437737190996, 0.009927820606530838, 0.009927820606530838, 0.027497005666957623, 0.0], [0.9600371906826568, 0.00999070232933583, 0.00999070232933583, 0.00999070232933583, 0.00999070232933583, 0.0], [1.0, 0.0, 0.0, 0.0, 0.0, 0.0], [0.009995609716954054, 0.009995609716954054, 0.009995609716954054, 0.009995609716954054, 0.9600175611321837, 0.0], [0.9600610013752199, 0.009984749656195018, 0.009984749656195018, 0.009984749656195018, 0.009984749656195018, 0.0], [1.0, 0.0, 0.0, 0.0, 0.0, 0.0]], [[1.0, 0.0, 0.0, 0.0, 0.0, 0.0], [0.009995480090027969, 0.009995480090027969, 0.009995480090027969, 0.009995480090027969, 0.9600180796398882, 0.0], [0.009907431357333771, 0.009907431357333771, 0.009907431357333771, 0.009907431357333771, 0.9603702745706649, 0.0], [0.953516882564595, 0.01678768194554186, 0.009898478496621066, 0.009898478496621066, 0.009898478496621066, 0.0], [0.905151365980859, 0.04212902830414351, 0.009942134366097498, 0.009942134366097498, 0.032835336982802416, 0.0], [0.8811051240402064, 0.060698881610221196, 0.009960603214463699, 0.009960603214463699, 0.03827478792064503, 0.0], [0.8780678654131068, 0.06371071205856302, 0.009963735735592602, 0.009963735735592602, 0.03829395105714501, 0.0], [0.8595162943762942, 0.08360211821137109, 0.009957839767303139, 0.012540317731705664, 0.034383429913326054, 0.0], [0.8435969205765534, 0.09366463891984034, 0.009952860095391085, 0.014049695837976049, 0.038735884570239056, 0.0], [0.8204542178763963, 0.10025876688466827, 0.00994964031919215, 0.01503881503270024, 0.05429855988704312, 0.0], [0.930797176149411, 0.036751608105023106, 0.00993675800655802, 0.00993675800655802, 0.012577699732449871, 0.0], [0.9500544801822952, 0.0202489246920166, 0.009898865041896084, 0.009898865041896084, 0.009898865041896084, 0.0], [0.009904853430621549, 0.009904853430621549, 0.009904853430621549, 0.009904853430621549, 0.9603805862775138, 0.0], [0.9604281211845004, 0.00989296970387489, 0.00989296970387489, 0.00989296970387489, 0.00989296970387489, 0.0], [0.9604298519760862, 0.009892537005978454, 0.009892537005978454, 0.009892537005978454, 0.009892537005978454, 0.0], [0.9604300070397206, 0.009892498240069844, 0.009892498240069844, 0.009892498240069844, 0.009892498240069844, 0.0], [0.960428587698265, 0.009892853075433776, 0.009892853075433776, 0.009892853075433776, 0.009892853075433776, 0.0], [0.9600556699282151, 0.009986082517946226, 0.009986082517946226, 0.009986082517946226, 0.009986082517946226, 0.0], [0.9600511975746888, 0.009987200606327773, 0.009987200606327773, 0.009987200606327773, 0.009987200606327773, 0.0], [0.014754002715448487, 0.01002421752858588, 0.01002421752858588, 0.01002421752858588, 0.9551733446987939, 0.0], [0.9391319732839246, 0.031158925262811284, 0.00990303381775469, 0.00990303381775469, 0.00990303381775469, 0.0], [0.9366144762315877, 0.033598484497248886, 0.009929013090387814, 0.009929013090387814, 0.009929013090387814, 0.0], [0.8800983520322, 0.06464369008954114, 0.009964530271059183, 0.009964530271059183, 0.03532889733614044, 0.0], [0.030885507049918333, 0.04108187406063993, 0.009941062627429886, 0.009941062627429886, 0.9081504936345819, 0.0], [0.031178073368715847, 0.034986534229577974, 0.00993495227781479, 0.00993495227781479, 0.9139654878460767, 0.0], [0.8653622272650285, 0.07871617078850637, 0.009960203610908486, 0.011807425618275956, 0.03415397271728063, 0.0], [0.12084574097913124, 0.12068644522565733, 0.009955984592118243, 0.0181029667838486, 0.7304088624192445, 0.0], [0.47528725659727833, 0.2768752705028711, 0.009972456076317212, 0.04153129057543066, 0.19633372624810272, 0.0], [0.7187687801228194, 0.1578425792894298, 0.009949733944114334, 0.02367638689341447, 0.08976251975022187, 0.0], [0.8394804562650546, 0.09114802367462542, 0.009954302707676915, 0.013672203551193812, 0.04574501380144922, 0.0], [0.9181857372815325, 0.05105975692233458, 0.009950917770456532, 0.009950917770456532, 0.010852670255219686, 0.0], [0.09234488768496173, 0.0562297099353922, 0.009956001191444856, 0.009956001191444856, 0.8315133999967563, 0.0], [0.8993234200802336, 0.05759516161071765, 0.009957374436216375, 0.009957374436216375, 0.02316666943661604, 0.0], [0.6579172213722256, 0.08579887535517715, 0.0099568819917738, 0.012869831303276574, 0.2334571899775469, 0.0], [0.911159392070662, 0.03785636225833244, 0.00993783815486866, 0.00993783815486866, 0.031108569361268188, 0.0], [0.9265046168590226, 0.027702730393717668, 0.009927665530710231, 0.009927665530710231, 0.02593732168583921, 0.0], [0.9600327286109133, 0.009991817847271704, 0.009991817847271704, 0.009991817847271704, 0.009991817847271704, 0.0], [1.0, 0.0, 0.0, 0.0, 0.0, 0.0], [0.9600570657365239, 0.00998573356586902, 0.00998573356586902, 0.00998573356586902, 0.00998573356586902, 0.0], [1.0, 0.0, 0.0, 0.0, 0.0, 0.0]], [[1.0, 0.0, 0.0, 0.0, 0.0, 0.0], [0.9600593468158388, 0.009985163296040317, 0.009985163296040317, 0.009985163296040317, 0.009985163296040317, 0.0], [0.9604263403906862, 0.009893414902328479, 0.009893414902328479, 0.009893414902328479, 0.009893414902328479, 0.0], [0.01369339832818734, 0.010903638554008572, 0.009910916290703972, 0.009910916290703972, 0.9555811305363963, 0.0], [0.9513226493416136, 0.018980617440072962, 0.00989891107277118, 0.00989891107277118, 0.00989891107277118, 0.0], [0.903088934215099, 0.04321321272642952, 0.009943190242116554, 0.009943190242116554, 0.03381147257423836, 0.0], [0.8913654102825042, 0.059165454032444706, 0.009959055762152497, 0.009959055762152497, 0.029551024160746155, 0.0], [0.8714325209814321, 0.06933564889110629, 0.009964988575804858, 0.010400347333665943, 0.03886649421799081, 0.0], [0.5883711852660256, 0.16218842854070242, 0.009957541044984187, 0.024328264281105363, 0.21515458086718237, 0.0], [0.08504106285462698, 0.08753993736947842, 0.00995583338456687, 0.013130990605421763, 0.8043321757859059, 0.0], [0.8945302909099548, 0.05684743265826593, 0.009956715956882281, 0.009956715956882281, 0.028708844518014552, 0.0], [0.9568227817400953, 0.013482697952249396, 0.009898173435885088, 0.009898173435885088, 0.009898173435885088, 0.0], [0.9604208735163349, 0.009894781620916289, 0.009894781620916289, 0.009894781620916289, 0.009894781620916289, 0.0], [0.9604293421756863, 0.009892664456078398, 0.009892664456078398, 0.009892664456078398, 0.009892664456078398, 0.0], [0.009902211499675143, 0.009902211499675143, 0.009902211499675143, 0.009902211499675143, 0.9603911540012994, 0.0], [0.9604280322802674, 0.00989299192993316, 0.00989299192993316, 0.00989299192993316, 0.00989299192993316, 0.0], [0.009904427222726461, 0.009904427222726461, 0.009904427222726461, 0.009904427222726461, 0.9603822911090941, 0.0], [0.00991236168974628, 0.013335368008039715, 0.00991236168974628, 0.00991236168974628, 0.9569275469227213, 0.0], [0.02020299878663861, 0.024712245104514093, 0.009924673926356329, 0.009924673926356329, 0.9352354082561347, 0.0], [0.9420851599836023, 0.028217876495057557, 0.00989898784044672, 0.00989898784044672, 0.00989898784044672, 0.0], [0.12864956276023987, 0.06887119339741854, 0.009965179248746113, 0.010330679009612782, 0.7821833855839826, 0.0], [0.9365945544949503, 0.03363417563266042, 0.009923756624129712, 0.009923756624129712, 0.009923756624129712, 0.0], [0.945462720220027, 0.02483871050148846, 0.009899523092828195, 0.009899523092828195, 0.009899523092828195, 0.0], [0.9554336785242084, 0.01487094327116198, 0.009898459401543217, 0.009898459401543217, 0.009898459401543217, 0.0], [0.0, 0.0, 0.0, 0.0, 0.0, 1.0], [0.9353355067019218, 0.03391528916238712, 0.009933942176603506, 0.009933942176603506, 0.010881319782484156, 0.0], [0.8329237133712865, 0.10353206604364712, 0.009948055223722009, 0.015529809906547067, 0.038066355454797314, 0.0], [0.7485178677206275, 0.14505234129611283, 0.009955548476054418, 0.021757851194416925, 0.07471639131278841, 0.0], [0.7542770052954583, 0.1440706883498922, 0.009948259104398026, 0.02161060325248383, 0.0700934439977676, 0.0], [0.8436380285607389, 0.09778004192103563, 0.00995079059200866, 0.014667006288155345, 0.033964132638061494, 0.0], [0.038744197274846355, 0.056335408397082516, 0.009956150591848284, 0.009956150591848284, 0.8850080931443746, 0.0], [0.026840053411706283, 0.04022060945077751, 0.009940095369025077, 0.009940095369025077, 0.913059146399466, 0.0], [0.09080531854070513, 0.05513603981981376, 0.009954953440018042, 0.009954953440018042, 0.834148734759445, 0.0], [0.9067193600865534, 0.04772935596609041, 0.009947636111706465, 0.009947636111706465, 0.025656011723943207, 0.0], [0.9101825974462034, 0.0396993906834813, 0.009939660876349237, 0.009939660876349237, 0.03023869011761685, 0.0], [0.9442910016925153, 0.025969084591735497, 0.009913304571916363, 0.009913304571916363, 0.009913304571916363, 0.0], [0.9094750727173275, 0.03755827753236983, 0.009937541097878609, 0.009937541097878609, 0.033091567554545405, 0.0], [0.959678086156051, 0.010015709836562577, 0.010274784334261223, 0.010015709836562577, 0.010015709836562577, 0.0], [1.0, 0.0, 0.0, 0.0, 0.0, 0.0], [1.0, 0.0, 0.0, 0.0, 0.0, 0.0]], [[1.0, 0.0, 0.0, 0.0, 0.0, 0.0], [0.9600610013752199, 0.009984749656195018, 0.009984749656195018, 0.009984749656195018, 0.009984749656195018, 0.0], [0.9604273205335421, 0.009893169866614484, 0.009893169866614484, 0.009893169866614484, 0.009893169866614484, 0.0], [0.9604224698235841, 0.009894382544103995, 0.009894382544103995, 0.009894382544103995, 0.009894382544103995, 0.0], [0.9579904795151644, 0.012314004776270168, 0.009898505236188475, 0.009898505236188475, 0.009898505236188475, 0.0], [0.9484133288613509, 0.02188917721407262, 0.009899164641525496, 0.009899164641525496, 0.009899164641525496, 0.0], [0.032096949368542856, 0.03122839723310873, 0.009931301474051413, 0.009931301474051413, 0.9168120504502456, 0.0], [0.8961276455942716, 0.054129046814203774, 0.009954005153639412, 0.009954005153639412, 0.02983529728424577, 0.0], [0.8799807405679945, 0.06641251831351468, 0.00996624046844523, 0.00996624046844523, 0.03367426018160026, 0.0], [0.11324482710833735, 0.07250285937240715, 0.009963244995627426, 0.010875428905861073, 0.793413639617767, 0.0], [0.019187929019634727, 0.027737786508876486, 0.009927684753752285, 0.009927684753752285, 0.9332189149639842, 0.0], [0.0135591515036706, 0.013323340173171978, 0.009913311824719865, 0.009913311824719865, 0.9532908846737176, 0.0], [0.9604262512010389, 0.009893437199740281, 0.009893437199740281, 0.009893437199740281, 0.009893437199740281, 0.0], [0.009902631193480994, 0.009902631193480994, 0.009902631193480994, 0.009902631193480994, 0.960389475226076, 0.0], [0.9604283878118048, 0.009892903047048773, 0.009892903047048773, 0.009892903047048773, 0.009892903047048773, 0.0], [0.9604240168011905, 0.009893995799702363, 0.009893995799702363, 0.009893995799702363, 0.009893995799702363, 0.0], [0.9558154279648464, 0.014490325708587652, 0.009898082108855306, 0.009898082108855306, 0.009898082108855306, 0.0], [0.021162923347221047, 0.03542274961007363, 0.009935331786513636, 0.009935331786513636, 0.9235436634696781, 0.0], [0.02955406377272747, 0.051299528756005214, 0.009951120148438498, 0.009951120148438498, 0.8992441671743904, 0.0], [0.8637337513297858, 0.08082322299456386, 0.009959142234793843, 0.012123483449184578, 0.0333603999916718, 0.0], [0.08962378052034968, 0.0996437072776613, 0.009949886477206056, 0.014946556091649193, 0.7858360696331338, 0.0], [0.8738487176562197, 0.07282899272404439, 0.009963149045495803, 0.010924348908606659, 0.032434791665633386, 0.0], [0.9460402522066511, 0.024251395388736708, 0.009902784134870776, 0.009902784134870776, 0.009902784134870776, 0.0], [0.9597073958090383, 0.010597923938914582, 0.009898226750682377, 0.009898226750682377, 0.009898226750682377, 0.0], [0.0, 0.0, 0.0, 0.0, 0.0, 1.0], [0.9414244458790111, 0.028855243452102074, 0.009906770222962323, 0.009906770222962323, 0.009906770222962323, 0.0], [0.13134902461775966, 0.07957235570929172, 0.009959955534848422, 0.011935853356393756, 0.7671828107817065, 0.0], [0.7716917881353828, 0.13816393931116686, 0.009932705917409551, 0.020724590896675027, 0.0594869757393658, 0.0], [0.5383026897212305, 0.2051492419912739, 0.009956767714583281, 0.030772386298691085, 0.2158189142742213, 0.0], [0.09539866144249204, 0.10904971782195014, 0.009945231088772937, 0.01635745767329252, 0.7692489319734924, 0.0], [0.1144542255512065, 0.06910106909253809, 0.009964997124260706, 0.010365160363880714, 0.796114547868114, 0.0], [0.9428999453527885, 0.02740212181931245, 0.00989931094263299, 0.00989931094263299, 0.00989931094263299, 0.0], [0.021002103756697123, 0.027976535961078724, 0.009927926926864212, 0.009927926926864212, 0.9311655064284957, 0.0], [0.9209583745285977, 0.0362518328192559, 0.009936199142349125, 0.009936199142349125, 0.02291739436744794, 0.0], [0.9428592445561079, 0.027417618317643923, 0.009907712375416034, 0.009907712375416034, 0.009907712375416034, 0.0], [0.8950452322980382, 0.048122414236791575, 0.00994813627095829, 0.00994813627095829, 0.03693608092325356, 0.0], [0.8881133286324345, 0.055143126520199336, 0.009955077366757251, 0.009955077366757251, 0.03683339011385154, 0.0], [0.8964433031901364, 0.05500780711307715, 0.009954810918327749, 0.009954810918327749, 0.028639267860131032, 0.0], [0.016962833383014443, 0.010041324391525155, 0.012699362775428318, 0.010041324391525155, 0.950255155058507, 0.0], [1.0, 0.0, 0.0, 0.0, 0.0, 0.0]], [[1.0, 0.0, 0.0, 0.0, 0.0, 0.0], [0.9600599677096948, 0.009985008072576306, 0.009985008072576306, 0.009985008072576306, 0.009985008072576306, 0.0], [0.009903410584251945, 0.009903410584251945, 0.009903410584251945, 0.009903410584251945, 0.9603863576629922, 0.0], [0.9588368580797009, 0.011468827123230009, 0.009898104932356351, 0.009898104932356351, 0.009898104932356351, 0.0], [0.9514159184298202, 0.01888778541596775, 0.009898765384737338, 0.009898765384737338, 0.009898765384737338, 0.0], [0.09953717679025852, 0.03281076808765111, 0.009932804020473288, 0.009932804020473288, 0.8477864470811438, 0.0], [0.9461893060847125, 0.02411347684576903, 0.00989907235650619, 0.00989907235650619, 0.00989907235650619, 0.0], [0.9494040984713148, 0.020898153584357114, 0.009899249314776032, 0.009899249314776032, 0.009899249314776032, 0.0], [0.9144207503990204, 0.03635891340143754, 0.009936326502252792, 0.009936326502252792, 0.029347683195036556, 0.0], [0.9495356357729281, 0.02076803359214753, 0.00989877687830813, 0.00989877687830813, 0.00989877687830813, 0.0], [0.016160361111329555, 0.015432948263252675, 0.009915423511556035, 0.009915423511556035, 0.9485758436023057, 0.0], [0.9604231877961572, 0.009894203050960695, 0.009894203050960695, 0.009894203050960695, 0.009894203050960695, 0.0], [0.9604222003454873, 0.009894449913628173, 0.009894449913628173, 0.009894449913628173, 0.009894449913628173, 0.0], [0.9604271647173039, 0.009893208820674033, 0.009893208820674033, 0.009893208820674033, 0.009893208820674033, 0.0], [0.960424397282325, 0.009893900679418772, 0.009893900679418772, 0.009893900679418772, 0.009893900679418772, 0.0], [0.01742476865964589, 0.01657909704298136, 0.009916581378389668, 0.009916581378389668, 0.9461629715405935, 0.0], [0.022923734982684893, 0.03620056255871496, 0.0099361173505844, 0.0099361173505844, 0.9210034677574315, 0.0], [0.10096694427456986, 0.08465766161746073, 0.00995718367422971, 0.01269864924261911, 0.7917195611911206, 0.0], [0.11936132673196297, 0.11515999827983345, 0.009942087065397839, 0.017273999741975018, 0.7382625881808307, 0.0], [0.8371644861210752, 0.10123406788196472, 0.009949063634457746, 0.015185110182294707, 0.03646727218020775, 0.0], [0.5309173796439828, 0.235352251308066, 0.009962421745177192, 0.0353028376962099, 0.18846510960656404, 0.0], [0.100777128360496, 0.08333187625077292, 0.009958099604044438, 0.012499781437615936, 0.7934331143470708, 0.0], [0.8948244369376055, 0.051254954810544665, 0.009951179160804008, 0.009951179160804008, 0.0340182499302418, 0.0], [0.9604128915047737, 0.00989677712380658, 0.00989677712380658, 0.00989677712380658, 0.00989677712380658, 0.0], [0.0, 0.0, 0.0, 0.0, 0.0, 1.0], [0.9582418165875582, 0.012063423154432897, 0.009898253419336303, 0.009898253419336303, 0.009898253419336303, 0.0], [0.9315512911987197, 0.03867091875953469, 0.009925930013915224, 0.009925930013915224, 0.009925930013915224, 0.0], [0.8860108128867519, 0.05848020500604838, 0.00995849651122332, 0.00995849651122332, 0.035591989084753056, 0.0], [0.8588874017410744, 0.08236205645551814, 0.009958465708012022, 0.01235430846832772, 0.03643776762706779, 0.0], [0.8850887706320432, 0.0610365021285439, 0.009960966780120265, 0.009960966780120265, 0.03395279367917247, 0.0], [0.9454745443117536, 0.02482715273412948, 0.009899434318038969, 0.009899434318038969, 0.009899434318038969, 0.0], [0.9576051229386665, 0.01270043669212737, 0.009898146789735395, 0.009898146789735395, 0.009898146789735395, 0.0], [0.015926059043602798, 0.01685016370415753, 0.00991682271582956, 0.00991682271582956, 0.9473901318205806, 0.0], [0.9512935139185278, 0.01901061484670345, 0.009898623744922924, 0.009898623744922924, 0.009898623744922924, 0.0], [0.11692272373741072, 0.05278146652127189, 0.009952680732488802, 0.009952680732488802, 0.8103904482763397, 0.0], [0.8862437743287852, 0.0621873287717398, 0.009962065134734587, 0.009962065134734587, 0.0316447666300058, 0.0], [0.6024260732680898, 0.14375624166740514, 0.009956797455839116, 0.021563436250110767, 0.22229745135855522, 0.0], [0.09355628599406433, 0.06376672611347659, 0.009963724611892245, 0.009963724611892245, 0.8227495386686746, 0.0], [0.9247036444308152, 0.010118494312464662, 0.02643002941993847, 0.010118494312464662, 0.028629337524316966, 0.0], [1.0, 0.0, 0.0, 0.0, 0.0, 0.0]], [[1.0, 0.0, 0.0, 0.0, 0.0, 0.0], [0.9600594946950051, 0.009985126326248726, 0.009985126326248726, 0.009985126326248726, 0.009985126326248726, 0.0], [0.9600478105437441, 0.009988047364063956, 0.009988047364063956, 0.009988047364063956, 0.009988047364063956, 0.0], [0.016644120375944645, 0.0192017275259125, 0.009919187483621477, 0.009919187483621477, 0.9443157771309, 0.0], [0.09368990026036388, 0.04382205794548441, 0.009943734690434107, 0.009943734690434107, 0.8426005724132836, 0.0], [0.9053957026637314, 0.051288745947635245, 0.009951163936079942, 0.009951163936079942, 0.02341322351647352, 0.0], [0.9219655401528788, 0.030047377853662956, 0.00993002746456519, 0.00993002746456519, 0.028127027064327806, 0.0], [0.9539116664753974, 0.016391715388119392, 0.009898872712161087, 0.009898872712161087, 0.009898872712161087, 0.0], [0.9588355640187938, 0.01146913795653568, 0.00989843267489019, 0.00989843267489019, 0.00989843267489019, 0.0], [0.9604147611204691, 0.009896309719882762, 0.009896309719882762, 0.009896309719882762, 0.009896309719882762, 0.0], [0.960421818361997, 0.009894545409500747, 0.009894545409500747, 0.009894545409500747, 0.009894545409500747, 0.0], [0.9594291299213628, 0.010876908868267381, 0.009897987070123317, 0.009897987070123317, 0.009897987070123317, 0.0], [0.9604149886975637, 0.009896252825609094, 0.009896252825609094, 0.009896252825609094, 0.009896252825609094, 0.0], [0.9604206708413416, 0.00989483228966458, 0.00989483228966458, 0.00989483228966458, 0.00989483228966458, 0.0], [0.9604141234138288, 0.009896469146542812, 0.009896469146542812, 0.009896469146542812, 0.009896469146542812, 0.0], [0.948324774324186, 0.021978963998143825, 0.009898753892556726, 0.009898753892556726, 0.009898753892556726, 0.0], [0.8918107353043654, 0.057608977973177565, 0.009957444584518508, 0.009957444584518508, 0.030665397553419946, 0.0], [0.8561467392510534, 0.09281776013544578, 0.00995313931700079, 0.013922664020316866, 0.02715969727618317, 0.0], [0.11077440750267566, 0.10077972411897561, 0.009949271032611421, 0.01511695861784634, 0.7633796387278909, 0.0], [0.8435831052651297, 0.09835658086201357, 0.009950427252503466, 0.014753487129302034, 0.03335639949105127, 0.0], [0.8493205316580092, 0.08433026161447764, 0.009957564758133423, 0.012649539242171645, 0.04374210272720808, 0.0], [0.8737982820579862, 0.07453282685370177, 0.009962224146772579, 0.011179924028055267, 0.03052674291348424, 0.0], [0.9481152942978152, 0.02218809907133111, 0.009898868876951225, 0.009898868876951225, 0.009898868876951225, 0.0], [0.9604144651323726, 0.009896383716906848, 0.009896383716906848, 0.009896383716906848, 0.009896383716906848, 0.0], [0.960426964317916, 0.009893258920521014, 0.009893258920521014, 0.009893258920521014, 0.009893258920521014, 0.0], [0.0, 0.0, 0.0, 0.0, 0.0, 1.0], [0.01705221320812905, 0.015026402411776923, 0.009915065423854688, 0.009915065423854688, 0.9480912535323847, 0.0], [0.0, 0.0, 0.0, 0.0, 0.0, 1.0], [0.10245064468316482, 0.03724222048105029, 0.009937179656708435, 0.009937179656708435, 0.8404327755223681, 0.0], [0.9486561914142495, 0.021646002878153024, 0.00989926856919921, 0.00989926856919921, 0.00989926856919921, 0.0], [0.9569213461764273, 0.013383378703312767, 0.00989842504008664, 0.00989842504008664, 0.00989842504008664, 0.0], [0.9604225596207053, 0.00989436009482369, 0.00989436009482369, 0.00989436009482369, 0.00989436009482369, 0.0], [0.009904608061701639, 0.009904608061701639, 0.009904608061701639, 0.009904608061701639, 0.9603815677531935, 0.0], [0.9579997031726012, 0.012306050500832853, 0.009898082108855306, 0.009898082108855306, 0.009898082108855306, 0.0], [0.01657711350322053, 0.022857516362516664, 0.009922839639855319, 0.009922839639855319, 0.9407196908545522, 0.0], [0.9015553420444292, 0.04764477510124762, 0.009947501821014528, 0.009947501821014528, 0.030904879212294137, 0.0], [0.8892977432112432, 0.052934625144065724, 0.009952857697712012, 0.009952857697712012, 0.03786191624926705, 0.0], [0.8945595431234286, 0.056487868274963854, 0.009956358023395836, 0.009956358023395836, 0.029039872554815802, 0.0], [0.958060295052844, 0.01002473164021673, 0.01186551002650579, 0.01002473164021673, 0.01002473164021673, 0.0], [1.0, 0.0, 0.0, 0.0, 0.0, 0.0]], [[1.0, 0.0, 0.0, 0.0, 0.0, 0.0], [1.0, 0.0, 0.0, 0.0, 0.0, 0.0], [1.0, 0.0, 0.0, 0.0, 0.0, 0.0], [0.9380395295391741, 0.010066586554779978, 0.017194281646874907, 0.010066586554779978, 0.024633015704391113, 0.0], [0.9066479738184086, 0.0507341518575029, 0.009950618758858698, 0.009950618758858698, 0.02271663680637118, 0.0], [0.6569138227165422, 0.08609659274522918, 0.009956756932942042, 0.012914488911784377, 0.2341183386935021, 0.0], [0.9142354273627384, 0.03581251997805867, 0.00993575450961512, 0.00993575450961512, 0.030080543639972698, 0.0], [0.9347351275311887, 0.020715006407474416, 0.009920755254956046, 0.009920755254956046, 0.024708355551424803, 0.0], [0.9604150114502032, 0.009896247137449174, 0.009896247137449174, 0.009896247137449174, 0.009896247137449174, 0.0], [0.9604193177938484, 0.009895170551537914, 0.009895170551537914, 0.009895170551537914, 0.009895170551537914, 0.0], [0.9559763376993353, 0.01432811220573371, 0.009898516698310359, 0.009898516698310359, 0.009898516698310359, 0.0], [0.021136360054840285, 0.024032021683974975, 0.009924043052775895, 0.009924043052775895, 0.9349835321556328, 0.0], [0.904496449734318, 0.043387523922437735, 0.009943353090634658, 0.009943353090634658, 0.03222932016197482, 0.0], [0.9562954322503093, 0.014008501360350699, 0.009898688796446694, 0.009898688796446694, 0.009898688796446694, 0.0], [0.9529814790249042, 0.017321592011062308, 0.009898976321344533, 0.009898976321344533, 0.009898976321344533, 0.0], [0.11702663408394294, 0.041841814618427155, 0.009941828611816271, 0.009941828611816271, 0.8212478940739973, 0.0], [0.8823920134035235, 0.06557019500540305, 0.009965400668193401, 0.009965400668193401, 0.032106990254686774, 0.0], [0.5871711901037625, 0.16095714575696426, 0.00995036756657791, 0.02414357186354464, 0.2177777247091508, 0.0], [0.08211414679415743, 0.11037124874578129, 0.00994451693244867, 0.016555687311867195, 0.7810144002157455, 0.0], [0.11584848138787791, 0.07894697643010712, 0.009960228598666344, 0.011842046464516066, 0.7834022671188327, 0.0], [0.8743514965220733, 0.0745850906784109, 0.009962267085242426, 0.011187763601761633, 0.029913382112511606, 0.0], [0.02524274448584079, 0.031868964913373994, 0.009931836701530576, 0.009931836701530576, 0.923024617197724, 0.0], [0.016934724406537236, 0.018744241997015083, 0.00991871332284862, 0.00991871332284862, 0.9444836069507504, 0.0], [0.9604254478499958, 0.009893638037501023, 0.009893638037501023, 0.009893638037501023, 0.009893638037501023, 0.0], [0.009903468485185873, 0.009903468485185873, 0.009903468485185873, 0.009903468485185873, 0.9603861260592566, 0.0], [0.9604262734997918, 0.009893431625052053, 0.009893431625052053, 0.009893431625052053, 0.009893431625052053, 0.0], [0.00990645853286607, 0.00990645853286607, 0.00990645853286607, 0.00990645853286607, 0.9603741658685357, 0.0], [0.0, 0.0, 0.0, 0.0, 0.0, 1.0], [0.0, 0.0, 0.0, 0.0, 0.0, 1.0], [0.9604174180149482, 0.009895645496262949, 0.009895645496262949, 0.009895645496262949, 0.009895645496262949, 0.0], [0.9604260504720182, 0.009893487381995435, 0.009893487381995435, 0.009893487381995435, 0.009893487381995435, 0.0], [0.00990279249800602, 0.00990279249800602, 0.00990279249800602, 0.00990279249800602, 0.960388830007976, 0.0], [0.9604274540555447, 0.009893136486113828, 0.009893136486113828, 0.009893136486113828, 0.009893136486113828, 0.0], [0.9604256041480201, 0.00989359896299497, 0.00989359896299497, 0.00989359896299497, 0.00989359896299497, 0.0], [0.015365202571136764, 0.012928776587989757, 0.009912913489979806, 0.009912913489979806, 0.9518801938609139, 0.0], [0.9536495249541063, 0.01665490202441116, 0.009898524340494225, 0.009898524340494225, 0.009898524340494225, 0.0], [0.9116088403792344, 0.039279871651539, 0.009939189231867308, 0.009939189231867308, 0.02923290950549208, 0.0], [0.01963855611353368, 0.01963855611353368, 0.009919635407647624, 0.009919635407647624, 0.9408836169576373, 0.0], [0.9599671282499631, 0.010008217937509205, 0.010008217937509205, 0.010008217937509205, 0.010008217937509205, 0.0], [1.0, 0.0, 0.0, 0.0, 0.0, 0.0]], [[1.0, 0.0, 0.0, 0.0, 0.0, 0.0], [1.0, 0.0, 0.0, 0.0, 0.0, 0.0], [1.0, 0.0, 0.0, 0.0, 0.0, 0.0], [0.9600190344553383, 0.009995241386165426, 0.009995241386165426, 0.009995241386165426, 0.009995241386165426, 0.0], [0.09679122773505763, 0.03549998342413224, 0.009935456728302584, 0.009935456728302584, 0.847837875384205, 0.0], [0.9098676387307577, 0.04467632486742335, 0.009944582388003905, 0.009944582388003905, 0.02556687162581118, 0.0], [0.9238067381324242, 0.029131349668438725, 0.00992909926182185, 0.00992909926182185, 0.027203713675493322, 0.0], [0.9583801426652652, 0.011924284313252122, 0.009898524340494225, 0.009898524340494225, 0.009898524340494225, 0.0], [0.9586527215860915, 0.011652563876349315, 0.009898238179186374, 0.009898238179186374, 0.009898238179186374, 0.0], [0.9563058116777126, 0.013999290858794993, 0.009898299154497503, 0.009898299154497503, 0.009898299154497503, 0.0], [0.9465234383590478, 0.023778443809829, 0.009899372610374392, 0.009899372610374392, 0.009899372610374392, 0.0], [0.8849599617554593, 0.06425621939554756, 0.0099640743913398, 0.0099640743913398, 0.03085567006631353, 0.0], [0.884576901738221, 0.05817732464414473, 0.00995815753562915, 0.00995815753562915, 0.0373294585463759, 0.0], [0.0, 0.0, 0.0, 0.0, 0.0, 1.0], [0.9502666633699233, 0.02003556558