{"prediction": [[[1.0, 0.0, 0.0, 0.0, 0.0, 0.0], [1.0, 0.0, 0.0, 0.0, 0.0, 0.0], [1.0, 0.0, 0.0, 0.0, 0.0, 0.0], [1.0, 0.0, 0.0, 0.0, 0.0, 0.0], [1.0, 0.0, 0.0, 0.0, 0.0, 0.0], [1.0, 0.0, 0.0, 0.0, 0.0, 0.0], [1.0, 0.0, 0.0, 0.0, 0.0, 0.0], [1.0, 0.0, 0.0, 0.0, 0.0, 0.0], [1.0, 0.0, 0.0, 0.0, 0.0, 0.0], [1.0, 0.0, 0.0, 0.0, 0.0, 0.0], [1.0, 0.0, 0.0, 0.0, 0.0, 0.0], [1.0, 0.0, 0.0, 0.0, 0.0, 0.0], [1.0, 0.0, 0.0, 0.0, 0.0, 0.0], [1.0, 0.0, 0.0, 0.0, 0.0, 0.0], [1.0, 0.0, 0.0, 0.0, 0.0, 0.0], [1.0, 0.0, 0.0, 0.0, 0.0, 0.0], [1.0, 0.0, 0.0, 0.0, 0.0, 0.0], [1.0, 0.0, 0.0, 0.0, 0.0, 0.0], [1.0, 0.0, 0.0, 0.0, 0.0, 0.0], [1.0, 0.0, 0.0, 0.0, 0.0, 0.0], [1.0, 0.0, 0.0, 0.0, 0.0, 0.0], [1.0, 0.0, 0.0, 0.0, 0.0, 0.0], [1.0, 0.0, 0.0, 0.0, 0.0, 0.0], [1.0, 0.0, 0.0, 0.0, 0.0, 0.0], [1.0, 0.0, 0.0, 0.0, 0.0, 0.0], [1.0, 0.0, 0.0, 0.0, 0.0, 0.0], [1.0, 0.0, 0.0, 0.0, 0.0, 0.0], [1.0, 0.0, 0.0, 0.0, 0.0, 0.0], [1.0, 0.0, 0.0, 0.0, 0.0, 0.0], [1.0, 0.0, 0.0, 0.0, 0.0, 0.0], [1.0, 0.0, 0.0, 0.0, 0.0, 0.0], [1.0, 0.0, 0.0, 0.0, 0.0, 0.0], [1.0, 0.0, 0.0, 0.0, 0.0, 0.0], [1.0, 0.0, 0.0, 0.0, 0.0, 0.0], [1.0, 0.0, 0.0, 0.0, 0.0, 0.0], [1.0, 0.0, 0.0, 0.0, 0.0, 0.0], [1.0, 0.0, 0.0, 0.0, 0.0, 0.0], [1.0, 0.0, 0.0, 0.0, 0.0, 0.0], [1.0, 0.0, 0.0, 0.0, 0.0, 0.0], [1.0, 0.0, 0.0, 0.0, 0.0, 0.0]], [[1.0, 0.0, 0.0, 0.0, 0.0, 0.0], [1.0, 0.0, 0.0, 0.0, 0.0, 0.0], [0.9600614439324117, 0.00998463901689708, 0.00998463901689708, 0.00998463901689708, 0.00998463901689708, 0.0], [0.9600614439324117, 0.00998463901689708, 0.00998463901689708, 0.00998463901689708, 0.00998463901689708, 0.0], [1.0, 0.0, 0.0, 0.0, 0.0, 0.0], [1.0, 0.0, 0.0, 0.0, 0.0, 0.0], [1.0, 0.0, 0.0, 0.0, 0.0, 0.0], [0.02373216904465785, 0.010068566672475378, 0.017486610123232223, 0.010068566672475378, 0.9386440874871592, 0.0], [0.031062281687757588, 0.01015104084831051, 0.03205659700819061, 0.01015104084831051, 0.9165790396074308, 0.0], [0.8965958613963978, 0.01022379341521145, 0.044983797072298576, 0.01022379341521145, 0.037972754700880754, 0.0], [0.8944258495662144, 0.010237355279358545, 0.04740107077202516, 0.010237355279358545, 0.037698369103043285, 0.0], [0.12042024240029062, 0.010179753477942689, 0.037170253613920574, 0.010179753477942689, 0.8220499970299033, 0.0], [0.9539698184607902, 0.01004765100020401, 0.015887228538597788, 0.01004765100020401, 0.01004765100020401, 0.0], [0.96003563502235, 0.009991091244412489, 0.009991091244412489, 0.009991091244412489, 0.009991091244412489, 0.0], [0.9600527211988047, 0.009986819700298839, 0.009986819700298839, 0.009986819700298839, 0.009986819700298839, 0.0], [0.9600507189307869, 0.009987320267303312, 0.009987320267303312, 0.009987320267303312, 0.009987320267303312, 0.0], [0.960054539477847, 0.00998636513053825, 0.00998636513053825, 0.00998636513053825, 0.00998636513053825, 0.0], [0.9600541225615131, 0.009986469359621731, 0.009986469359621731, 0.009986469359621731, 0.009986469359621731, 0.0], [0.960043139444288, 0.009989215138927983, 0.009989215138927983, 0.009989215138927983, 0.009989215138927983, 0.0], [0.9600413537112464, 0.009989661572188384, 0.009989661572188384, 0.009989661572188384, 0.009989661572188384, 0.0], [0.010003718956714952, 0.010003718956714952, 0.010003718956714952, 0.010003718956714952, 0.9599851241731402, 0.0], [0.9600552833890693, 0.009986179152732703, 0.009986179152732703, 0.009986179152732703, 0.009986179152732703, 0.0], [0.009995441981280502, 0.009995441981280502, 0.009995441981280502, 0.009995441981280502, 0.9600182320748779, 0.0], [0.9600576292538536, 0.009985592686536593, 0.009985592686536593, 0.009985592686536593, 0.009985592686536593, 0.0], [1.0, 0.0, 0.0, 0.0, 0.0, 0.0], [1.0, 0.0, 0.0, 0.0, 0.0, 0.0], [1.0, 0.0, 0.0, 0.0, 0.0, 0.0], [0.13901988483825825, 0.016357728964501647, 0.08250955033310663, 0.010418999273267308, 0.7516938365908662, 0.0], [0.8374277178654503, 0.014266655436354806, 0.08464161267278303, 0.010436495186043634, 0.05322751883936806, 0.0], [0.040840373440637984, 0.014337793957777432, 0.04292727387562553, 0.01020156379434892, 0.8916929949316101, 0.0], [0.9498952930248892, 0.01007162376125014, 0.019889835691360356, 0.01007162376125014, 0.01007162376125014, 0.0], [0.9600445287580268, 0.009988867810493313, 0.009988867810493313, 0.009988867810493313, 0.009988867810493313, 0.0], [0.9600571250743334, 0.009985718731416633, 0.009985718731416633, 0.009985718731416633, 0.009985718731416633, 0.0], [0.960060706189726, 0.009984823452568486, 0.009984823452568486, 0.009984823452568486, 0.009984823452568486, 0.0], [0.009994309837061417, 0.009994309837061417, 0.009994309837061417, 0.009994309837061417, 0.9600227606517544, 0.0], [0.960061325943086, 0.009984668514228481, 0.009984668514228481, 0.009984668514228481, 0.009984668514228481, 0.0], [0.9600612964428092, 0.009984675889297705, 0.009984675889297705, 0.009984675889297705, 0.009984675889297705, 0.0], [0.9600613554421847, 0.009984661139453824, 0.009984661139453824, 0.009984661139453824, 0.009984661139453824, 0.0], [0.960061325943086, 0.009984668514228481, 0.009984668514228481, 0.009984668514228481, 0.009984668514228481, 0.0], [1.0, 0.0, 0.0, 0.0, 0.0, 0.0]], [[1.0, 0.0, 0.0, 0.0, 0.0, 0.0], [1.0, 0.0, 0.0, 0.0, 0.0, 0.0], [1.0, 0.0, 0.0, 0.0, 0.0, 0.0], [1.0, 0.0, 0.0, 0.0, 0.0, 0.0], [1.0, 0.0, 0.0, 0.0, 0.0, 0.0], [1.0, 0.0, 0.0, 0.0, 0.0, 0.0], [0.9590247926237343, 0.010019224200640412, 0.010917534774344501, 0.010019224200640412, 0.010019224200640412, 0.0], [0.9265032651218957, 0.04369422963696869, 0.009934168413711893, 0.009934168413711893, 0.009934168413711893, 0.0], [0.18679884647839687, 0.12320859489176846, 0.009938310306526062, 0.018481289233765266, 0.6615729590895433, 0.0], [0.8233844271625816, 0.11498541408931334, 0.009942261334850341, 0.017247812113397, 0.034440085299857634, 0.0], [0.5719819122450992, 0.17958243547096805, 0.009962411820202376, 0.02693736532064521, 0.21153587514308517, 0.0], [0.857570066010432, 0.0840385327090471, 0.009957623545076703, 0.012605779906357063, 0.03582799782908726, 0.0], [0.9001892823377773, 0.04551007494124253, 0.009945534333789885, 0.009945534333789885, 0.03440957405340034, 0.0], [0.9539135521093862, 0.016391207123513118, 0.00989841358903356, 0.00989841358903356, 0.00989841358903356, 0.0], [0.01868079013056496, 0.01736330282661985, 0.00991733652047277, 0.00991733652047277, 0.9441212340018696, 0.0], [0.9559591641071364, 0.014346121355304433, 0.009898238179186374, 0.009898238179186374, 0.009898238179186374, 0.0], [0.958574894714273, 0.011730402177131416, 0.009898234369531871, 0.009898234369531871, 0.009898234369531871, 0.0], [0.01843255239900555, 0.016367004904986784, 0.00991639844057066, 0.00991639844057066, 0.9453676458148664, 0.0], [0.9489475310980078, 0.02135611527760894, 0.009898784541461108, 0.009898784541461108, 0.009898784541461108, 0.0], [0.9133781407615578, 0.039388469820139806, 0.0099393200385237, 0.0099393200385237, 0.027354749341254987, 0.0], [0.015452299636821747, 0.020963947914923772, 0.009920966900583644, 0.009920966900583644, 0.9437418186470872, 0.0], [0.014187836740051713, 0.012419269833397067, 0.009912424496931143, 0.009912424496931143, 0.9535680444326889, 0.0], [0.960422155419818, 0.009894461145045493, 0.009894461145045493, 0.009894461145045493, 0.009894461145045493, 0.0], [0.9604232998959301, 0.009894175026017462, 0.009894175026017462, 0.009894175026017462, 0.009894175026017462, 0.0], [0.956997441941525, 0.010030188634658444, 0.012911992154499643, 0.010030188634658444, 0.010030188634658444, 0.0], [1.0, 0.0, 0.0, 0.0, 0.0, 0.0], [0.82126938103953, 0.012286511503013303, 0.07280410721711343, 0.01037557565828663, 0.08326442458205659, 0.0], [0.47951574524854895, 0.273388887229573, 0.009955895383451312, 0.04100833308443595, 0.1961311390539908, 0.0], [0.14077364854115623, 0.1910655763785039, 0.009943046231187755, 0.028659836456775587, 0.6295578923923764, 0.0], [0.803216119498965, 0.12023729896772173, 0.009939722569005454, 0.018035594845158258, 0.04857126411914965, 0.0], [0.936222915093513, 0.03404411163869529, 0.009910991089263898, 0.009910991089263898, 0.009910991089263898, 0.0], [0.9590847363892727, 0.01122067476649776, 0.009898196281409841, 0.009898196281409841, 0.009898196281409841, 0.0], [0.9604272760190756, 0.009893180995231086, 0.009893180995231086, 0.009893180995231086, 0.009893180995231086, 0.0], [0.9604290094444847, 0.009892747638878848, 0.009892747638878848, 0.009892747638878848, 0.009892747638878848, 0.0], [0.9604297190298651, 0.009892570242533727, 0.009892570242533727, 0.009892570242533727, 0.009892570242533727, 0.0], [0.9604299848904287, 0.009892503777392822, 0.009892503777392822, 0.009892503777392822, 0.009892503777392822, 0.0], [0.9604298298205968, 0.009892542544850804, 0.009892542544850804, 0.009892542544850804, 0.009892542544850804, 0.0], [0.9604297855069612, 0.009892553623259704, 0.009892553623259704, 0.009892553623259704, 0.009892553623259704, 0.0], [0.00999434014208089, 0.00999434014208089, 0.00999434014208089, 0.00999434014208089, 0.9600226394316764, 0.0], [1.0, 0.0, 0.0, 0.0, 0.0, 0.0]], [[1.0, 0.0, 0.0, 0.0, 0.0, 0.0], [1.0, 0.0, 0.0, 0.0, 0.0, 0.0], [1.0, 0.0, 0.0, 0.0, 0.0, 0.0], [1.0, 0.0, 0.0, 0.0, 0.0, 0.0], [0.9600585773672198, 0.009985355658195059, 0.009985355658195059, 0.009985355658195059, 0.009985355658195059, 0.0], [0.9600429278004169, 0.00998926804989579, 0.00998926804989579, 0.00998926804989579, 0.00998926804989579, 0.0], [0.9475404155253857, 0.02276184808153922, 0.009899245464358383, 0.009899245464358383, 0.009899245464358383, 0.0], [0.875197075574056, 0.06923807760973491, 0.009964926648307663, 0.010385711641460236, 0.0352142085264411, 0.0], [0.07957757175234458, 0.12125255256775656, 0.009939254595614695, 0.018187882885163483, 0.7710427381991206, 0.0], [0.18586991567755756, 0.14594421599505725, 0.009927025906636997, 0.021891632399258586, 0.6363672100214895, 0.0], [0.09670765058791103, 0.1156917396971601, 0.009942023068448365, 0.017353760954574013, 0.7603048256919065, 0.0], [0.8620812756589517, 0.08286229943872593, 0.009958152357152774, 0.012429344915808889, 0.03266892762936078, 0.0], [0.9403697557796099, 0.029915134245394184, 0.009905036658331994, 0.009905036658331994, 0.009905036658331994, 0.0], [0.9448975766627805, 0.02540395830214325, 0.009899488345025442, 0.009899488345025442, 0.009899488345025442, 0.0], [0.9400774285382669, 0.03022434951367077, 0.009899407316020811, 0.009899407316020811, 0.009899407316020811, 0.0], [0.11765698758489965, 0.05543092292684783, 0.009955377908934799, 0.009955377908934799, 0.807001333670383, 0.0], [0.942143115416712, 0.028131896495080456, 0.00990832936273582, 0.00990832936273582, 0.00990832936273582, 0.0], [0.9385706327628408, 0.031700224105432856, 0.00990971437724211, 0.00990971437724211, 0.00990971437724211, 0.0], [0.1185630005717988, 0.06015387018977217, 0.009960085111580076, 0.009960085111580076, 0.8013629590152688, 0.0], [0.8864561900032838, 0.06145424662923755, 0.009961378415380733, 0.009961378415380733, 0.03216680653671707, 0.0], [0.9036728116101556, 0.04758357668764535, 0.009947478169279713, 0.009947478169279713, 0.028848655363639748, 0.0], [0.9541078748081838, 0.01619618509422835, 0.00989864669919596, 0.00989864669919596, 0.00989864669919596, 0.0], [0.9598887935855778, 0.010416823130341181, 0.009898127761360337, 0.009898127761360337, 0.009898127761360337, 0.0], [0.9600349629574033, 0.009991259260649159, 0.009991259260649159, 0.009991259260649159, 0.009991259260649159, 0.0], [1.0, 0.0, 0.0, 0.0, 0.0, 0.0], [1.0, 0.0, 0.0, 0.0, 0.0, 0.0], [1.0, 0.0, 0.0, 0.0, 0.0, 0.0], [0.7398305175535391, 0.023290444918204894, 0.1346689092915377, 0.010713176135328841, 0.09149695210138951, 0.0], [0.18353950871862382, 0.1693813147632977, 0.009942551934920035, 0.025407197214494654, 0.6117294273686639, 0.0], [0.889266524854656, 0.07345372464977958, 0.009962905869051861, 0.011018058697466936, 0.01629878592904569, 0.0], [0.9437667094233974, 0.026534593837920412, 0.009899565579560735, 0.009899565579560735, 0.009899565579560735, 0.0], [0.960421031101635, 0.009894742224591241, 0.009894742224591241, 0.009894742224591241, 0.009894742224591241, 0.0], [0.960427008857359, 0.009893247785660234, 0.009893247785660234, 0.009893247785660234, 0.009893247785660234, 0.0], [0.009904037148709494, 0.009904037148709494, 0.009904037148709494, 0.009904037148709494, 0.960383851405162, 0.0], [0.9604277210033039, 0.009893069749174054, 0.009893069749174054, 0.009893069749174054, 0.009893069749174054, 0.0], [0.9604280322802674, 0.00989299192993316, 0.00989299192993316, 0.00989299192993316, 0.00989299192993316, 0.0], [0.960426518727074, 0.009893370318231511, 0.009893370318231511, 0.009893370318231511, 0.009893370318231511, 0.0], [0.009902890521312387, 0.009902890521312387, 0.009902890521312387, 0.009902890521312387, 0.9603884379147504, 0.0], [0.9600589621915718, 0.009985259452107067, 0.009985259452107067, 0.009985259452107067, 0.009985259452107067, 0.0], [1.0, 0.0, 0.0, 0.0, 0.0, 0.0]], [[1.0, 0.0, 0.0, 0.0, 0.0, 0.0], [0.009994241668486167, 0.009994241668486167, 0.009994241668486167, 0.009994241668486167, 0.9600230333260553, 0.0], [1.0, 0.0, 0.0, 0.0, 0.0, 0.0], [0.9600602041035954, 0.009984948974101165, 0.009984948974101165, 0.009984948974101165, 0.009984948974101165, 0.0], [0.009905192958657938, 0.009905192958657938, 0.009905192958657938, 0.009905192958657938, 0.9603792281653682, 0.0], [0.009911877183157685, 0.012807007240084045, 0.009911877183157685, 0.009911877183157685, 0.9574573612104428, 0.0], [0.9096273355750426, 0.04329676722741019, 0.009943237957926055, 0.009943237957926055, 0.02718942128169497, 0.0], [0.8783922488384662, 0.06975648698635911, 0.009964645738398299, 0.010463473047953867, 0.031423145388822495, 0.0], [0.5763855038150473, 0.1705082418948897, 0.009947972105886214, 0.02557623628423345, 0.21758204589994326, 0.0], [0.8445738165848347, 0.09342490256748853, 0.009952956226594175, 0.014013735385123278, 0.03803458923595927, 0.0], [0.8215116401312483, 0.10508906387423589, 0.009947161901029032, 0.01576335958113538, 0.047688774512351435, 0.0], [0.035458972069727535, 0.05196164099057172, 0.009951861279435698, 0.009951861279435698, 0.8926756643808295, 0.0], [0.032678009259624906, 0.04152377853352942, 0.009941420472585222, 0.009941420472585222, 0.9059153712616752, 0.0], [0.032781919565269824, 0.04595004889607182, 0.009945892037947938, 0.009945892037947938, 0.9013762474627625, 0.0], [0.8701855426946864, 0.07811823095119652, 0.009960470985520966, 0.011717734642679476, 0.030018020725916635, 0.0], [0.09285052911103311, 0.09809161093384962, 0.00995071000776633, 0.014713741640077441, 0.7843934083072734, 0.0], [0.8783728792026376, 0.06711515976822341, 0.009966035481111083, 0.010067273965233511, 0.03447865158279422, 0.0], [0.8865260886466588, 0.0613045513323972, 0.009961245844935778, 0.009961245844935778, 0.032246868331072334, 0.0], [0.09062420396318212, 0.08453365435357248, 0.009957354249378447, 0.012680048153035871, 0.802204739280831, 0.0], [0.6001871726966806, 0.1457557595428207, 0.009955994504291034, 0.021863363931423106, 0.2222377093247844, 0.0], [0.8891311993814877, 0.054044569639665904, 0.009953983890797095, 0.009953983890797095, 0.036916263197252185, 0.0], [0.9126954041234475, 0.035854692147190614, 0.009935856429599235, 0.009935856429599235, 0.031578190870163364, 0.0], [0.9447638129785204, 0.025536813705503727, 0.0098997911053253, 0.0098997911053253, 0.0098997911053253, 0.0], [0.9441116372430898, 0.010096844089913255, 0.022387730677074936, 0.010096844089913255, 0.013306943900008736, 0.0], [1.0, 0.0, 0.0, 0.0, 0.0, 0.0], [1.0, 0.0, 0.0, 0.0, 0.0, 0.0], [0.6438262396675916, 0.010557518813323497, 0.104317944007298, 0.010557518813323497, 0.2307407786984634, 0.0], [0.7173564949281035, 0.17331463241166395, 0.009933209101998164, 0.02599719486174959, 0.07339846869648482, 0.0], [0.7981330490513517, 0.1280738518831563, 0.009935901509639002, 0.01921107778247344, 0.04464611977337938, 0.0], [0.9108122703703513, 0.05507347554440526, 0.009955025969719098, 0.009955025969719098, 0.014204202145805244, 0.0], [0.9552984567624427, 0.015006222306632223, 0.009898440310308355, 0.009898440310308355, 0.009898440310308355, 0.0], [0.9604224922742192, 0.009894376931445206, 0.009894376931445206, 0.009894376931445206, 0.009894376931445206, 0.0], [0.009906009906009908, 0.009906009906009908, 0.009906009906009908, 0.009906009906009908, 0.9603759603759604, 0.0], [0.009906944133614828, 0.009906944133614828, 0.009906944133614828, 0.009906944133614828, 0.9603722234655407, 0.0], [0.9604198142914316, 0.00989504642714212, 0.00989504642714212, 0.00989504642714212, 0.00989504642714212, 0.0], [0.9604199947268018, 0.00989500131829955, 0.00989500131829955, 0.00989500131829955, 0.00989500131829955, 0.0], [0.9604186174350947, 0.009895345641226317, 0.009895345641226317, 0.009895345641226317, 0.009895345641226317, 0.0], [0.9604195660977188, 0.009895108475570305, 0.009895108475570305, 0.009895108475570305, 0.009895108475570305, 0.0], [0.009996366363348204, 0.009996366363348204, 0.009996366363348204, 0.009996366363348204, 0.9600145345466072, 0.0], [1.0, 0.0, 0.0, 0.0, 0.0, 0.0]], [[1.0, 0.0, 0.0, 0.0, 0.0, 0.0], [0.9600614439324117, 0.00998463901689708, 0.00998463901689708, 0.00998463901689708, 0.00998463901689708, 0.0], [0.960061325943086, 0.009984668514228481, 0.009984668514228481, 0.009984668514228481, 0.009984668514228481, 0.0], [1.0, 0.0, 0.0, 0.0, 0.0, 0.0], [0.9600578071176361, 0.009985548220590978, 0.009985548220590978, 0.009985548220590978, 0.009985548220590978, 0.0], [0.010467329951056883, 0.009996005525493349, 0.009909988817828003, 0.009909988817828003, 0.9597166868877938, 0.0], [0.951831554658206, 0.018472287068733738, 0.009898719424353443, 0.009898719424353443, 0.009898719424353443, 0.0], [0.12102858247773979, 0.051093912949761164, 0.009951128939719089, 0.009951128939719089, 0.8079752466930609, 0.0], [0.8784434774089318, 0.06768851936867416, 0.00996566190962938, 0.010153277905301123, 0.03374906340746347, 0.0], [0.8838115508075669, 0.05864058515294924, 0.009958590786251699, 0.009958590786251699, 0.03763068246698048, 0.0], [0.927687521439942, 0.03922422583036797, 0.009939240982577724, 0.009939240982577724, 0.013209770764534503, 0.0], [0.9292127834011289, 0.04101236086147636, 0.009924951912464921, 0.009924951912464921, 0.009924951912464921, 0.0], [0.9259039692043807, 0.04426475063531774, 0.009943760053433878, 0.009943760053433878, 0.009943760053433878, 0.0], [0.8657402997396328, 0.07878484790753794, 0.009960230520099067, 0.011817727186130689, 0.03369689464659935, 0.0], [0.7733881449085993, 0.13100284698004327, 0.00994404485957517, 0.01965042704700649, 0.06601453620477572, 0.0], [0.5443022714796251, 0.20099491186172858, 0.009963066910961068, 0.030149236779259285, 0.21459051296842607, 0.0], [0.8470190806164385, 0.08800817173349093, 0.009955725852956458, 0.013201225760023638, 0.04181579603709053, 0.0], [0.8761122518822724, 0.06749259161021587, 0.00996593581150553, 0.010123888741532382, 0.03630533195447379, 0.0], [0.8721564947165248, 0.07175506334691814, 0.009963731437967499, 0.010763259502037723, 0.03536145099655179, 0.0], [0.8746355106345133, 0.06432165273295555, 0.00996429751226082, 0.00996429751226082, 0.04111424160800956, 0.0], [0.8991216960701123, 0.04640462138578249, 0.009946419977456654, 0.009946419977456654, 0.034580842589191856, 0.0], [0.9355794610793812, 0.033206259834047666, 0.009933251864150467, 0.009933251864150467, 0.011347775358270274, 0.0], [0.9069159151148425, 0.05707737670791168, 0.009957029455493718, 0.009957029455493718, 0.01609264926625843, 0.0], [0.8066283435916071, 0.12459337280876297, 0.009937667550867018, 0.018689005921314446, 0.040151610127448424, 0.0], [0.16240339437121598, 0.019784866273146722, 0.09227242902467099, 0.010468183213305143, 0.7150711271176611, 0.0], [0.1776100608654874, 0.01605574588908216, 0.11556913165138967, 0.010605912459492117, 0.6801591491345487, 0.0], [1.0, 0.0, 0.0, 0.0, 0.0, 0.0], [0.1506452180717039, 0.014264232044224095, 0.07751780800219271, 0.010396510404907229, 0.7471762314769721, 0.0], [0.9063536284853544, 0.06036678119250841, 0.009960221718648401, 0.009960221718648401, 0.013359146884840313, 0.0], [0.9412752858295591, 0.029026110135713278, 0.009899534678242524, 0.009899534678242524, 0.009899534678242524, 0.0], [0.9604161252017362, 0.009895968699565948, 0.009895968699565948, 0.009895968699565948, 0.009895968699565948, 0.0], [0.9604169420620048, 0.009895764484498805, 0.009895764484498805, 0.009895764484498805, 0.009895764484498805, 0.0], [0.959811876248089, 0.010493797541486586, 0.009898108736808145, 0.009898108736808145, 0.009898108736808145, 0.0], [0.9298157977880606, 0.026749070085715206, 0.009926702032692957, 0.009926702032692957, 0.023581728060838178, 0.0], [0.9529313862374507, 0.017371961106392195, 0.009898884218719064, 0.009898884218719064, 0.009898884218719064, 0.0], [0.953374076619087, 0.01692901745275893, 0.009898968642717984, 0.009898968642717984, 0.009898968642717984, 0.0], [0.9315458828543485, 0.02363379901108307, 0.00992363525642869, 0.00992363525642869, 0.024973047621711108, 0.0], [0.9540981158101712, 0.01620627677505649, 0.009898535804924127, 0.009898535804924127, 0.009898535804924127, 0.0], [0.012027550164907147, 0.01000448478259417, 0.01000448478259417, 0.01000448478259417, 0.9579589954873103, 0.0], [1.0, 0.0, 0.0, 0.0, 0.0, 0.0]], [[1.0, 0.0, 0.0, 0.0, 0.0, 0.0], [0.009994234095714013, 0.009994234095714013, 0.009994234095714013, 0.009994234095714013, 0.9600230636171441, 0.0], [0.9600614439324117, 0.00998463901689708, 0.00998463901689708, 0.00998463901689708, 0.00998463901689708, 0.0], [1.0, 0.0, 0.0, 0.0, 0.0, 0.0], [0.96005952426729, 0.009985118933177474, 0.009985118933177474, 0.009985118933177474, 0.009985118933177474, 0.0], [0.9604245538755253, 0.00989386153111866, 0.00989386153111866, 0.00989386153111866, 0.00989386153111866, 0.0], [0.9591764296566857, 0.011128695752001119, 0.009898291530437765, 0.009898291530437765, 0.009898291530437765, 0.0], [0.9499522649379347, 0.020349952461176626, 0.009899260866962922, 0.009899260866962922, 0.009899260866962922, 0.0], [0.9075059012884018, 0.04007974842250221, 0.009940093819813466, 0.009940093819813466, 0.03253416264946899, 0.0], [0.9373075103374717, 0.03241619633915984, 0.009932417261752795, 0.009932417261752795, 0.010411458799862838, 0.0], [0.9319278709789033, 0.038037066192789855, 0.009938022886227303, 0.009938022886227303, 0.010159017055852078, 0.0], [0.14746514826142423, 0.07658564798476555, 0.009961502390915653, 0.011487847197714835, 0.7544998541651796, 0.0], [0.8994123300042478, 0.06579904993945614, 0.009965640918045478, 0.009965640918045478, 0.014857338220205107, 0.0], [0.8013382806512886, 0.12458414797424029, 0.009939695865185916, 0.018687622196136042, 0.04545025331314913, 0.0], [0.7360236049985417, 0.15913862461462192, 0.009954874553648314, 0.023870793692193287, 0.07101210214099486, 0.0], [0.739532927618595, 0.16219972817576508, 0.009942364115224046, 0.024329959226364762, 0.06399502086405107, 0.0], [0.8307958063532707, 0.1035215614604867, 0.009948125939772672, 0.015528234219073005, 0.04020627202739694, 0.0], [0.8930172057983583, 0.06863101863956526, 0.009965295376429326, 0.010294652795934788, 0.018091827389712413, 0.0], [0.8377092534817968, 0.0942067797095046, 0.009952701918782713, 0.014131016956425688, 0.04400024793349026, 0.0], [0.88161099133228, 0.06302606029393909, 0.009962958054837632, 0.009962958054837632, 0.03543703226410558, 0.0], [0.9285379906729425, 0.03940592846885745, 0.00993938005289678, 0.00993938005289678, 0.012177320752406328, 0.0], [0.9248932883860363, 0.04196513039631449, 0.009941960425873923, 0.009941960425873923, 0.013257660365901144, 0.0], [0.8309579290313791, 0.10382009494732936, 0.009947903282883544, 0.015573014242099403, 0.0397010584963085, 0.0], [0.18374137061453782, 0.18655221289040305, 0.009967525800940536, 0.027982831933560458, 0.5917560587605583, 0.0], [0.6770701890001928, 0.2192648645641033, 0.009935873870042744, 0.032889729684615496, 0.06083934288104573, 0.0], [0.5004549047089109, 0.23822274603177768, 0.009954151179666458, 0.03573341190476665, 0.21563478617487852, 0.0], [0.8256133211876551, 0.013652493693231576, 0.07289892990552847, 0.010372373319256832, 0.07746288189432804, 0.0], [1.0, 0.0, 0.0, 0.0, 0.0, 0.0], [0.9509233808470213, 0.010065254924545387, 0.01888085437934242, 0.010065254924545387, 0.010065254924545387, 0.0], [0.9604168286803018, 0.009895792829924567, 0.009895792829924567, 0.009895792829924567, 0.009895792829924567, 0.0], [0.010675933795865549, 0.009908797303070723, 0.009908797303070723, 0.009908797303070723, 0.9595976742949223, 0.0], [0.9588676668151997, 0.011437630076204673, 0.009898234369531871, 0.009898234369531871, 0.009898234369531871, 0.0], [0.925562626852535, 0.02774144421919171, 0.00992776971801522, 0.00992776971801522, 0.02684038949224284, 0.0], [0.9082451011378002, 0.03998103666245259, 0.009939949431099875, 0.009939949431099875, 0.03189396333754741, 0.0], [0.9104757135387128, 0.04032340874587485, 0.009940253425317572, 0.009940253425317572, 0.029320370864777165, 0.0], [0.9094862934152457, 0.04066784542189482, 0.009940611909852085, 0.009940611909852085, 0.029964637343155232, 0.0], [0.903433383035188, 0.04904267899589069, 0.009948940243077664, 0.009948940243077664, 0.027626057482765847, 0.0], [0.10037476668394861, 0.03861782919626347, 0.009938562903428972, 0.009938562903428972, 0.8411302783129299, 0.0], [0.9579868848996541, 0.010024079225303384, 0.011940877424435652, 0.010024079225303384, 0.010024079225303384, 0.0], [1.0, 0.0, 0.0, 0.0, 0.0, 0.0]], [[1.0, 0.0, 0.0, 0.0, 0.0, 0.0], [0.9600614439324117, 0.00998463901689708, 0.00998463901689708, 0.00998463901689708, 0.00998463901689708, 0.0], [1.0, 0.0, 0.0, 0.0, 0.0, 0.0], [1.0, 0.0, 0.0, 0.0, 0.0, 0.0], [0.9600598199251098, 0.009985045018722563, 0.009985045018722563, 0.009985045018722563, 0.009985045018722563, 0.0], [0.009903740931696152, 0.009903740931696152, 0.009903740931696152, 0.009903740931696152, 0.9603850362732155, 0.0], [0.9600253437015186, 0.01028027301440038, 0.009898127761360337, 0.009898127761360337, 0.009898127761360337, 0.0], [0.9516987893053838, 0.018603428093727527, 0.009899260866962922, 0.009899260866962922, 0.009899260866962922, 0.0], [0.9155206612745366, 0.036041010522790164, 0.009936062259907624, 0.009936062259907624, 0.02856620368285806, 0.0], [0.9333764821724914, 0.03445329565702988, 0.009934428235126969, 0.009934428235126969, 0.012301365700224755, 0.0], [0.8668336271090601, 0.07282514301960678, 0.009963226082360709, 0.010923771452941017, 0.03945423233603124, 0.0], [0.830737836220408, 0.10526982742302837, 0.009947204202212612, 0.015790474113454255, 0.03825465804089673, 0.0], [0.7570924628608338, 0.15243205644159588, 0.009936900680677698, 0.022864808466239377, 0.05767377155065335, 0.0], [0.10596853971930077, 0.17118913175832967, 0.009948229414128873, 0.02567836976374945, 0.6872157293444913, 0.0], [0.4109016427705555, 0.3564212961027742, 0.009952566070109857, 0.05346319441541612, 0.1692613006411443, 0.0], [0.14655862792791446, 0.20483587761578598, 0.009948318485467993, 0.030725381642367895, 0.6079317943284637, 0.0], [0.15444775923418746, 0.1468079370590067, 0.009947685123933236, 0.022021190558851003, 0.6667754280240217, 0.0], [0.8005617726642739, 0.1313330172237387, 0.009934230282730194, 0.019699952583560804, 0.038471027245696336, 0.0], [0.12137014111418507, 0.13374997512091236, 0.009951635053639312, 0.020062496268136852, 0.7148657524431264, 0.0], [0.8343150556296065, 0.09864869747587185, 0.009950435432055087, 0.014797304621380777, 0.04228850684108566, 0.0], [0.9225940562431902, 0.045741277529765444, 0.009945663948282706, 0.009945663948282706, 0.011773338330478953, 0.0], [0.8720631174300213, 0.06915335401711079, 0.009965073782775847, 0.010373003102566617, 0.038445451667525284, 0.0], [0.11675394220987996, 0.11339425955476848, 0.009943269074598273, 0.017009138933215272, 0.7428993902275379, 0.0], [0.4750854385914176, 0.27777140651816423, 0.009972406351625053, 0.04166571097772464, 0.19550503756106852, 0.0], [0.6906377474878123, 0.200179086658044, 0.009949258780220875, 0.030026862998706598, 0.0692070440752164, 0.0], [0.7695550584057438, 0.023626782748152813, 0.10250233319744073, 0.010528869317358651, 0.09378695633130392, 0.0], [1.0, 0.0, 0.0, 0.0, 0.0, 0.0], [1.0, 0.0, 0.0, 0.0, 0.0, 0.0], [1.0, 0.0, 0.0, 0.0, 0.0, 0.0], [0.9600513769867598, 0.009987155753310044, 0.009987155753310044, 0.009987155753310044, 0.009987155753310044, 0.0], [0.9604188660498044, 0.009895283487548905, 0.009895283487548905, 0.009895283487548905, 0.009895283487548905, 0.0], [0.929466048821139, 0.026839732729035667, 0.009926762777721327, 0.009926762777721327, 0.023840692894382596, 0.0], [0.9107943584771916, 0.03866058259405005, 0.009938612997300866, 0.009938612997300866, 0.03066783293415656, 0.0], [0.6408744403983191, 0.09381221249251709, 0.00995300439726101, 0.01407183187387756, 0.2412885108380253, 0.0], [0.8595350158594873, 0.07419875266738561, 0.009962472096110795, 0.011129812900107842, 0.045173946476908304, 0.0], [0.8628806915587, 0.06651739939987496, 0.0099662987770284, 0.009977609909981243, 0.050658000354415506, 0.0], [0.6375857537333475, 0.09571538954374471, 0.009952015082280448, 0.014357308431561707, 0.24238953320906564, 0.0], [0.900272158742254, 0.05521115348384159, 0.009955020021214062, 0.009955020021214062, 0.024606647731476368, 0.0], [0.08768575142280854, 0.010070954769957941, 0.017975579041675755, 0.010070954769957941, 0.8741967599955999, 0.0], [1.0, 0.0, 0.0, 0.0, 0.0, 0.0]], [[1.0, 0.0, 0.0, 0.0, 0.0, 0.0], [1.0, 0.0, 0.0, 0.0, 0.0, 0.0], [1.0, 0.0, 0.0, 0.0, 0.0, 0.0], [1.0, 0.0, 0.0, 0.0, 0.0, 0.0], [0.960058458919449, 0.009985385270137778, 0.009985385270137778, 0.009985385270137778, 0.009985385270137778, 0.0], [0.9604171687566567, 0.009895707810835814, 0.009895707810835814, 0.009895707810835814, 0.009895707810835814, 0.0], [0.9549284566567411, 0.015375568808017834, 0.009898658178413719, 0.009898658178413719, 0.009898658178413719, 0.0], [0.9166877091092734, 0.03472003030111735, 0.00993466321570608, 0.00993466321570608, 0.028722934158197086, 0.0], [0.8982311840332737, 0.047837371131778016, 0.009947760562388714, 0.009947760562388714, 0.03403592371017079, 0.0], [0.8509245492646068, 0.07320763440830315, 0.009963070462447422, 0.010981145161245471, 0.05492360070339705, 0.0], [0.8464270532475736, 0.08579283384516372, 0.009956855282446934, 0.012868925076774557, 0.044954332548041216, 0.0], [0.5188895488592921, 0.24221356730834387, 0.009965996021574386, 0.036332035096251575, 0.19259885271453797, 0.0], [0.09611662947039339, 0.13788656844727865, 0.009949961642897867, 0.020682985267091798, 0.7353638551723383, 0.0], [0.20068894999652548, 0.1947723189024451, 0.009927233379329516, 0.029215847835366765, 0.5653956498863332, 0.0], [0.1072878964846898, 0.16885109227913161, 0.009948803457408178, 0.025327663841869744, 0.6885845439369007, 0.0], [0.7845948258915896, 0.14665732105165968, 0.009928061268051699, 0.02199859815774895, 0.03682119363095014, 0.0], [0.8028847642434044, 0.12930866802743446, 0.009935232533306658, 0.019396300204115167, 0.03847503499173932, 0.0], [0.12297566467480728, 0.14829945380648202, 0.009954319627230637, 0.022244918070972303, 0.6965256438205076, 0.0], [0.4380488689550302, 0.32765975680116705, 0.009964714944381944, 0.04914896352017506, 0.1751776957792457, 0.0], [0.8049488018008929, 0.12423238445951368, 0.009937796432052273, 0.01863485766892705, 0.042246159638614014, 0.0], [0.16052526860326305, 0.08738559490648627, 0.00995622761639475, 0.01310783923597294, 0.729025069637883, 0.0], [0.9313571110534115, 0.038838632098243765, 0.009934752282781572, 0.009934752282781572, 0.009934752282781572, 0.0], [0.8549301706885842, 0.08669669719691253, 0.009956239187700331, 0.01300450457953688, 0.03541238834726587, 0.0], [0.8116046250835594, 0.11645150684713802, 0.009941684851868002, 0.017467726027070703, 0.044534457190364043, 0.0], [0.1543728528234532, 0.124544945323794, 0.00994926867900575, 0.018681741798569098, 0.692451191375178, 0.0], [0.815881529966528, 0.11506225257097807, 0.00994233979110462, 0.017259337885646712, 0.04185453978574273, 0.0], [0.039497325747919115, 0.010119106424710908, 0.026364213936953675, 0.010119106424710908, 0.9139002474657054, 0.0], [1.0, 0.0, 0.0, 0.0, 0.0, 0.0], [1.0, 0.0, 0.0, 0.0, 0.0, 0.0], [0.9600591397353173, 0.009985215066170653, 0.009985215066170653, 0.009985215066170653, 0.009985215066170653, 0.0], [0.9604203328862806, 0.009894916778429836, 0.009894916778429836, 0.009894916778429836, 0.009894916778429836, 0.0], [0.014666198501688578, 0.01502007460494648, 0.009915018619780966, 0.009915018619780966, 0.9504836896538029, 0.0], [0.9205228291871398, 0.0354942680407164, 0.009935435551563959, 0.009935435551563959, 0.02411203166901585, 0.0], [0.8983477274571788, 0.05795919498478769, 0.009957777676604319, 0.009957777676604319, 0.02377752220482478, 0.0], [0.10695822687028345, 0.051062649791035315, 0.00995107651474637, 0.00995107651474637, 0.8220769703091885, 0.0], [0.9015320783857002, 0.04901479859229814, 0.009948935995138871, 0.009948935995138871, 0.029555251031723927, 0.0], [0.9013404367459152, 0.051894639044394744, 0.009951781313656502, 0.009951781313656502, 0.026861361582376952, 0.0], [0.9167686460466399, 0.03368180618143029, 0.009933666376086272, 0.009933666376086272, 0.02968221501975723, 0.0], [0.9597645400687517, 0.010014465054950919, 0.010192064766395543, 0.010014465054950919, 0.010014465054950919, 0.0], [1.0, 0.0, 0.0, 0.0, 0.0, 0.0]], [[1.0, 0.0, 0.0, 0.0, 0.0, 0.0], [0.9600614439324117, 0.00998463901689708, 0.00998463901689708, 0.00998463901689708, 0.00998463901689708, 0.0], [1.0, 0.0, 0.0, 0.0, 0.0, 0.0], [1.0, 0.0, 0.0, 0.0, 0.0, 0.0], [0.9600537054108432, 0.009986573647289174, 0.009986573647289174, 0.009986573647289174, 0.009986573647289174, 0.0], [0.00998065168154334, 0.01168993651676828, 0.00991169087957047, 0.00991169087957047, 0.9585060300425474, 0.0], [0.09085053784149857, 0.041024819325038125, 0.009940872165163279, 0.009940872165163279, 0.8482428985031367, 0.0], [0.9056541131692162, 0.04634195023526691, 0.00994622752810654, 0.00994622752810654, 0.028111481539303707, 0.0], [0.6518899380260182, 0.08931252025537179, 0.00995520456185767, 0.013396878038305767, 0.2354454591184465, 0.0], [0.8871660242926023, 0.057563905052858085, 0.009957524815514028, 0.009957524815514028, 0.035355021023511596, 0.0], [0.8295666225774686, 0.09364569480995144, 0.009952932911279043, 0.014046854221492716, 0.052787895479808083, 0.0], [0.10752968302508623, 0.10122546450854242, 0.009949329595084221, 0.01518381967628136, 0.7661117031950059, 0.0], [0.8308841902359507, 0.10879351443110472, 0.009945305776011486, 0.016319027164665705, 0.034057962392267445, 0.0], [0.8973751731557424, 0.06967882287417113, 0.00996468654248643, 0.010451823431125669, 0.012529493996474208, 0.0], [0.8283925091850244, 0.11320511485618805, 0.0099431297009723, 0.016980767228428204, 0.03147847902938711, 0.0], [0.04733610321017806, 0.07807280110000846, 0.009960635979608147, 0.011710920165001268, 0.8529195395452042, 0.0], [0.879752592900699, 0.08360546950037545, 0.009957842046188797, 0.01254082042505632, 0.014143275127680417, 0.0], [0.7850245624350679, 0.14505046572283878, 0.009932242243415419, 0.021757569858425814, 0.038235159740251996, 0.0], [0.15327571298211218, 0.20665224165481186, 0.009962024761608748, 0.030997836248221777, 0.5991121843532454, 0.0], [0.812256342473602, 0.11518491292270983, 0.009942349911335836, 0.017277736938406472, 0.04533865775394587, 0.0], [0.9224704003746603, 0.045408572331544286, 0.009945387094235052, 0.009945387094235052, 0.01223025310532534, 0.0], [0.9403791847109755, 0.029897641882505026, 0.009907724468839871, 0.009907724468839871, 0.009907724468839871, 0.0], [0.02652897915935508, 0.03333887336320738, 0.009933365678685899, 0.009933365678685899, 0.9202654161200656, 0.0], [0.8811011403488934, 0.06572450303903914, 0.009965604242870789, 0.009965604242870789, 0.03324314812632596, 0.0], [0.920286291951174, 0.04780630948345055, 0.009947747327929923, 0.009947747327929923, 0.01201190390951573, 0.0], [0.9280032189697874, 0.04211459121376188, 0.009942087002302764, 0.009942087002302764, 0.00999801581184521, 0.0], [0.9549870701397112, 0.01531835243996962, 0.009898192473439734, 0.009898192473439734, 0.009898192473439734, 0.0], [0.9600537948200096, 0.009986551294997575, 0.009986551294997575, 0.009986551294997575, 0.009986551294997575, 0.0], [1.0, 0.0, 0.0, 0.0, 0.0, 0.0], [0.9600599677096948, 0.009985008072576306, 0.009985008072576306, 0.009985008072576306, 0.009985008072576306, 0.0], [0.9604268084017499, 0.009893297899562524, 0.009893297899562524, 0.009893297899562524, 0.009893297899562524, 0.0], [0.9604160116548013, 0.009895997086299697, 0.009895997086299697, 0.009895997086299697, 0.009895997086299697, 0.0], [0.9546618150116435, 0.015643150253141714, 0.00989834491173826, 0.00989834491173826, 0.00989834491173826, 0.0], [0.08970034755184166, 0.03716298227505343, 0.009937101208438345, 0.009937101208438345, 0.8532624677562283, 0.0], [0.945757500962108, 0.024545270438103672, 0.009899076199929462, 0.009899076199929462, 0.009899076199929462, 0.0], [0.9477072691983282, 0.02259572119741253, 0.009899003201419789, 0.009899003201419789, 0.009899003201419789, 0.0], [0.09503079084391443, 0.02981667477816946, 0.009929820382142494, 0.009929820382142494, 0.8552928936136311, 0.0], [0.9559652316527016, 0.014338793812057342, 0.009898658178413719, 0.009898658178413719, 0.009898658178413719, 0.0], [0.9600427160966261, 0.00998932097584347, 0.00998932097584347, 0.00998932097584347, 0.00998932097584347, 0.0], [1.0, 0.0, 0.0, 0.0, 0.0, 0.0]], [[1.0, 0.0, 0.0, 0.0, 0.0, 0.0], [0.009994234095714013, 0.009994234095714013, 0.009994234095714013, 0.009994234095714013, 0.9600230636171441, 0.0], [1.0, 0.0, 0.0, 0.0, 0.0, 0.0], [1.0, 0.0, 0.0, 0.0, 0.0, 0.0], [1.0, 0.0, 0.0, 0.0, 0.0, 0.0], [0.9600427160966261, 0.00998932097584347, 0.00998932097584347, 0.00998932097584347, 0.00998932097584347, 0.0], [0.01648353161435145, 0.01786043759645718, 0.00991785378910757, 0.00991785378910757, 0.9458203232109762, 0.0], [0.9292054798888717, 0.010100007573311651, 0.023131285350425107, 0.010100007573311651, 0.02746321961407999, 0.0], [0.8999915339595039, 0.04583134539625422, 0.009945817340824593, 0.009945817340824593, 0.03428548596259276, 0.0], [0.8931114094002264, 0.05323259276393208, 0.00995318779658654, 0.00995318779658654, 0.033749622242668545, 0.0], [0.8927825375862063, 0.052748401608588645, 0.009952696722431337, 0.009952696722431337, 0.034563667360342464, 0.0], [0.8656717780048778, 0.07880384805618167, 0.00996019532720163, 0.011820577208427248, 0.03374360140331162, 0.0], [0.03291059828065858, 0.04558829870007093, 0.009945566978012002, 0.009945566978012002, 0.9016099690632464, 0.0], [0.03687920823404949, 0.04959413096568157, 0.00994947647343807, 0.00994947647343807, 0.8936277078533927, 0.0], [0.02226222053808261, 0.03714317291903499, 0.009937081596564357, 0.009937081596564357, 0.9207204433497537, 0.0], [0.03399960419552741, 0.05663962002770631, 0.009956461508015041, 0.009956461508015041, 0.8894478527607361, 0.0], [0.0453708356585804, 0.09008699813100723, 0.0099546033741856, 0.013513049719651084, 0.8410745131165757, 0.0], [0.1281256827345131, 0.17239667123478122, 0.00993068382688832, 0.025859500685217186, 0.6636874615186003, 0.0], [0.1298912903091202, 0.237925395466025, 0.00993508416009792, 0.03568880931990375, 0.5865594207448531, 0.0], [0.8136504804066802, 0.11608809175551876, 0.009941944025220879, 0.01741321376332781, 0.04290627004925245, 0.0], [0.9230651142713462, 0.044590415078602966, 0.009944612136585148, 0.009944612136585148, 0.012455246376880402, 0.0], [0.9538154966999334, 0.01648859763596932, 0.009898635221365781, 0.009898635221365781, 0.009898635221365781, 0.0], [0.9528277819644779, 0.017476622085641314, 0.0098985319832936, 0.0098985319832936, 0.0098985319832936, 0.0], [0.9535378217127568, 0.0167667886264893, 0.00989846322025131, 0.00989846322025131, 0.00989846322025131, 0.0], [0.95453839458669, 0.01576635319561707, 0.009898417405897631, 0.009898417405897631, 0.009898417405897631, 0.0], [0.01490866378248928, 0.015007005891872456, 0.0099150481