{"prediction": [[[1.0, 0.0, 0.0, 0.0, 0.0, 0.0], [1.0, 0.0, 0.0, 0.0, 0.0, 0.0], [1.0, 0.0, 0.0, 0.0, 0.0, 0.0], [1.0, 0.0, 0.0, 0.0, 0.0, 0.0], [1.0, 0.0, 0.0, 0.0, 0.0, 0.0], [1.0, 0.0, 0.0, 0.0, 0.0, 0.0], [1.0, 0.0, 0.0, 0.0, 0.0, 0.0], [1.0, 0.0, 0.0, 0.0, 0.0, 0.0], [1.0, 0.0, 0.0, 0.0, 0.0, 0.0], [1.0, 0.0, 0.0, 0.0, 0.0, 0.0], [1.0, 0.0, 0.0, 0.0, 0.0, 0.0], [1.0, 0.0, 0.0, 0.0, 0.0, 0.0], [1.0, 0.0, 0.0, 0.0, 0.0, 0.0], [1.0, 0.0, 0.0, 0.0, 0.0, 0.0], [1.0, 0.0, 0.0, 0.0, 0.0, 0.0], [1.0, 0.0, 0.0, 0.0, 0.0, 0.0], [1.0, 0.0, 0.0, 0.0, 0.0, 0.0], [1.0, 0.0, 0.0, 0.0, 0.0, 0.0], [1.0, 0.0, 0.0, 0.0, 0.0, 0.0], [1.0, 0.0, 0.0, 0.0, 0.0, 0.0], [1.0, 0.0, 0.0, 0.0, 0.0, 0.0], [1.0, 0.0, 0.0, 0.0, 0.0, 0.0], [1.0, 0.0, 0.0, 0.0, 0.0, 0.0], [1.0, 0.0, 0.0, 0.0, 0.0, 0.0], [1.0, 0.0, 0.0, 0.0, 0.0, 0.0], [1.0, 0.0, 0.0, 0.0, 0.0, 0.0], [1.0, 0.0, 0.0, 0.0, 0.0, 0.0], [1.0, 0.0, 0.0, 0.0, 0.0, 0.0], [1.0, 0.0, 0.0, 0.0, 0.0, 0.0], [1.0, 0.0, 0.0, 0.0, 0.0, 0.0], [1.0, 0.0, 0.0, 0.0, 0.0, 0.0], [1.0, 0.0, 0.0, 0.0, 0.0, 0.0], [1.0, 0.0, 0.0, 0.0, 0.0, 0.0], [1.0, 0.0, 0.0, 0.0, 0.0, 0.0], [1.0, 0.0, 0.0, 0.0, 0.0, 0.0], [1.0, 0.0, 0.0, 0.0, 0.0, 0.0], [1.0, 0.0, 0.0, 0.0, 0.0, 0.0], [1.0, 0.0, 0.0, 0.0, 0.0, 0.0], [1.0, 0.0, 0.0, 0.0, 0.0, 0.0], [1.0, 0.0, 0.0, 0.0, 0.0, 0.0]], [[1.0, 0.0, 0.0, 0.0, 0.0, 0.0], [0.9600614439324117, 0.00998463901689708, 0.00998463901689708, 0.00998463901689708, 0.00998463901689708, 0.0], [0.9600614439324117, 0.00998463901689708, 0.00998463901689708, 0.00998463901689708, 0.00998463901689708, 0.0], [0.9600614439324117, 0.00998463901689708, 0.00998463901689708, 0.00998463901689708, 0.00998463901689708, 0.0], [0.9600614439324117, 0.00998463901689708, 0.00998463901689708, 0.00998463901689708, 0.00998463901689708, 0.0], [0.9600614439324117, 0.00998463901689708, 0.00998463901689708, 0.00998463901689708, 0.00998463901689708, 0.0], [0.9600614439324117, 0.00998463901689708, 0.00998463901689708, 0.00998463901689708, 0.00998463901689708, 0.0], [0.9600610899078734, 0.009984727523031632, 0.009984727523031632, 0.009984727523031632, 0.009984727523031632, 0.0], [1.0, 0.0, 0.0, 0.0, 0.0, 0.0], [0.009995823412974131, 0.009995823412974131, 0.009995823412974131, 0.009995823412974131, 0.9600167063481034, 0.0], [0.9600551941591067, 0.009986201460223337, 0.009986201460223337, 0.009986201460223337, 0.009986201460223337, 0.0], [0.9586965963622496, 0.010020115561487823, 0.011243056953286937, 0.010020115561487823, 0.010020115561487823, 0.0], [1.0, 0.0, 0.0, 0.0, 0.0, 0.0], [0.10091838125956855, 0.010143616772443045, 0.030944038678449005, 0.010143616772443045, 0.8478503465170963, 0.0], [0.9534937912994997, 0.010049290296226754, 0.016358337811819966, 0.010049290296226754, 0.010049290296226754, 0.0], [0.9588013159541197, 0.010019499248625814, 0.011140186300002863, 0.010019499248625814, 0.010019499248625814, 0.0], [1.0, 0.0, 0.0, 0.0, 0.0, 0.0], [0.01103443896030182, 0.010061780950509748, 0.016327794283128624, 0.010061780950509748, 0.95251420485555, 0.0], [0.013091234616313938, 0.010049156496698474, 0.014101299616967508, 0.010049156496698474, 0.9527091527733216, 0.0], [0.00999957121027848, 0.00999957121027848, 0.00999957121027848, 0.00999957121027848, 0.9600017151588861, 0.0], [0.9600531090744222, 0.009986722731394445, 0.009986722731394445, 0.009986722731394445, 0.009986722731394445, 0.0], [0.9600595834083124, 0.009985104147921885, 0.009985104147921885, 0.009985104147921885, 0.009985104147921885, 0.0], [0.960059997263067, 0.009985000684233266, 0.009985000684233266, 0.009985000684233266, 0.009985000684233266, 0.0], [0.9600603518113999, 0.009984912047150046, 0.009984912047150046, 0.009984912047150046, 0.009984912047150046, 0.0], [0.9600606176110759, 0.009984845597231016, 0.009984845597231016, 0.009984845597231016, 0.009984845597231016, 0.0], [0.9600612964428092, 0.009984675889297705, 0.009984675889297705, 0.009984675889297705, 0.009984675889297705, 0.0], [0.9600612964428092, 0.009984675889297705, 0.009984675889297705, 0.009984675889297705, 0.009984675889297705, 0.0], [0.9600614144368474, 0.00998464639078814, 0.00998464639078814, 0.00998464639078814, 0.00998464639078814, 0.0], [0.00999436287402677, 0.00999436287402677, 0.00999436287402677, 0.00999436287402677, 0.9600225485038929, 0.0], [0.9600590213775553, 0.009985244655611186, 0.009985244655611186, 0.009985244655611186, 0.009985244655611186, 0.0], [0.9600539438113603, 0.009986514047159924, 0.009986514047159924, 0.009986514047159924, 0.009986514047159924, 0.0], [0.9599903255423684, 0.010002418614407897, 0.010002418614407897, 0.010002418614407897, 0.010002418614407897, 0.0], [0.9528434370611473, 0.010061768976629921, 0.016971256008962883, 0.010061768976629921, 0.010061768976629921, 0.0], [0.9091744906118706, 0.01017526201798711, 0.03642101434460522, 0.01017526201798711, 0.03405397100754994, 0.0], [0.9002338427620193, 0.01021167430607059, 0.04286820103182613, 0.01021167430607059, 0.036474607594013296, 0.0], [0.11707482631247149, 0.0101677138706562, 0.03506480733542613, 0.0101677138706562, 0.82752493861079, 0.0], [0.9531162821260613, 0.010052293141643935, 0.016726838449006912, 0.010052293141643935, 0.010052293141643935, 0.0], [0.9600335864051748, 0.009991603398706316, 0.009991603398706316, 0.009991603398706316, 0.009991603398706316, 0.0], [0.9600539140154826, 0.009986521496129368, 0.009986521496129368, 0.009986521496129368, 0.009986521496129368, 0.0], [1.0, 0.0, 0.0, 0.0, 0.0, 0.0]], [[1.0, 0.0, 0.0, 0.0, 0.0, 0.0], [0.9600614439324117, 0.00998463901689708, 0.00998463901689708, 0.00998463901689708, 0.00998463901689708, 0.0], [0.9604302727621975, 0.009892431809450633, 0.009892431809450633, 0.009892431809450633, 0.009892431809450633, 0.0], [0.9604302727621975, 0.009892431809450633, 0.009892431809450633, 0.009892431809450633, 0.009892431809450633, 0.0], [0.009901941934243414, 0.009901941934243414, 0.009901941934243414, 0.009901941934243414, 0.9603922322630263, 0.0], [0.9604302727621975, 0.009892431809450633, 0.009892431809450633, 0.009892431809450633, 0.009892431809450633, 0.0], [0.9600614144368474, 0.00998464639078814, 0.00998464639078814, 0.00998464639078814, 0.00998464639078814, 0.0], [1.0, 0.0, 0.0, 0.0, 0.0, 0.0], [1.0, 0.0, 0.0, 0.0, 0.0, 0.0], [1.0, 0.0, 0.0, 0.0, 0.0, 0.0], [1.0, 0.0, 0.0, 0.0, 0.0, 0.0], [1.0, 0.0, 0.0, 0.0, 0.0, 0.0], [1.0, 0.0, 0.0, 0.0, 0.0, 0.0], [1.0, 0.0, 0.0, 0.0, 0.0, 0.0], [1.0, 0.0, 0.0, 0.0, 0.0, 0.0], [1.0, 0.0, 0.0, 0.0, 0.0, 0.0], [1.0, 0.0, 0.0, 0.0, 0.0, 0.0], [0.08714114526172795, 0.010201826233175264, 0.04123080968865948, 0.010201826233175264, 0.851224392583262, 0.0], [0.9334123718885683, 0.036889891718356674, 0.009899245464358383, 0.009899245464358383, 0.009899245464358383, 0.0], [0.938812852716577, 0.03148983795870557, 0.009899103108239162, 0.009899103108239162, 0.009899103108239162, 0.0], [0.009906234046439595, 0.009906234046439595, 0.009906234046439595, 0.009906234046439595, 0.9603750638142416, 0.0], [0.009904660605731232, 0.009904660605731232, 0.009904660605731232, 0.009904660605731232, 0.960381357577075, 0.0], [0.9604258496705305, 0.0098935375823674, 0.0098935375823674, 0.0098935375823674, 0.0098935375823674, 0.0], [0.9604231429499375, 0.00989421426251566, 0.00989421426251566, 0.00989421426251566, 0.00989421426251566, 0.0], [0.960427965592749, 0.009893008601812756, 0.009893008601812756, 0.009893008601812756, 0.009893008601812756, 0.0], [0.9604291203770648, 0.00989271990573381, 0.00989271990573381, 0.00989271990573381, 0.00989271990573381, 0.0], [0.9604301399168859, 0.009892465020778517, 0.009892465020778517, 0.009892465020778517, 0.009892465020778517, 0.0], [0.9604300513356492, 0.009892487166087732, 0.009892487166087732, 0.009892487166087732, 0.009892487166087732, 0.0], [0.9604296082169875, 0.009892597945753123, 0.009892597945753123, 0.009892597945753123, 0.009892597945753123, 0.0], [0.960426786124441, 0.009893303468889749, 0.009893303468889749, 0.009893303468889749, 0.009893303468889749, 0.0], [0.009909324848226899, 0.010287039821837894, 0.009909324848226899, 0.009909324848226899, 0.9599849856334814, 0.0], [0.023490860045318442, 0.027865835657785467, 0.00992784443375006, 0.00992784443375006, 0.928787615429396, 0.0], [0.8799316172868643, 0.06727208902445554, 0.009965868141152393, 0.010090813353668331, 0.03273961219385944, 0.0], [0.09638068305641087, 0.09852424025783021, 0.009950471919996094, 0.014778636038674532, 0.7803659687270883, 0.0], [0.5837604864770213, 0.16364475715945812, 0.00994921918527834, 0.024546713573918716, 0.21809882360432356, 0.0], [0.8607571159435337, 0.08514245360855792, 0.00995693143189119, 0.012771368041283686, 0.03137213097473347, 0.0], [0.12496258842196778, 0.0509312117867453, 0.009950885922003392, 0.009950885922003392, 0.8042044279472802, 0.0], [0.9516269514284389, 0.018676625967675345, 0.009898807534628599, 0.009898807534628599, 0.009898807534628599, 0.0], [0.9600450415469443, 0.009988739613263959, 0.009988739613263959, 0.009988739613263959, 0.009988739613263959, 0.0], [1.0, 0.0, 0.0, 0.0, 0.0, 0.0]], [[1.0, 0.0, 0.0, 0.0, 0.0, 0.0], [0.9600614439324117, 0.00998463901689708, 0.00998463901689708, 0.00998463901689708, 0.00998463901689708, 0.0], [0.9604302727621975, 0.009892431809450633, 0.009892431809450633, 0.009892431809450633, 0.009892431809450633, 0.0], [0.00990194766440244, 0.00990194766440244, 0.00990194766440244, 0.00990194766440244, 0.9603922093423902, 0.0], [0.009901941934243414, 0.009901941934243414, 0.009901941934243414, 0.009901941934243414, 0.9603922322630263, 0.0], [0.9604302506235238, 0.009892437344119051, 0.009892437344119051, 0.009892437344119051, 0.009892437344119051, 0.0], [0.9604302284839656, 0.009892442879008612, 0.009892442879008612, 0.009892442879008612, 0.009892442879008612, 0.0], [0.009994559998522659, 0.009994559998522659, 0.009994559998522659, 0.009994559998522659, 0.9600217600059094, 0.0], [0.009995228713432985, 0.009995228713432985, 0.009995228713432985, 0.009995228713432985, 0.9600190851462681, 0.0], [0.9600448907632206, 0.009988777309194839, 0.009988777309194839, 0.009988777309194839, 0.009988777309194839, 0.0], [0.9571508309872983, 0.010029140087068086, 0.012761748751497484, 0.010029140087068086, 0.010029140087068086, 0.0], [0.9019162539229336, 0.010209423766525401, 0.042560978417754414, 0.010209423766525401, 0.035103920126261, 0.0], [0.8834415597650406, 0.010273969810736226, 0.05398358871510155, 0.010273969810736226, 0.042026911898385366, 0.0], [0.6298919784924873, 0.010656542887246875, 0.1220626903408922, 0.010656542887246875, 0.22673224539212666, 0.0], [0.8847093054310257, 0.0102584771730076, 0.051166191040615976, 0.0102584771730076, 0.04360754918234316, 0.0], [1.0, 0.0, 0.0, 0.0, 0.0, 0.0], [1.0, 0.0, 0.0, 0.0, 0.0, 0.0], [0.904860434923726, 0.010236530347289842, 0.047341772151898734, 0.010236530347289842, 0.02732473222979552, 0.0], [0.8705647954515426, 0.0781860209258041, 0.009960348376466385, 0.011727903138870616, 0.02956093210731631, 0.0], [0.030421065548786524, 0.0507281659086141, 0.009950677101270284, 0.009950677101270284, 0.8989494143400588, 0.0], [0.9432499168609849, 0.027052080948935173, 0.00989933406335998, 0.00989933406335998, 0.00989933406335998, 0.0], [0.9604153526292429, 0.00989616184268928, 0.00989616184268928, 0.00989616184268928, 0.00989616184268928, 0.0], [0.016042995227208926, 0.016003674160475566, 0.009915986608817515, 0.009915986608817515, 0.9481213573946805, 0.0], [0.9589659756881095, 0.011339355487428343, 0.009898222941487365, 0.009898222941487365, 0.009898222941487365, 0.0], [0.9604109175426402, 0.009897270614339985, 0.009897270614339985, 0.009897270614339985, 0.009897270614339985, 0.0], [0.9604259166124139, 0.009893520846896493, 0.009893520846896493, 0.009893520846896493, 0.009893520846896493, 0.0], [0.960428587698265, 0.009892853075433776, 0.009892853075433776, 0.009892853075433776, 0.009892853075433776, 0.0], [0.9604298962844086, 0.009892525928897866, 0.009892525928897866, 0.009892525928897866, 0.009892525928897866, 0.0], [0.0099024988287222, 0.0099024988287222, 0.0099024988287222, 0.0099024988287222, 0.9603900046851113, 0.0], [0.00990358435691965, 0.00990358435691965, 0.00990358435691965, 0.00990358435691965, 0.9603856625723214, 0.0], [0.9581521451812356, 0.012153448702009729, 0.009898135372251551, 0.009898135372251551, 0.009898135372251551, 0.0], [0.9407210357928177, 0.02953774317473474, 0.009913740344149146, 0.009913740344149146, 0.009913740344149146, 0.0], [0.8783420210537008, 0.06720152759964951, 0.009965944876890452, 0.010080229139947426, 0.034410277329811674, 0.0], [0.1281636621590785, 0.09722897423432185, 0.009951087873165796, 0.014584346135148276, 0.7500719295982856, 0.0], [0.8471296623388994, 0.0897836381028741, 0.009954790643766944, 0.013467545715431115, 0.03966436319902834, 0.0], [0.8820835727460025, 0.06029627913030504, 0.009960294533137357, 0.009960294533137357, 0.03769955905741777, 0.0], [0.9341589119146669, 0.03606418122872184, 0.00992563561887042, 0.00992563561887042, 0.00992563561887042, 0.0], [0.9473514543535191, 0.022950508768998713, 0.009899345625827392, 0.009899345625827392, 0.009899345625827392, 0.0], [0.9599603270583283, 0.010009918235417916, 0.010009918235417916, 0.010009918235417916, 0.010009918235417916, 0.0], [1.0, 0.0, 0.0, 0.0, 0.0, 0.0]], [[1.0, 0.0, 0.0, 0.0, 0.0, 0.0], [0.009994234095714013, 0.009994234095714013, 0.009994234095714013, 0.009994234095714013, 0.9600230636171441, 0.0], [0.00990194766440244, 0.00990194766440244, 0.00990194766440244, 0.00990194766440244, 0.9603922093423902, 0.0], [0.0099019705873304, 0.0099019705873304, 0.0099019705873304, 0.0099019705873304, 0.9603921176506784, 0.0], [0.9604300734822857, 0.00989248162942857, 0.00989248162942857, 0.00989248162942857, 0.00989248162942857, 0.0], [0.9604302063435227, 0.009892448414119326, 0.009892448414119326, 0.009892448414119326, 0.009892448414119326, 0.0], [0.9604302063435227, 0.009892448414119326, 0.009892448414119326, 0.009892448414119326, 0.009892448414119326, 0.0], [0.9604300956280374, 0.009892476092990661, 0.009892476092990661, 0.009892476092990661, 0.009892476092990661, 0.0], [0.9604289872553062, 0.009892753186173454, 0.009892753186173454, 0.009892753186173454, 0.009892753186173454, 0.0], [0.9604260950847285, 0.009893476228817874, 0.009893476228817874, 0.009893476228817874, 0.009893476228817874, 0.0], [0.9546950160962044, 0.015609743136694854, 0.00989841358903356, 0.00989841358903356, 0.00989841358903356, 0.0], [0.9379744111548262, 0.03229782290643427, 0.00990925531291319, 0.00990925531291319, 0.00990925531291319, 0.0], [0.8563268919820128, 0.08131305705545541, 0.009958964486750516, 0.012196958558318313, 0.04020412791746308, 0.0], [0.8260478106099027, 0.10161273731647848, 0.009948993066822141, 0.01524191059747177, 0.04714854840932477, 0.0], [0.8168872557138372, 0.10603824953977696, 0.009946689299796474, 0.015905737430966543, 0.0512220680156229, 0.0], [0.10726890202529545, 0.010222885008713309, 0.04478527507537706, 0.010222885008713309, 0.8275000528819009, 0.0], [1.0, 0.0, 0.0, 0.0, 0.0, 0.0], [0.6301709290904935, 0.011160602986585846, 0.11382626845239144, 0.01060957473646867, 0.23423262473406045, 0.0], [0.8442344903560277, 0.09714609534603534, 0.009951125354972149, 0.014571914301905301, 0.034096374641059454, 0.0], [0.18596329443037055, 0.13677799785672787, 0.009931539545434966, 0.02051669967850918, 0.6468104684889574, 0.0], [0.924330893031803, 0.045071480087337114, 0.009944969718525546, 0.009944969718525546, 0.01070768744380885, 0.0], [0.9313619774222686, 0.03885438889004977, 0.009927877895893894, 0.009927877895893894, 0.009927877895893894, 0.0], [0.02530752688850762, 0.03651148267391084, 0.009936409660808129, 0.009936409660808129, 0.9183081711159654, 0.0], [0.8882281681802349, 0.06189798562080468, 0.00996173182796798, 0.00996173182796798, 0.029950382543024446, 0.0], [0.021397328289395907, 0.025318201521062376, 0.009925326082673287, 0.009925326082673287, 0.9334338180241951, 0.0], [0.9573671816218645, 0.012937394346241414, 0.009898474677298, 0.009898474677298, 0.009898474677298, 0.0], [0.9604264964381534, 0.009893375890461653, 0.009893375890461653, 0.009893375890461653, 0.009893375890461653, 0.0], [0.009902988611505206, 0.009902988611505206, 0.009902988611505206, 0.009902988611505206, 0.9603880455539792, 0.0], [0.009902867450990074, 0.009902867450990074, 0.009902867450990074, 0.009902867450990074, 0.9603885301960398, 0.0], [0.009907950073338423, 0.009907950073338423, 0.009907950073338423, 0.009907950073338423, 0.9603681997066463, 0.0], [0.951188187931229, 0.019115722711278628, 0.009898696452497528, 0.009898696452497528, 0.009898696452497528, 0.0], [0.895078857510207, 0.05419202423242481, 0.009954073348053719, 0.009954073348053719, 0.03082097156126074, 0.0], [0.8646726301588842, 0.07875636397269488, 0.009960258601919725, 0.011813454595904233, 0.03479729267059693, 0.0], [0.12838825210776833, 0.09196957184532363, 0.00995371155968605, 0.013795435776798546, 0.7558930287104235, 0.0], [0.8674341343546657, 0.07494507103709333, 0.009962118709262134, 0.011241760655563999, 0.03641691524341472, 0.0], [0.9113316096436871, 0.05521482109130935, 0.00995509960048939, 0.00995509960048939, 0.013543370064024639, 0.0], [0.9290519838988833, 0.039414685983157234, 0.009939458726063584, 0.009939458726063584, 0.01165441266583225, 0.0], [0.8787831396844247, 0.06317140706916424, 0.009963141081618328, 0.009963141081618328, 0.03811917108317429, 0.0], [0.9535492338714162, 0.010053501087659475, 0.016290262865605327, 0.010053501087659475, 0.010053501087659475, 0.0], [1.0, 0.0, 0.0, 0.0, 0.0, 0.0]], [[1.0, 0.0, 0.0, 0.0, 0.0, 0.0], [0.9600613849401052, 0.009984653764973718, 0.009984653764973718, 0.009984653764973718, 0.009984653764973718, 0.0], [0.960430162059983, 0.009892459485004267, 0.009892459485004267, 0.009892459485004267, 0.009892459485004267, 0.0], [0.9604295195507361, 0.009892620112316012, 0.009892620112316012, 0.009892620112316012, 0.009892620112316012, 0.0], [0.9604294973819574, 0.009892625654510644, 0.009892625654510644, 0.009892625654510644, 0.009892625654510644, 0.0], [0.009902125413069543, 0.009902125413069543, 0.009902125413069543, 0.009902125413069543, 0.9603914983477218, 0.0], [0.009901982050169685, 0.009901982050169685, 0.009901982050169685, 0.009901982050169685, 0.9603920717993213, 0.0], [0.960430162059983, 0.009892459485004267, 0.009892459485004267, 0.009892459485004267, 0.009892459485004267, 0.0], [0.9604298741306901, 0.009892531467327477, 0.009892531467327477, 0.009892531467327477, 0.009892531467327477, 0.0], [0.9604273427894379, 0.009893164302640539, 0.009893164302640539, 0.009893164302640539, 0.009893164302640539, 0.0], [0.009905099216222943, 0.009905099216222943, 0.009905099216222943, 0.009905099216222943, 0.9603796031351083, 0.0], [0.9476223091631262, 0.022680519883778512, 0.009899056984365145, 0.009899056984365145, 0.009899056984365145, 0.0], [0.9294036372742601, 0.040091147124240285, 0.009940037073448956, 0.009940037073448956, 0.010625141454601614, 0.0], [0.8302719158399334, 0.08999048059206627, 0.009954762454724222, 0.013498572088809939, 0.05628426902446625, 0.0], [0.8594809195434219, 0.08215947308444156, 0.009958513631589545, 0.012323920962666234, 0.03607717277788081, 0.0], [0.8822597562700633, 0.06723433954710362, 0.009965918597843619, 0.010085150932065542, 0.030454834652923802, 0.0], [0.9021663113041014, 0.01020728738826171, 0.042024921245891814, 0.01020728738826171, 0.035394192673483295, 0.0], [0.8477297591313947, 0.0903175352447897, 0.009954589026419469, 0.013547630286718456, 0.03845048631067763, 0.0], [0.7896629979387488, 0.12582411318330838, 0.009937026372019101, 0.018873616977496257, 0.05570224552842752, 0.0], [0.0877306102852336, 0.14238864541318894, 0.009928716399196099, 0.02135829681197834, 0.7385937310904029, 0.0], [0.14369274261283257, 0.1055203236353807, 0.009947073007631108, 0.015828048545307106, 0.7250118121988486, 0.0], [0.9135616013077071, 0.05541836809042439, 0.009955308917308428, 0.009955308917308428, 0.011109412767251567, 0.0], [0.13652802426741473, 0.10241090350630325, 0.00994854447511038, 0.015361635525945485, 0.7357508922252262, 0.0], [0.8517636136772551, 0.08881051046702387, 0.009955227759186048, 0.013321576570053582, 0.036149071526481495, 0.0], [0.8731916543581182, 0.07390084876948545, 0.009962540119656735, 0.011085127315422818, 0.03185982943731679, 0.0], [0.9474524590479305, 0.022849573445183693, 0.009899322502295263, 0.009899322502295263, 0.009899322502295263, 0.0], [0.9595775869047259, 0.010728075471035659, 0.009898112541412813, 0.009898112541412813, 0.009898112541412813, 0.0], [0.009903514822696791, 0.009903514822696791, 0.009903514822696791, 0.009903514822696791, 0.9603859407092128, 0.0], [0.9604224473720455, 0.00989438815698861, 0.00989438815698861, 0.00989438815698861, 0.00989438815698861, 0.0], [0.9602649716777205, 0.01004094169605348, 0.009898028875408681, 0.009898028875408681, 0.009898028875408681, 0.0], [0.9061304106399035, 0.044671742779353624, 0.009944653707972177, 0.009944653707972177, 0.029308539164798596, 0.0], [0.09198179979376063, 0.06778024271441802, 0.009965720747782448, 0.010167036407162702, 0.8201052003368761, 0.0], [0.5912812287314279, 0.16007896485984133, 0.009950209153396403, 0.024011844728976203, 0.2146777525263581, 0.0], [0.8513313013654872, 0.08860924750392153, 0.009955346177243099, 0.01329138712558823, 0.03681271782775997, 0.0], [0.8316325750588855, 0.09512597987602053, 0.009952190806315287, 0.01426889698140308, 0.04902035727737573, 0.0], [0.05070350618517262, 0.07041712468238344, 0.009964410267996023, 0.010562568702357516, 0.8583523901620904, 0.0], [0.8363730303477637, 0.10011952437868751, 0.009949650553891527, 0.015017928656803126, 0.03853986606285427, 0.0], [0.1169393428609436, 0.09846686377272447, 0.009950681065788471, 0.014770029565908671, 0.7598730827346347, 0.0], [0.8963167988187953, 0.010206082766171161, 0.0418608024590061, 0.010206082766171161, 0.0414102331898562, 0.0], [1.0, 0.0, 0.0, 0.0, 0.0, 0.0]], [[1.0, 0.0, 0.0, 0.0, 0.0, 0.0], [0.9600611784299176, 0.009984705392520622, 0.009984705392520622, 0.009984705392520622, 0.009984705392520622, 0.0], [0.9604291869259652, 0.009892703268508704, 0.009892703268508704, 0.009892703268508704, 0.009892703268508704, 0.0], [0.00990263695123907, 0.00990263695123907, 0.00990263695123907, 0.00990263695123907, 0.9603894521950438, 0.0], [0.00990431649766898, 0.00990431649766898, 0.00990431649766898, 0.00990431649766898, 0.9603827340093241, 0.0], [0.9604292534668817, 0.009892686633279604, 0.009892686633279604, 0.009892686633279604, 0.009892686633279604, 0.0], [0.960429408697979, 0.009892647825505233, 0.009892647825505233, 0.009892647825505233, 0.009892647825505233, 0.0], [0.9604298962844086, 0.009892525928897866, 0.009892525928897866, 0.009892525928897866, 0.009892525928897866, 0.0], [0.9604299848904287, 0.009892503777392822, 0.009892503777392822, 0.009892503777392822, 0.009892503777392822, 0.0], [0.9604293865247682, 0.009892653368807961, 0.009892653368807961, 0.009892653368807961, 0.009892653368807961, 0.0], [0.9604248892841922, 0.009893777678951953, 0.009893777678951953, 0.009893777678951953, 0.009893777678951953, 0.0], [0.9604151251995795, 0.009896218700105146, 0.009896218700105146, 0.009896218700105146, 0.009896218700105146, 0.0], [0.921060364211781, 0.03202659311593903, 0.009931990819569194, 0.009931990819569194, 0.027049061033141607, 0.0], [0.8944371343958268, 0.05337677389669854, 0.009953303242243047, 0.009953303242243047, 0.03227948522298861, 0.0], [0.6372646901822017, 0.10274356748895992, 0.009948584461735877, 0.015411535123343988, 0.2346316227437584, 0.0], [0.8842549246114977, 0.0649767554926872, 0.009964820946110734, 0.009964820946110734, 0.030838678003593644, 0.0], [0.8984605959580848, 0.05071587947231739, 0.009950641556864709, 0.009950641556864709, 0.03092224145586828, 0.0], [0.8262658496912504, 0.09356651725159976, 0.009953014113247668, 0.014034977587739963, 0.05617964135616222, 0.0], [0.8294234092894307, 0.09983376941858259, 0.009949979743008555, 0.014975065412787387, 0.04581777613619059, 0.0], [0.5081074402727654, 0.2559866725917305, 0.0099636724502464, 0.038398000888759574, 0.18754421379649797, 0.0], [0.8233924379968874, 0.11045145119665996, 0.009944601538894675, 0.016567717679498994, 0.03964379158805877, 0.0], [0.8042360473045421, 0.11189543917767385, 0.009943986693386421, 0.016784315876651076, 0.057140210947746406, 0.0], [0.08548326625864135, 0.12922719912004038, 0.009935271284827187, 0.019384079868006054, 0.755970183468485, 0.0], [0.5213965187724878, 0.23921350857445933, 0.009969721954424414, 0.0358820262861689, 0.19353822441245938, 0.0], [0.1081410290918041, 0.08879324027192582, 0.009955370968027085, 0.013318986040788875, 0.7797913736274542, 0.0], [0.8878384676107777, 0.05815492551414106, 0.009958065047918865, 0.009958065047918865, 0.034090476779243505, 0.0], [0.9537739663682978, 0.01653004761631823, 0.009898662005128034, 0.009898662005128034, 0.009898662005128034, 0.0], [0.009907615976106744, 0.009907615976106744, 0.009907615976106744, 0.009907615976106744, 0.9603695360955731, 0.0], [0.9604199947268018, 0.00989500131829955, 0.00989500131829955, 0.00989500131829955, 0.00989500131829955, 0.0], [0.9489766756453627, 0.02132619951051668, 0.009899041614706925, 0.009899041614706925, 0.009899041614706925, 0.0], [0.9345691126338789, 0.03563457864281189, 0.009932102907769781, 0.009932102907769781, 0.009932102907769781, 0.0], [0.8713997559025427, 0.07660526410269787, 0.0099612629673055, 0.011490789615404682, 0.03054292741204924, 0.0], [0.8585661126271397, 0.08164723393698835, 0.009958819151575291, 0.012247085090548252, 0.03758074919374845, 0.0], [0.8366208071432301, 0.08534759141711744, 0.009957020469723445, 0.012802138712567615, 0.055272442257361394, 0.0], [0.8634689584517349, 0.08025667844545414, 0.009959530227468032, 0.012038501766818121, 0.03427633110852477, 0.0], [0.20804216660007174, 0.11806457465291732, 0.009940806932065826, 0.0177096861979376, 0.6462427656170074, 0.0], [0.8207268045467562, 0.10929511210399648, 0.009945259046306748, 0.01639426681559947, 0.043638557487341134, 0.0], [0.5316492525862052, 0.22387539184172078, 0.009964188705791384, 0.03358130877625812, 0.20092985809002445, 0.0], [0.8808059228550814, 0.010235159965241155, 0.04696436566533326, 0.010235159965241155, 0.05175939154910298, 0.0], [1.0, 0.0, 0.0, 0.0, 0.0, 0.0]], [[1.0, 0.0, 0.0, 0.0, 0.0, 0.0], [0.9600601154647417, 0.009984971133814566, 0.009984971133814566, 0.009984971133814566, 0.009984971133814566, 0.0], [0.9604276097906622, 0.009893097552334447, 0.009893097552334447, 0.009893097552334447, 0.009893097552334447, 0.0], [0.960420625792471, 0.009894843551882245, 0.009894843551882245, 0.009894843551882245, 0.009894843551882245, 0.0], [0.9604186852500559, 0.009895328687486025, 0.009895328687486025, 0.009895328687486025, 0.009895328687486025, 0.0], [0.9604211436353579, 0.009894714091160509, 0.009894714091160509, 0.009894714091160509, 0.009894714091160509, 0.0], [0.9604262957976506, 0.009893426050587349, 0.009893426050587349, 0.009893426050587349, 0.009893426050587349, 0.0], [0.9604280100519845, 0.009892997487003868, 0.009892997487003868, 0.009892997487003868, 0.009892997487003868, 0.0], [0.9604290760066948, 0.009892730998326278, 0.009892730998326278, 0.009892730998326278, 0.009892730998326278, 0.0], [0.9604294752122925, 0.009892631196926871, 0.009892631196926871, 0.009892631196926871, 0.009892631196926871, 0.0], [0.9604274095517762, 0.009893147612055965, 0.009893147612055965, 0.009893147612055965, 0.009893147612055965, 0.0], [0.9604180067306168, 0.009895498317345786, 0.009895498317345786, 0.009895498317345786, 0.009895498317345786, 0.0], [0.9545488884113503, 0.01575486140223355, 0.00989875006213874, 0.00989875006213874, 0.00989875006213874, 0.0], [0.913885852912747, 0.03889296025573799, 0.009938829467991687, 0.009938829467991687, 0.02734352789553153, 0.0], [0.9016107100567604, 0.05572385024309208, 0.009955519826177985, 0.009955519826177985, 0.02275440004779156, 0.0], [0.1015607155248792, 0.0429360768162573, 0.009942873085461958, 0.009942873085461958, 0.8356174614879396, 0.0], [0.9384185599344349, 0.03181714303726645, 0.00992143234276618, 0.00992143234276618, 0.00992143234276618, 0.0], [0.9322514568835923, 0.0375033474551836, 0.009937498370707655, 0.009937498370707655, 0.010370198919808801, 0.0], [0.8549570111572444, 0.08832413629090594, 0.009955457104678083, 0.01324862044363589, 0.033514775003535544, 0.0], [0.09522632593668692, 0.11936569293294702, 0.009940253576599875, 0.01790485393994205, 0.7575628736138241, 0.0], [0.8390544899510205, 0.10130691473242122, 0.00994902128159197, 0.015196037209863183, 0.03449353682510317, 0.0], [0.9033426711714534, 0.06184698896348411, 0.009961726228752982, 0.009961726228752982, 0.014886887407556592, 0.0], [0.13839731733739855, 0.09869626349100626, 0.009950498866195128, 0.014804439523650936, 0.7381514807817491, 0.0], [0.8398364271036549, 0.09648204741216332, 0.009951485071283777, 0.014472307111824498, 0.039257733301073405, 0.0], [0.860366072776822, 0.07939123727899779, 0.009959919430097513, 0.011908685591849667, 0.0383740849222329, 0.0], [0.8935146653187326, 0.052448999883930834, 0.00995243541226538, 0.00995243541226538, 0.03413146397280574, 0.0], [0.9457547447894764, 0.024544386233134333, 0.009900289659129766, 0.009900289659129766, 0.009900289659129766, 0.0], [0.95608806524474, 0.014216922903267511, 0.009898337283997487, 0.009898337283997487, 0.009898337283997487, 0.0], [0.949406938907804, 0.020896431449618943, 0.009898876547525673, 0.009898876547525673, 0.009898876547525673, 0.0], [0.9348399074594566, 0.03541373603885348, 0.009915452167230046, 0.009915452167230046, 0.009915452167230046, 0.0], [0.13208781866260638, 0.10271072609025017, 0.009948341146396903, 0.015406608913537524, 0.7398465051872091, 0.0], [0.04012999499912421, 0.07617359406655311, 0.009961482742812755, 0.011426039109982966, 0.862308889081527, 0.0], [0.1835145965420272, 0.10190840877469146, 0.00994888290108011, 0.015286261316203717, 0.6893418504659976, 0.0], [0.8804912930759176, 0.06803679144045591, 0.009965505545097682, 0.010205518716068387, 0.03130089122246047, 0.0], [0.6357511325354874, 0.10547793196434752, 0.009947221261041974, 0.01582168979465213, 0.23300202444447096, 0.0], [0.8731589185755687, 0.07187661280717775, 0.009963674619873755, 0.010781491921076662, 0.034219302076303144, 0.0], [0.8171066028362961, 0.10171624563966823, 0.00994896510026429, 0.015257436845950234, 0.055970749577820965, 0.0], [0.11937250640730485, 0.0988643614743369, 0.009950424739181904, 0.014829654221150535, 0.7569830531580258, 0.0], [0.8933335928465189, 0.010212249346756653, 0.042955920063450975, 0.010212249346756653, 0.043285988396516685, 0.0], [1.0, 0.0, 0.0, 0.0, 0.0, 0.0]], [[1.0, 0.0, 0.0, 0.0, 0.0, 0.0], [0.9600576292538536, 0.009985592686536593, 0.009985592686536593, 0.009985592686536593, 0.009985592686536593, 0.0], [0.9604151251995795, 0.009896218700105146, 0.009896218700105146, 0.009896218700105146, 0.009896218700105146, 0.0], [0.9588910447737858, 0.01141350827792049, 0.009898482316097893, 0.009898482316097893, 0.009898482316097893, 0.0], [0.9196816245493487, 0.03040823948914157, 0.009930400233169276, 0.009930400233169276, 0.03004933549517116, 0.0], [0.9560803285671301, 0.01422436195530268, 0.009898436492522441, 0.009898436492522441, 0.009898436492522441, 0.0], [0.015267643560060789, 0.01057141857826603, 0.009910606669739844, 0.009910606669739844, 0.9543397245221935, 0.0], [0.9604174859752506, 0.009895628506187368, 0.009895628506187368, 0.009895628506187368, 0.009895628506187368, 0.0], [0.9604259389245852, 0.009893515268853697, 0.009893515268853697, 0.009893515268853697, 0.009893515268853697, 0.0], [0.009903723526097806, 0.009903723526097806, 0.009903723526097806, 0.009903723526097806, 0.9603851058956089, 0.0], [0.009904153478437438, 0.009904153478437438, 0.009904153478437438, 0.009904153478437438, 0.9603833860862502, 0.0], [0.9603666765996351, 0.009939464761771497, 0.009897952879531156, 0.009897952879531156, 0.009897952879531156, 0.0], [0.9554234162429412, 0.014880827256669633, 0.009898585500129745, 0.009898585500129745, 0.009898585500129745, 0.0], [0.022074829141610127, 0.024044037807231012, 0.009924023991263013, 0.009924023991263013, 0.9340330850686327, 0.0], [0.09398373868259417, 0.03724628434776192, 0.009937142949582181, 0.009937142949582181, 0.8488956910704794, 0.0], [0.9518131636147555, 0.01849129775289684, 0.009898512877449217, 0.009898512877449217, 0.009898512877449217, 0.0], [0.957921422043463, 0.012383463115542599, 0.009898371613664862, 0.009898371613664862, 0.009898371613664862, 0.0], [0.9437703942742792, 0.02653264220438051, 0.00989898784044672, 0.00989898784044672, 0.00989898784044672, 0.0], [0.03641159028412123, 0.049511847223299627, 0.009949467045136126, 0.009949467045136126, 0.894177628402307, 0.0], [0.1217782319228743, 0.11152426679190915, 0.009943966146444869, 0.01672864001878637, 0.7400248951199853, 0.0], [0.1363776646471836, 0.10122571089365005, 0.00994919450390266, 0.015183856634047506, 0.7372635733212162, 0.0], [0.911682998932743, 0.05488750240083322, 0.00995479503319585, 0.00995479503319585, 0.013519908600032077, 0.0], [0.9151983870239688, 0.054087913845793215, 0.009953997556144917, 0.009953997556144917, 0.010805704017947998, 0.0], [0.8663663490856531, 0.07520506775004296, 0.00996199266839883, 0.011280760162506445, 0.03718583033339855, 0.0], [0.8789877148979642, 0.0647785914200031, 0.009964745993673417, 0.009964745993673417, 0.03630420169468576, 0.0], [0.8745950388045817, 0.0666288143506749, 0.009966320176972484, 0.009994322152601234, 0.038815504515169616, 0.0], [0.8928921554064893, 0.05307761016079743, 0.00995304215907043, 0.00995304215907043, 0.03412415011457238, 0.0], [0.9406400155933292, 0.029611574502938026, 0.009916136634577619, 0.009916136634577619, 0.009916136634577619, 0.0], [0.03305764208854703, 0.0421919905603824, 0.009942204486032752, 0.009942204486032752, 0.9048659583790052, 0.0], [0.127327198164806, 0.10201253551938805, 0.009948702097803875, 0.015301880327908206, 0.745409683890094, 0.0], [0.07404662003738006, 0.1442085672890732, 0.009927717338523469, 0.02163128509336098, 0.7501858102416624, 0.0], [0.127751798318688, 0.12662177775627873, 0.009936449229563875, 0.018993266663441807, 0.7166967080320276, 0.0], [0.91200263045304, 0.05639231780943476, 0.00995630437193972, 0.00995630437193972, 0.011692442993645715, 0.0], [0.8965800131688714, 0.05052158788242089, 0.009950495970744992, 0.009950495970744992, 0.03299740700721753, 0.0], [0.9070999554639984, 0.04301458544174617, 0.009942948868165137, 0.009942948868165137, 0.029999561357925215, 0.0], [0.9046893446557224, 0.04382694425971804, 0.009943793970266474, 0.009943793970266474, 0.03159612314402677, 0.0], [0.9322547708811837, 0.03572606462290141, 0.009935756280697457, 0.009935756280697457, 0.012147651934519988, 0.0], [0.877080884319778, 0.06385625080862095, 0.009963797593544049, 0.009963797593544049, 0.03913526968451281, 0.0], [0.951635514389637, 0.01006091800915437, 0.01818173158289977, 0.01006091800915437, 0.01006091800915437, 0.0], [1.0, 0.0, 0.0, 0.0, 0.0, 0.0]], [[1.0, 0.0, 0.0, 0.0, 0.0, 0.0], [0.9600470591154935, 0.009988235221126658, 0.009988235221126658, 0.009988235221126658, 0.009988235221126658, 0.0], [0.9567295664898002, 0.013574516368734722, 0.009898639047155015, 0.009898639047155015, 0.009898639047155015, 0.0], [0.905368996786591, 0.04336304409754888, 0.00994327442149353, 0.00994327442149353, 0.03138141027287308, 0.0], [0.8924809332000295, 0.0495932640201364, 0.009949512593365697, 0.009949512593365697, 0.03802677759310259, 0.0], [0.9062157047090732, 0.040685058130826866, 0.00994066976418474, 0.00994066976418474, 0.03321789763173046, 0.0], [0.9451894789959855, 0.025113303934496036, 0.00989907235650619, 0.00989907235650619, 0.00989907235650619, 0.0], [0.019724556994717677, 0.021535594163893355, 0.009921530909089479, 0.009921530909089479, 0.9388967870232101, 0.0], [0.9574503986580636, 0.012855218057855507, 0.009898127761360337, 0.009898127761360337, 0.009898127761360337, 0.0], [0.9604197691734923, 0.009895057706626954, 0.009895057706626954, 0.009895057706626954, 0.009895057706626954, 0.0], [0.014059481635760714, 0.016969696016309786, 0.009916948773934547, 0.009916948773934547, 0.9491369248000604, 0.0], [0.01663585588033209, 0.023467384863143016, 0.009923435688143656, 0.009923435688143656, 0.9400498878802376, 0.0], [0.9116146458583433, 0.04057544070259682, 0.00994048935363619, 0.00994048935363619, 0.027928934731787453, 0.0], [0.9502353247355928, 0.020067665660147813, 0.009899003201419789, 0.009899003201419789, 0.009899003201419789, 0.0], [0.9506285335638076, 0.019675595201423528, 0.009898623744922924, 0.009898623744922924, 0.009898623744922924, 0.0], [0.011238069865430007, 0.011100541038405512, 0.009911113154396542, 0.009911113154396542, 0.9578391627873714, 0.0], [0.9604208735163349, 0.009894781620916289, 0.009894781620916289, 0.009894781620916289, 0.009894781620916289, 0.0], [0.015241336234497102, 0.016303313210836258, 0.009916308347768353, 0.009916308347768353, 0.94862273385913, 0.0], [0.9356897541115877, 0.03457645903998275, 0.009911262282809854, 0.009911262282809854, 0.009911262282809854, 0.0], [0.8616701559905395, 0.08025874912651129, 0.009959507436735208, 0.012038812368976694, 0.036072775077237135, 0.0], [0.8403077726979983, 0.09704258358805025, 0.009951232528165776, 0.014556387538207536, 0.038142023647578176, 0.0], [0.8600019556317533, 0.08427463813374815, 0.009957458067466915, 0.012641195720062223, 0.03312475244696936, 0.0], [0.04065563901436314, 0.05507225138769797, 0.00995498769241128, 0.00995498769241128, 0.8843621342131164, 0.0], [0.12581666244367662, 0.07686701629187878, 0.009961163703926666, 0.011530052443781816, 0.7758251051167361, 0.0], [0.8646163037057987, 0.0799718511777799, 0.009959589620637498, 0.011995777676666984, 0.03345647781911684, 0.0], [0.5848087103151298, 0.16448304900846306, 0.00995419081387455, 0.024672457351269456, 0.21608159251126313, 0.0], [0.8554252875661785, 0.08509601283108165, 0.009957106687935377, 0.012764401924662246, 0.036757190990142116, 0.0], [0.8862666461408569, 0.05951426834745542, 0.009959514427052172, 0.009959514427052172, 0.03430005665758346, 0.0], [0.8730456237641043, 0.07401986159951922, 0.009962533891060691, 0.011102979239927882, 0.03186900150538786, 0.0], [0.8316606067532912, 0.10494722279765603, 0.009947266451255994, 0.015742083419648403, 0.03770282057814828, 0.0], [0.4945687371356319, 0.2681857025325334, 0.00994827889800925, 0.04022785537988, 0.18706942605394553, 0.0], [0.09343308270168821, 0.12367019770742273, 0.009938117221070063, 0.018550529656113406, 0.7544080727137056, 0.0], [0.8606406033106685, 0.08495602445449056, 0.009957060140976259, 0.012743403668173585, 0.03170290842569113, 0.0], [0.9413737622740217, 0.028906655885336148, 0.009906527280214043, 0.009906527280214043, 0.009906527280214043, 0.0], [0.9260518827211242, 0.028054411758327503, 0.009928067936232302, 0.009928067936232302, 0.026037569648083722, 0.0], [0.9564962969163526, 0.013807843324396699, 0.009898619919750221, 0.009898619919750221, 0.009898619919750221, 0.0], [0.9529379460434976, 0.017364986738128356, 0.009899022406124705, 0.009899022406124705, 0.009899022406124705, 0.0], [0.9542073567867502, 0.01609676050250057, 0.009898627570249745, 0.009898627570249745, 0.009898627570249745, 0.0], [0.016931204387493428, 0.010031886772323704, 0.011044598017251257, 0.010031886772323704, 0.9519604240506079, 0.0], [1.0, 0.0, 0.0, 0.0, 0.0, 0.0]], [[1.0, 0.0, 0.0, 0.0, 0.0, 0.0], [0.9600458552532518, 0.009988536186687075, 0.009988536186687075, 0.009988536186687075, 0.009988536186687075, 0.0], [0.9162723704782908, 0.03562382347635623, 0.00993559291660236, 0.00993559291660236, 0.028232620212148247, 0.0], [0.09117286486195013, 0.059295072581450926, 0.009959232902956704, 0.009959232902956704, 0.8296135967506855, 0.0], [0.6087415057358048, 0.14227581609607098, 0.009949357768956014, 0.021341372414410646, 0.21769194798475758, 0.0], [0.8774355905731772, 0.0671592871473195, 0.009965962046372248, 0.010073893072097925, 0.035365267161033095, 0.0], [0.8918185189528769, 0.05651868662696161, 0.009956441188869484, 