SEED_0: [[[1.0,0.0,0.0,0.0,0.0,0.0],[1.0,0.0,0.0,0.0,0.0,0.0],[1.0,0.0,0.0,0.0,0.0,0.0],[1.0,0.0,0.0,0.0,0.0,0.0],[1.0,0.0,0.0,0.0,0.0,0.0],[1.0,0.0,0.0,0.0,0.0,0.0],[1.0,0.0,0.0,0.0,0.0,0.0],[1.0,0.0,0.0,0.0,0.0,0.0],[1.0,0.0,0.0,0.0,0.0,0.0],[1.0,0.0,0.0,0.0,0.0,0.0],[1.0,0.0,0.0,0.0,0.0,0.0],[1.0,0.0,0.0,0.0,0.0,0.0],[1.0,0.0,0.0,0.0,0.0,0.0],[1.0,0.0,0.0,0.0,0.0,0.0],[1.0,0.0,0.0,0.0,0.0,0.0],[1.0,0.0,0.0,0.0,0.0,0.0],[1.0,0.0,0.0,0.0,0.0,0.0],[1.0,0.0,0.0,0.0,0.0,0.0],[1.0,0.0,0.0,0.0,0.0,0.0],[1.0,0.0,0.0,0.0,0.0,0.0],[1.0,0.0,0.0,0.0,0.0,0.0],[1.0,0.0,0.0,0.0,0.0,0.0],[1.0,0.0,0.0,0.0,0.0,0.0],[1.0,0.0,0.0,0.0,0.0,0.0],[1.0,0.0,0.0,0.0,0.0,0.0],[1.0,0.0,0.0,0.0,0.0,0.0],[1.0,0.0,0.0,0.0,0.0,0.0],[1.0,0.0,0.0,0.0,0.0,0.0],[1.0,0.0,0.0,0.0,0.0,0.0],[1.0,0.0,0.0,0.0,0.0,0.0],[1.0,0.0,0.0,0.0,0.0,0.0],[1.0,0.0,0.0,0.0,0.0,0.0],[1.0,0.0,0.0,0.0,0.0,0.0],[1.0,0.0,0.0,0.0,0.0,0.0],[1.0,0.0,0.0,0.0,0.0,0.0],[1.0,0.0,0.0,0.0,0.0,0.0],[1.0,0.0,0.0,0.0,0.0,0.0],[1.0,0.0,0.0,0.0,0.0,0.0],[1.0,0.0,0.0,0.0,0.0,0.0],[1.0,0.0,0.0,0.0,0.0,0.0]],[[1.0,0.0,0.0,0.0,0.0,0.0],[0.009526077637532746,0.009526077637532746,0.009526077637532746,0.009526077637532746,0.9523696118123364,0.009526077637532746],[0.9523650740723099,0.009526985185538036,0.009526985185538036,0.009526985185538036,0.009526985185538036,0.009526985185538036],[0.9523741486879078,0.00952517026241844,0.00952517026241844,0.00952517026241844,0.00952517026241844,0.00952517026241844],[0.009538344143456697,0.009538344143456697,0.009538344143456697,0.009538344143456697,0.9523082792827164,0.009538344143456697],[0.9520843315764255,0.009583133684714902,0.009583133684714902,0.009583133684714902,0.009583133684714902,0.009583133684714902],[0.951278928136419,0.009744214372716201,0.009744214372716201,0.009744214372716201,0.009744214372716201,0.009744214372716201],[0.922857564285363,0.022419981316682238,0.025222478981267515,0.009833325138895718,0.009833325138895718,0.009833325138895718],[0.039573143619386394,0.038288622103651,0.0739587965021491,0.009880934736426065,0.8284175683019613,0.009880934736426065],[0.8030580434459894,0.049037557523875494,0.10529961898164183,0.009896580731357315,0.022811618585778612,0.009896580731357315],[0.7794991090873095,0.0472678677489606,0.12636111661057217,0.009899029895070284,0.027073846763017224,0.009899029895070284],[0.8141133419048561,0.04233013549599445,0.09969340322421125,0.00989021857383048,0.02408268222727722,0.00989021857383048],[0.8646991942261111,0.03084680409313362,0.06589549656433832,0.009886796183696674,0.01878491274902368,0.009886796183696674],[0.9381008436335099,0.014763586423386304,0.017706494016087895,0.009809691975671964,0.009809691975671964,0.009809691975671964],[0.9516066589237322,0.009678668215253582,0.009678668215253582,0.009678668215253582,0.009678668215253582,0.009678668215253582],[0.9518466798285743,0.009630664034285166,0.009630664034285166,0.009630664034285166,0.009630664034285166,0.009630664034285166],[0.9512836751595459,0.009743264968090807,0.009743264968090807,0.009743264968090807,0.009743264968090807,0.009743264968090807],[0.9167324388318863,0.01430544593528019,0.024319258089976318,0.009865824782951855,0.024911207576953434,0.009865824782951855],[1.0,0.0,0.0,0.0,0.0,0.0],[1.0,0.0,0.0,0.0,0.0,0.0],[0.05422757803239826,0.03136112208613197,0.07842749901224813,0.009877518767285659,0.8162287633346504,0.009877518767285659],[0.07862783810463968,0.02230997038499506,0.03790720631786771,0.009871668311944718,0.8414116485686081,0.009871668311944718],[0.9401793150752045,0.015040909313605409,0.015383861643231588,0.009798637989319485,0.009798637989319485,0.009798637989319485],[0.9517258025585326,0.009654839488293508,0.009654839488293508,0.009654839488293508,0.009654839488293508,0.009654839488293508],[0.9522673031026253,0.009546539379474939,0.009546539379474939,0.009546539379474939,0.009546539379474939,0.009546539379474939],[0.009526077637532746,0.009526077637532746,0.009526077637532746,0.009526077637532746,0.9523696118123364,0.009526077637532746],[0.9523650740723099,0.009526985185538036,0.009526985185538036,0.009526985185538036,0.009526985185538036,0.009526985185538036],[0.9522490688568428,0.00955018622863146,0.00955018622863146,0.00955018622863146,0.00955018622863146,0.00955018622863146],[0.9517071521707635,0.009658569565847298,0.009658569565847298,0.009658569565847298,0.009658569565847298,0.009658569565847298],[0.9387995292271479,0.013976069046684974,0.01780109846998823,0.00980776775205963,0.00980776775205963,0.00980776775205963],[0.862431511920628,0.029369662865886763,0.06698257564539216,0.009872155585172022,0.021471938397749146,0.009872155585172022],[0.8156996587030717,0.04051046149280309,0.09675025968244547,0.009892664589207102,0.02725429094326557,0.009892664589207102],[0.7791250123725626,0.045877462139958435,0.12441848955755717,0.009898050084133426,0.030782935761654955,0.009898050084133426],[0.8063989714172685,0.04529720106814361,0.10384729502522007,0.009890218573830482,0.024676095341707054,0.009890218573830482],[0.8490136945666683,0.035843179908043706,0.07569090819202058,0.009887773767736195,0.01967666979779503,0.009887773767736195],[0.9192769897557133,0.023049645390070924,0.028122537431048072,0.009850275807722618,0.009850275807722618,0.009850275807722618],[0.009844942160964805,0.014225941422594143,0.01343834604971696,0.009844942160964805,0.9428008860447945,0.009844942160964805],[0.009757049468240806,0.009757049468240806,0.009757049468240806,0.009757049468240806,0.9512147526587961,0.009757049468240806],[0.009658569565847298,0.009658569565847298,0.009658569565847298,0.009658569565847298,0.9517071521707635,0.009658569565847298],[1.0,0.0,0.0,0.0,0.0,0.0]],[[1.0,0.0,0.0,0.0,0.0,0.0],[0.9523105536744719,0.009537889265105633,0.009537889265105633,0.009537889265105633,0.009537889265105633,0.009537889265105633],[0.9523037298483258,0.009539254030334827,0.009539254030334827,0.009539254030334827,0.009539254030334827,0.009539254030334827],[0.9522809696506966,0.00954380606986066,0.00954380606986066,0.00954380606986066,0.00954380606986066,0.00954380606986066],[0.9522718594883542,0.009545628102329133,0.009545628102329133,0.009545628102329133,0.009545628102329133,0.009545628102329133],[0.9519461797212879,0.009610764055742432,0.009610764055742432,0.009610764055742432,0.009610764055742432,0.009610764055742432],[0.937657552840799,0.02356020942408377,0.009695559433779331,0.009695559433779331,0.009695559433779331,0.009695559433779331],[0.8953925831826843,0.06552010553574046,0.009771827820393805,0.009771827820393805,0.009771827820393805,0.009771827820393805],[0.8062254901960785,0.14205882352941177,0.00980392156862745,0.010588235294117648,0.021519607843137254,0.00980392156862745],[0.06637254901960783,0.19637254901960785,0.00980392156862745,0.011813725490196079,0.7058333333333333,0.00980392156862745],[0.4096420887932721,0.4663602581654606,0.009778994719342852,0.009778994719342852,0.0946606688832388,0.009778994719342852],[0.7549019607843137,0.18416666666666665,0.00980392156862745,0.011372549019607842,0.029950980392156865,0.00980392156862745],[0.8320588235294117,0.11470588235294119,0.00980392156862745,0.010931372549019608,0.02269607843137255,0.00980392156862745],[0.9193226606977762,0.041749793197411324,0.009731886526203106,0.009731886526203106,0.009731886526203106,0.009731886526203106],[0.9467092219159534,0.014604187823395717,0.009671647565162726,0.009671647565162726,0.009671647565162726,0.009671647565162726],[0.9510073923757065,0.010339662753055997,0.009663236217809344,0.009663236217809344,0.009663236217809344,0.009663236217809344],[0.9370503597122303,0.024061831615788454,0.009721952167995334,0.009721952167995334,0.009721952167995334,0.009721952167995334],[0.8614981717561024,0.028560134400632473,0.06097440458543334,0.009882399446585631,0.02920249036466054,0.009882399446585631],[0.07396039603960396,0.04014851485148515,0.10717821782178218,0.0100990099009901,0.7587128712871287,0.009900990099009901],[0.7495544554455446,0.04915841584158416,0.14014851485148516,0.010297029702970296,0.040940594059405935,0.009900990099009901],[0.07403560830860535,0.04426310583580614,0.11815034619188923,0.009891196834817014,0.7437685459940654,0.009891196834817014],[0.05965909090909092,0.1127057210031348,0.009796238244514107,0.009796238244514107,0.798246473354232,0.009796238244514107],[0.9186809980059336,0.04241038859977628,0.009727153348572541,0.009727153348572541,0.009727153348572541,0.009727153348572541],[0.9484466347779872,0.012900420350775476,0.009663236217809344,0.009663236217809344,0.009663236217809344,0.009663236217809344],[0.00956160061194244,0.00956160061194244,0.00956160061194244,0.00956160061194244,0.9521919969402879,0.00956160061194244],[0.9523582658408766,0.009528346831824677,0.009528346831824677,0.009528346831824677,0.009528346831824677,0.009528346831824677],[0.9523514556630295,0.0095297088673941,0.0095297088673941,0.0095297088673941,0.0095297088673941,0.0095297088673941],[0.952219408476277,0.009556118304744614,0.009556118304744614,0.009556118304744614,0.009556118304744614,0.009556118304744614],[0.9490559660051185,0.012313486889758076,0.009657636776280844,0.009657636776280844,0.009657636776280844,0.009657636776280844],[0.92358884678908,0.03754979112017876,0.009715340522685322,0.009715340522685322,0.009715340522685322,0.009715340522685322],[0.8411471077615739,0.10834883038073799,0.00978760888714887,0.00978760888714887,0.02114123519624156,0.00978760888714887],[0.7740196078431372,0.16367647058823528,0.00980392156862745,0.010686274509803922,0.03200980392156862,0.00980392156862745],[0.38127220518810534,0.49856426728962866,0.009733781087263348,0.009733781087263348,0.09096218426047599,0.009733781087263348],[0.7525,0.18377450980392157,0.00980392156862745,0.010833333333333334,0.0332843137254902,0.00980392156862745],[0.8081372549019608,0.13799019607843135,0.00980392156862745,0.011127450980392157,0.023137254901960783,0.00980392156862745],[0.880579483163665,0.08026624902114332,0.009788566953797966,0.009788566953797966,0.009788566953797966,0.009788566953797966],[0.9073630722626668,0.05354961645575805,0.009771827820393805,0.009771827820393805,0.009771827820393805,0.009771827820393805],[0.009750390015600624,0.0343213728549142,0.009750390015600624,0.009750390015600624,0.9266770670826833,0.009750390015600624],[0.946558546236139,0.012016999658052856,0.012114698842264668,0.009769918421181184,0.009769918421181184,0.009769918421181184],[1.0,0.0,0.0,0.0,0.0,0.0]],[[1.0,0.0,0.0,0.0,0.0,0.0],[0.9520590632340955,0.00958818735318088,0.00958818735318088,0.00958818735318088,0.00958818735318088,0.00958818735318088],[0.9519577227960605,0.009608455440787892,0.009608455440787892,0.009608455440787892,0.009608455440787892,0.009608455440787892],[0.009630200308166411,0.009630200308166411,0.009630200308166411,0.009630200308166411,0.9518489984591679,0.009630200308166411],[0.009623712828409202,0.009623712828409202,0.009623712828409202,0.009623712828409202,0.951881435857954,0.009623712828409202],[0.9517444385465426,0.009651112290691504,0.009651112290691504,0.009651112290691504,0.009651112290691504,0.009651112290691504],[0.9281236331826797,0.03299800748408417,0.009719589833309034,0.009719589833309034,0.009719589833309034,0.009719589833309034],[0.8690196078431373,0.08274509803921569,0.00980392156862745,0.00980392156862745,0.018823529411764704,0.00980392156862745],[0.7550490196078431,0.18299019607843137,0.00980392156862745,0.013627450980392156,0.02872549019607843,0.00980392156862745],[0.6964705882352942,0.23666666666666666,0.00980392156862745,0.014705882352941176,0.032549019607843135,0.00980392156862745],[0.6777941176470589,0.2543137254901961,0.00980392156862745,0.012499999999999999,0.035784313725490194,0.00980392156862745],[0.7324999999999999,0.20058823529411765,0.00980392156862745,0.013823529411764705,0.03348039215686274,0.00980392156862745],[0.045735294117647055,0.1302450980392157,0.00980392156862745,0.012205882352941176,0.7922058823529412,0.00980392156862745],[0.914745308310992,0.04625883499878138,0.009748964172556667,0.009748964172556667,0.009748964172556667,0.009748964172556667],[0.9448319287028965,0.016419645451903515,0.00968710646130001,0.00968710646130001,0.00968710646130001,0.00968710646130001],[0.9485109263198608,0.012811835234964222,0.009669309611293754,0.009669309611293754,0.009669309611293754,0.009669309611293754],[0.9292693597783286,0.031840941130718003,0.00972242477273832,0.00972242477273832,0.00972242477273832,0.00972242477273832],[0.8406862745098039,0.09803921568627451,0.00980392156862745,0.009901960784313725,0.03176470588235294,0.00980392156862745],[0.7532843137254902,0.16995098039215686,0.00980392156862745,0.010588235294117648,0.04656862745098039,0.00980392156862745],[0.28110463692895266,0.6193996964207021,0.009792880575821379,0.009792880575821379,0.07011702492288106,0.009792880575821379],[0.74,0.1877941176470588,0.00980392156862745,0.011715686274509805,0.040882352941176474,0.00980392156862745],[0.8164755464079192,0.12540429285504265,0.009801038910124474,0.009801038910124474,0.028717044006664708,0.009801038910124474],[0.9158659708335365,0.04511534897332098,0.009754670048285617,0.009754670048285617,0.009754670048285617,0.009754670048285617],[0.0097007324052966,0.014357083959838968,0.0097007324052966,0.0097007324052966,0.9468399864189746,0.0097007324052966],[0.009566174008705219,0.009566174008705219,0.009566174008705219,0.009566174008705219,0.9521691299564738,0.009566174008705219],[0.9523673430503953,0.009526531389920928,0.009526531389920928,0.009526531389920928,0.009526531389920928,0.009526531389920928],[0.9523514556630295,0.0095297088673941,0.0095297088673941,0.0095297088673941,0.0095297088673941,0.0095297088673941],[0.9522445081184336,0.009551098376313277,0.009551098376313277,0.009551098376313277,0.009551098376313277,0.009551098376313277],[0.9510557085567956,0.010291346571966951,0.009663236217809344,0.009663236217809344,0.009663236217809344,0.009663236217809344],[0.9265734265734267,0.03457653457653458,0.009712509712509714,0.009712509712509714,0.009712509712509714,0.009712509712509714],[0.849507666682996,0.09925047763680007,0.009797677950325772,0.009797677950325772,0.021848821829226473,0.009797677950325772],[0.7921078431372548,0.15102941176470588,0.00980392156862745,0.010637254901960784,0.02661764705882353,0.00980392156862745],[0.754656862745098,0.1821078431372549,0.00980392156862745,0.011813725490196079,0.03181372549019608,0.00980392156862745],[0.7609313725490195,0.18132352941176472,0.00980392156862745,0.011519607843137254,0.02661764705882353,0.00980392156862745],[0.7751470588235294,0.16333333333333333,0.00980392156862745,0.01122549019607843,0.03068627450980392,0.00980392156862745],[0.043676470588235296,0.13524509803921567,0.00980392156862745,0.010931372549019608,0.7905392156862745,0.00980392156862745],[0.8305325559747195,0.12116015873793541,0.009798637989319485,0.009798637989319485,0.018911371319386604,0.009798637989319485],[0.858707878906441,0.09448818897637795,0.009781386022399374,0.009781386022399374,0.017459774049982883,0.009781386022399374],[0.9136850417016236,0.021763805951734688,0.028870354833933774,0.009870206780832058,0.015940383951043774,0.009870206780832058],[1.0,0.0,0.0,0.0,0.0,0.0]],[[1.0,0.0,0.0,0.0,0.0,0.0],[0.951496337973517,0.0097007324052966,0.0097007324052966,0.0097007324052966,0.0097007324052966,0.0097007324052966],[0.9414096490379967,0.019916851977182636,0.009668374746205162,0.009668374746205162,0.009668374746205162,0.009668374746205162],[0.009712509712509712,0.02054195804195804,0.009712509712509712,0.009712509712509712,0.9406080031080031,0.009712509712509712],[0.9443692605123248,0.016964717254712422,0.009666505558240696,0.009666505558240696,0.009666505558240696,0.009666505558240696],[0.009729992702505472,0.016978837265872047,0.009729992702505472,0.009729992702505472,0.9441011919241059,0.009729992702505472],[0.9241302017347237,0.03688724295877595,0.009745638826625085,0.009745638826625085,0.009745638826625085,0.009745638826625085],[0.03818627450980392,0.09784313725490196,0.00980392156862745,0.011323529411764705,0.8330392156862745,0.00980392156862745],[0.7624999999999998,0.17254901960784308,0.009803921568627449,0.013382352941176468,0.03196078431372548,0.009803921568627449],[0.6870588235294117,0.23950980392156862,0.00980392156862745,0.01568627450980392,0.03813725490196078,0.00980392156862745],[0.06024509803921568,0.24509803921568626,0.00980392156862745,0.017009803921568627,0.6580392156862745,0.00980392156862745],[0.055098039215686276,0.20745098039215687,0.00980392156862745,0.013774509803921569,0.7040686274509803,0.00980392156862745],[0.8405392156862747,0.1061764705882353,0.009803921568627453,0.012303921568627453,0.021372549019607848,0.009803921568627453],[0.9144502464496609,0.0465082231223464,0.009760382606998196,0.009760382606998196,0.009760382606998196,0.009760382606998196],[0.9465556469961756,0.01471656097206758,0.009681948007939197,0.009681948007939197,0.009681948007939197,0.009681948007939197],[0.9514530245152556,0.009864126492916205,0.009670712247957063,0.009670712247957063,0.009670712247957063,0.009670712247957063],[0.9348945680691867,0.026236517345253136,0.00971722864639005,0.00971722864639005,0.00971722864639005,0.00971722864639005],[0.8485784313725491,0.09004901960784313,0.00980392156862745,0.010049019607843138,0.031715686274509804,0.00980392156862745],[0.7816176470588235,0.15019607843137256,0.00980392156862745,0.011372549019607842,0.03720588235294117,0.00980392156862745],[0.7401470588235294,0.18558823529411764,0.00980392156862745,0.011568627450980392,0.04308823529411765,0.00980392156862745],[0.7716176470588235,0.1646078431372549,0.00980392156862745,0.01122549019607843,0.03294117647058823,0.00980392156862745],[0.8283377412087375,0.11465373689881478,0.009795278675678323,0.009795278675678323,0.027622685865412874,0.009795278675678323],[0.9243996297920016,0.03663110721418482,0.009742315748453408,0.009742315748453408,0.009742315748453408,0.009742315748453408],[0.9504811644663669,0.010832245272982254,0.009671647565162726,0.009671647565162726,0.009671647565162726,0.009671647565162726],[0.952217125382263,0.0095565749235474,0.0095565749235474,0.0095565749235474,0.0095565749235474,0.0095565749235474],[0.9523446435379337,0.009531071292413268,0.009531071292413268,0.009531071292413268,0.009531071292413268,0.009531071292413268],[0.9523582658408766,0.009528346831824677,0.009528346831824677,0.009528346831824677,0.009528346831824677,0.009528346831824677],[0.952294628375155,0.009541074324968991,0.009541074324968991,0.009541074324968991,0.009541074324968991,0.009541074324968991],[0.009658569565847298,0.009658569565847298,0.009658569565847298,0.009658569565847298,0.9517071521707635,0.009658569565847298],[0.9401551891367603,0.02104752667313288,0.009699321047526672,0.009699321047526672,0.009699321047526672,0.009699321047526672],[0.060471255377395394,0.05470277669143528,0.009777082518576457,0.009777082518576457,0.85549472037544,0.009777082518576457],[0.837226384604084,0.11018069634200088,0.009793839674844523,0.009793839674844523,0.023211400029381518,0.009793839674844523],[0.8106372549019607,0.13651960784313727,0.00980392156862745,0.011323529411764705,0.02191176470588235,0.00980392156862745],[0.04681372549019608,0.1511764705882353,0.00980392156862745,0.012892156862745098,0.7695098039215686,0.00980392156862745],[0.7737254901960784,0.16053921568627452,0.00980392156862745,0.01303921568627451,0.03308823529411765,0.00980392156862745],[0.7775980392156863,0.16465686274509803,0.00980392156862745,0.012990196078431372,0.02514705882352941,0.00980392156862745],[0.7727450980392156,0.16730392156862745,0.00980392156862745,0.010735294117647058,0.029607843137254904,0.00980392156862745],[0.8136630754162586,0.13041136141038198,0.009794319294809012,0.009794319294809012,0.02654260528893242,0.009794319294809012],[0.8701362828362631,0.03026861544538811,0.06300612285206399,0.009875567845151097,0.01683784317598262,0.009875567845151097],[1.0,0.0,0.0,0.0,0.0,0.0]],[[1.0,0.0,0.0,0.0,0.0,0.0],[0.9317678334071777,0.014621178555604786,0.021168709693299856,0.009845911485255748,0.012750455373406194,0.009845911485255748],[0.8972682926829268,0.05882926829268293,0.009756097560975611,0.009756097560975611,0.014634146341463415,0.009756097560975611],[0.8924053724053724,0.06275946275946276,0.009768009768009768,0.009768009768009768,0.015531135531135533,0.009768009768009768],[0.9039840054615497,0.0518359584532111,0.00975276734773492,0.00975276734773492,0.014921734042034427,0.00975276734773492],[0.9259042319519697,0.03119051105579148,0.00976228828037292,0.00976228828037292,0.013618392151120226,0.00976228828037292],[0.9249658935879946,0.036055349834340285,0.009744689144416294,0.009744689144416294,0.009744689144416294,0.009744689144416294],[0.8531862745098039,0.09455882352941175,0.00980392156862745,0.011372549019607842,0.02127450980392157,0.00980392156862745],[0.7786764705882353,0.15980392156862747,0.00980392156862745,0.014068627450980392,0.02784313725490196,0.00980392156862745],[0.44460784313725493,0.40700980392156866,0.00980392156862745,0.014656862745098038,0.11411764705882353,0.00980392156862745],[0.6961274509803923,0.23357843137254905,0.009803921568627453,0.014313725490196081,0.036372549019607854,0.009803921568627453],[0.7368627450980393,0.20098039215686272,0.00980392156862745,0.01338235294117647,0.029166666666666664,0.00980392156862745],[0.04230392156862745,0.11955882352941176,0.00980392156862745,0.012745098039215686,0.8057843137254902,0.00980392156862745],[0.9001516559855193,0.052052247933075675,0.009784257130277382,0.009784257130277382,0.018443324690572863,0.009784257130277382],[0.00972951936174353,0.015567230978789648,0.00972951936174353,0.00972951936174353,0.9455146915742362,0.00972951936174353],[0.009685699065330039,0.009685699065330039,0.009685699065330039,0.009685699065330039,0.9515715046733497,0.009685699065330039],[0.9440834141610086,0.017119301648884575,0.009699321047526672,0.009699321047526672,0.009699321047526672,0.009699321047526672],[0.0812594729379553,0.04806140908424192,0.009778516599031926,0.009778516599031926,0.841343568180707,0.009778516599031926],[0.8358333333333333,0.10313725490196078,0.00980392156862745,0.010588235294117648,0.03083333333333333,0.00980392156862745],[0.06519607843137255,0.1263235294117647,0.00980392156862745,0.010490196078431371,0.7783823529411765,0.00980392156862745],[0.05765845070422536,0.11551251956181534,0.009780907668231613,0.009780907668231613,0.7974863067292645,0.009780907668231613],[0.8842218632202478,0.06305380134136192,0.009790962941205269,0.009790962941205269,0.023351446614774563,0.009790962941205269],[0.9353506897221684,0.025791723333980963,0.009714396735962699,0.009714396735962699,0.009714396735962699,0.009714396735962699],[0.9517700395485676,0.009645992090286487,0.009645992090286487,0.009645992090286487,0.009645992090286487,0.009645992090286487],[0.9522308206745008,0.009553835865099837,0.009553835865099837,0.009553835865099837,0.009553835865099837,0.009553835865099837],[0.9523128278493086,0.009537434430138294,0.009537434430138294,0.009537434430138294,0.009537434430138294,0.009537434430138294],[0.00956297217175098,0.00956297217175098,0.00956297217175098,0.00956297217175098,0.952185139141245,0.00956297217175098],[0.9521210380158958,0.009575792396820836,0.009575792396820836,0.009575792396820836,0.009575792396820836,0.009575792396820836],[0.009666505558240696,0.009666505558240696,0.009666505558240696,0.009666505558240696,0.9516674722087965,0.009666505558240696],[0.9429304419381382,0.018345515271794375,0.00968101069751682,0.00968101069751682,0.00968101069751682,0.00968101069751682],[0.9256158115081298,0.035439587187226174,0.009736150326161036,0.009736150326161036,0.009736150326161036,0.009736150326161036],[0.033297477019362406,0.06336788578134167,0.009778994719342852,0.009778994719342852,0.8739976530412674,0.009778994719342852],[0.8619253014410352,0.09454955396529752,0.009802960494069209,0.009802960494069209,0.01411626311145966,0.009802960494069209],[0.8348039215686275,0.11955882352941176,0.00980392156862745,0.010343137254901961,0.01568627450980392,0.00980392156862745],[0.05480392156862745,0.1646078431372549,0.00980392156862745,0.012352941176470587,0.7486274509803921,0.00980392156862745],[0.745,0.18534313725490195,0.00980392156862745,0.012843137254901962,0.03720588235294117,0.00980392156862745],[0.38224673043138785,0.5010247901620144,0.009759906304899474,0.009759906304899474,0.08744876049189929,0.009759906304899474],[0.06700980392156862,0.1547549019607843,0.00980392156862745,0.010392156862745097,0.748235294117647,0.00980392156862745],[0.8561762236380698,0.03195535141008544,0.07270212871042622,0.009878006618264434,0.019410283004889613,0.009878006618264434],[1.0,0.0,0.0,0.0,0.0,0.0]],[[1.0,0.0,0.0,0.0,0.0,0.0],[0.8923707066719306,0.024328859060402684,0.049891433083300435,0.009869719699960523,0.013669561784445323,0.009869719699960523],[0.8513321926179418,0.09904668785138107,0.009777560498655585,0.009777560498655585,0.02028843803471034,0.009777560498655585],[0.8361297265567675,0.10766521547718044,0.00978329990705865,0.00978329990705865,0.02685515824487599,0.00978329990705865],[0.8677795183082045,0.08233796749559429,0.009790483649892306,0.009790483649892306,0.02051106324652438,0.009790483649892306],[0.039499413375048885,0.052747360187719985,0.009777082518576457,0.009777082518576457,0.8784219788815018,0.009777082518576457],[0.012809856744731824,0.037451718574292275,0.009778516599031926,0.009778516599031926,0.9204028748838801,0.009778516599031926],[0.8776470588235294,0.07245098039215686,0.00980392156862745,0.009852941176470589,0.020441176470588237,0.00980392156862745],[0.04843137254901961,0.1263235294117647,0.00980392156862745,0.012941176470588235,0.7926960784313726,0.00980392156862745],[0.7359313725490196,0.19333333333333333,0.00980392156862745,0.014313725490196078,0.03681372549019608,0.00980392156862745],[0.06833333333333333,0.2043627450980392,0.00980392156862745,0.014362745098039215,0.6933333333333334,0.00980392156862745],[0.7339705882352942,0.19936274509803922,0.00980392156862745,0.011911764705882353,0.03514705882352941,0.00980392156862745],[0.8235294117647058,0.12147058823529411,0.00980392156862745,0.010147058823529412,0.025245098039215683,0.00980392156862745],[0.8844292349058909,0.06541187973600586,0.009777560498655585,0.009777560498655585,0.020826203862136395,0.009777560498655585],[0.009733781087263348,0.017520805957074025,0.009733781087263348,0.009733781087263348,0.9435440696938726,0.009733781087263348],[0.9518906956605409,0.009621860867891852,0.009621860867891852,0.009621860867891852,0.009621860867891852,0.009621860867891852],[0.9500507712393017,0.011266379768869976,0.00967071224795706,0.00967071224795706,0.00967071224795706,0.00967071224795706],[0.9262603094041287,0.030891610951149288,0.009760382606998196,0.009760382606998196,0.013566931823727492,0.009760382606998196],[0.8919514344462939,0.06271418779986292,0.009791442279447763,0.009791442279447763,0.01596005091549985,0.009791442279447763],[0.8751467136150234,0.07854068857589983,0.00978090766823161,0.00978090766823161,0.016969874804381845,0.00978090766823161],[0.8830057690427299,0.07279749682213747,0.009778038525471789,0.009778038525471789,0.014862618558717119,0.009778038525471789],[0.04103566194430874,0.042012701514411326,0.009770395701025891,0.009770395701025891,0.8876404494382022,0.009770395701025891],[0.013839481506749185,0.020466838848009358,0.009746113737147314,0.009746113737147314,0.9364553384337996,0.009746113737147314],[0.009682416731216113,0.009682416731216113,0.009682416731216113,0.009682416731216113,0.9515879163439195,0.009682416731216113],[0.9520958083832336,0.009580838323353293,0.009580838323353293,0.009580838323353293,0.009580838323353293,0.009580838323353293],[0.9521508206134265,0.009569835877314704,0.009569835877314704,0.009569835877314704,0.009569835877314704,0.009569835877314704],[0.952045269265813,0.009590946146837385,0.009590946146837385,0.009590946146837385,0.009590946146837385,0.009590946146837385],[0.9517304629048609,0.009653907419027852,0.009653907419027852,0.009653907419027852,0.009653907419027852,0.009653907419027852],[0.9439071566731141,0.017408123791102514,0.009671179883945842,0.009671179883945842,0.009671179883945842,0.009671179883945842],[0.9362311801845558,0.02491500728508985,0.009713453132588637,0.009713453132588637,0.009713453132588637,0.009713453132588637],[0.9250912630810416,0.03596982234120224,0.009734728644439037,0.009734728644439037,0.009734728644439037,0.009734728644439037],[0.026243768937542763,0.06235949565047405,0.009774215619196561,0.009774215619196561,0.8820740885543936,0.009774215619196561],[0.8660465116279069,0.08876376988984087,0.009791921664626684,0.009791921664626684,0.015813953488372095,0.009791921664626684],[0.835055585484108,0.11616631568637054,0.00979479896175131,0.00979479896175131,0.019393701944267594,0.00979479896175131],[0.7921180334297337,0.15116906034017938,0.009803441007793734,0.009803441007793734,0.02730258320670555,0.009803441007793734],[0.7720209793637567,0.16901132297436403,0.009803441007793737,0.009803441007793737,0.029557374638498116,0.009803441007793737],[0.7756372549019608,0.16225490196078432,0.00980392156862745,0.012598039215686275,0.029901960784313723,0.00980392156862745],[0.816421568627451,0.12931372549019607,0.00980392156862745,0.010196078431372548,0.02446078431372549,0.00980392156862745],[0.8726787830896878,0.02913868036349269,0.060450414855788226,0.009877518767285659,0.017977084156459898,0.009877518767285659],[1.0,0.0,0.0,0.0,0.0,0.0]],[[1.0,0.0,0.0,0.0,0.0,0.0],[0.8568530430479959,0.03646709549727857,0.07041068777832755,0.009896091044037604,0.016476991588322613,0.009896091044037604],[0.053652800235190354,0.13841932480768285,0.009799598216473124,0.009799598216473124,0.7785290803077073,0.009799598216473124],[0.4861470803811385,0.3669191302223308,0.009772782799902272,0.009772782799902272,0.11761544099682385,0.009772782799902272],[0.8280882352941177,0.11436274509803922,0.00980392156862745,0.011568627450980392,0.02637254901960784,0.00980392156862745],[0.8842409119819953,0.06693086745926906,0.00978521454082881,0.00978521454082881,0.01947257693624933,0.00978521454082881],[0.929827124421719,0.03121499878256635,0.009739469198928659,0.009739469198928659,0.009739469198928659,0.009739469198928659],[0.9114827856025038,0.042106807511737086,0.009780907668231613,0.009780907668231613,0.017067683881064163,0.009780907668231613],[0.862834460452808,0.08673919435460159,0.009801038910124474,0.009801038910124474,0.021023228462216995,0.009801038910124474],[0.06068627450980392,0.1419607843137255,0.00980392156862745,0.012303921568627451,0.7654411764705883,0.00980392156862745],[0.7603921568627451,0.1675,0.00980392156862745,0.014215686274509804,0.038284313725490196,0.00980392156862745],[0.47333333333333333,0.37612745098039213,0.00980392156862745,0.013088235294117647,0.11784313725490196,0.00980392156862745],[0.0646710107295086,0.1196413698495909,0.009798637989319485,0.009798637989319485,0.786291705452942,0.009798637989319485],[0.8876344086021505,0.06270772238514173,0.009775171065493644,0.009775171065493644,0.02033235581622678,0.009775171065493644],[0.00973093952221087,0.015277575049871064,0.00973093952221087,0.00973093952221087,0.9457986668612854,0.00973093952221087],[0.009647387969707202,0.009647387969707202,0.009647387969707202,0.009647387969707202,0.951763060151464,0.009647387969707202],[0.9512596102702965,0.010057540737875344,0.009670712247957063,0.009670712247957063,0.009670712247957063,0.009670712247957063],[0.9230694180203912,0.03458705302697693,0.009756573491389824,0.009756573491389824,0.013073808478462364,0.009756573491389824],[0.8957977451315339,0.05793352530626189,0.009761335350675972,0.009761335350675972,0.01698472351017619,0.009761335350675972],[0.8739499902324673,0.07716350849775347,0.009767532721234616,0.009767532721234616,0.0195839031060754,0.009767532721234616],[0.03927699071812408,0.07161700048851978,0.009770395701025891,0.009770395701025891,0.8597948216902784,0.009770395701025891],[0.03209599531730159,0.055558265450465834,0.009755621676991367,0.009755621676991367,0.8830788742012584,0.009755621676991367],[0.9359086491739553,0.025218658892128282,0.009718172983479108,0.009718172983479108,0.009718172983479108,0.009718172983479108],[0.009727626459143969,0.017801556420233462,0.009727626459143969,0.009727626459143969,0.9432879377431906,0.009727626459143969],[0.9501158972377824,0.011251690168050995,0.009658103148541626,0.009658103148541626,0.009658103148541626,0.009658103148541626],[0.009695559433779328,0.009695559433779328,0.009695559433779328,0.009695559433779328,0.9515222028311033,0.009695559433779328],[0.9509903627294299,0.010266841009249841,0.009685699065330039,0.009685699065330039,0.009685699065330039,0.009685699065330039],[0.05843617384517828,0.024535388517633285,0.009755621676991367,0.009755621676991367,0.8877615726062144,0.009755621676991367],[0.8961647311408215,0.0547965258124329,0.009758953840148335,0.009758953840148335,0.019761881526300377,0.009758953840148335],[0.8827606403748536,0.06633151112846544,0.009761811792268645,0.009761811792268645,0.021622413119875047,0.009761811792268645],[0.051478856025421654,0.06810070887313616,0.009777560498655585,0.009777560498655585,0.8510877536054754,0.009777560498655585],[0.8692804067266329,0.07621235823230349,0.009777082518576457,0.009777082518576457,0.025175987485334377,0.009777082518576457],[0.8638451764245919,0.09075359202424005,0.009774215619196558,0.009774215619196558,0.016078584693578337,0.009774215619196558],[0.5825280624694973,0.25265983406539777,0.009760858955588092,0.009760858955588092,0.13552952659834067,0.009760858955588092],[0.8307352941176471,0.11299019607843137,0.00980392156862745,0.010441176470588235,0.026225490196078432,0.00980392156862745],[0.8170588235294117,0.12901960784313724,0.00980392156862745,0.009901960784313725,0.02441176470588235,0.00980392156862745],[0.04588235294117647,0.10779411764705883,0.00980392156862745,0.009950980392156862,0.8167647058823528,0.00980392156862745],[0.040892193308550186,0.08633339855214243,0.009782821365681862,0.009782821365681862,0.8434259440422618,0.009782821365681862],[0.9180530187095818,0.0205361109739843,0.027200473910253247,0.009873130275953991,0.014464135854272597,0.009873130275953991],[1.0,0.0,0.0,0.0,0.0,0.0]],[[1.0,0.0,0.0,0.0,0.0,0.0],[0.8236138613861386,0.050049504950495045,0.08752475247524753,0.010544554455445544,0.018366336633663365,0.009900990099009901],[0.7732843137254901,0.17308823529411765,0.00980392156862745,0.013137254901960785,0.02088235294117647,0.00980392156862745],[0.758921568627451,0.1789705882352941,0.00980392156862745,0.014411764705882353,0.028088235294117646,0.00980392156862745],[0.8069117647058823,0.13740196078431371,0.00980392156862745,0.012647058823529412,0.02343137254901961,0.00980392156862745],[0.8691666666666666,0.08014705882352942,0.00980392156862745,0.010833333333333334,0.02024509803921569,0.00980392156862745],[0.9284914569439712,0.03256583751156111,0.009735676386116925,0.009735676386116925,0.009735676386116925,0.009735676386116925],[0.9355591194051611,0.025562521261602758,0.009719589833309034,0.009719589833309034,0.009719589833309034,0.009719589833309034],[0.012743518382891462,0.0385235095942581,0.009765148186123725,0.009765148186123725,0.9194375274644794,0.009765148186123725],[0.8765686274509802,0.07259803921568626,0.009803921568627449,0.010441176470588233,0.02078431372549019,0.009803921568627449],[0.8439705882352941,0.09823529411764706,0.00980392156862745,0.010784313725490196,0.027401960784313725,0.00980392156862745],[0.8307277628032345,0.10909090909090907,0.009801519235481499,0.009801519235481499,0.030776770399411905,0.009801519235481499],[0.8628045797044721,0.08278696545650259,0.009785693316371465,0.009785693316371465,0.025051374889910952,0.009785693316371465],[0.9028415193828727,0.04931159066497413,0.009764671418806757,0.009764671418806757,0.01855287569573284,0.009764671418806757],[0.9490180903550353,0.012285963045370996,0.009673986649898422,0.009673986649898422,0.009673986649898422,0.009673986649898422],[0.9519807923169268,0.009603841536614645,0.009603841536614645,0.009603841536614645,0.009603841536614645,0.009603841536614645],[0.9517793422702286,0.009644131545954287,0.009644131545954287,0.009644131545954287,0.009644131545954287,0.009644131545954287],[0.9214014228632686,0.03635123282331157,0.009745638826625085,0.009745638826625085,0.01301042783354449,0.009745638826625085],[0.0453924248340492,0.061743459586099184,0.009761811792268645,0.009761811792268645,0.8635786802030457,0.009761811792268645],[0.5855051244509517,0.2531478770131772,0.009760858955588092,0.009760858955588092,0.1320644216691069,0.009760858955588092],[0.04388408346772223,0.07535551971851635,0.00977373796608513,0.00977373796608513,0.851439182915506,0.00977373796608513],[0.8859473452840325,0.06169100766863673,0.009768964001367654,0.009768964001367654,0.02305475504322766,0.009768964001367654],[0.9023926709224697,0.05379854782905317,0.009746113737147314,0.009746113737147314,0.014570440037035233,0.009746113737147314],[0.9066783745548563,0.04692911849358505,0.009756573491389824,0.009756573491389824,0.01712278647738914,0.009756573491389824],[0.9164716208308952,0.039984396333138286,0.009752291788570313,0.009752291788570313,0.014287107470255508,0.009752291788570313],[0.9334405301369196,0.023047312771037377,0.009745163962383669,0.009745163962383669,0.014276665204892073,0.009745163962383669],[0.9410078235094028,0.02011759560717236,0.009718645220856213,0.009718645220856213,0.009718645220856213,0.009718645220856213],[0.8951864870142551,0.056141378636984964,0.009763718023823472,0.009763718023823472,0.019380980277289593,0.009763718023823472],[0.8572335955440465,0.08775101382713638,0.009771827820393805,0.009771827820393805,0.02569990716763571,0.009771827820393805],[0.8311389555087857,0.10557486172972444,0.009789046057461701,0.009789046057461701,0.033919044589104795,0.009789046057461701],[0.8454692160985867,0.0926695681940437,0.009780429360848941,0.009780429360848941,0.03251992762482273,0.009780429360848941],[0.06167400881057268,0.0924620655898189,0.00978952520802741,0.00978952520802741,0.8164953499755261,0.00978952520802741],[0.8827522218966696,0.07349350522511963,0.00976657876745776,0.00976657876745776,0.014454536575837484,0.00976657876745776],[0.8726650366748167,0.08180929095354524,0.009779951100244499,0.009779951100244499,0.016185819070904644,0.009779951100244499],[0.8826610534560408,0.0751909144311729,0.009790483649892306,0.009790483649892306,0.01277658116310946,0.009790483649892306],[0.023813016478411816,0.06312649748178574,0.009779472886411424,0.009779472886411424,0.8837220673805682,0.009779472886411424],[0.9180479719188767,0.042950468018720746,0.009750390015600624,0.009750390015600624,0.009750390015600624,0.009750390015600624],[0.930385288966725,0.030696633586300835,0.00972951936174353,0.00972951936174353,0.00972951936174353,0.00972951936174353],[0.009803441007793734,0.009803441007793734,0.010538699083378263,0.009803441007793734,0.9502475368854467,0.009803441007793734],[1.0,0.0,0.0,0.0,0.0,0.0]],[[1.0,0.0,0.0,0.0,0.0,0.0],[0.06722772277227723,0.06732673267326733,0.12910891089108908,0.013861386138613862,0.7125742574257425,0.009900990099009901],[0.05774509803921569,0.2456862745098039,0.00980392156862745,0.014705882352941176,0.6622549019607843,0.00980392156862745],[0.6906862745098039,0.23970588235294116,0.00980392156862745,0.017843137254901963,0.03215686274509804,0.00980392156862745],[0.7578921568627451,0.17132352941176468,0.00980392156862745,0.018676470588235294,0.0325,0.00980392156862745],[0.858235294117647,0.09127450980392157,0.00980392156862745,0.012794117647058824,0.018088235294117648,0.00980392156862745],[0.016652830004395172,0.03984958734189578,0.009767055721052888,0.009767055721052888,0.9141964154905503,0.009767055721052888],[0.010585365853658536,0.016097560975609753,0.009756097560975608,0.009756097560975608,0.9440487804878047,0.009756097560975608],[0.9446034440941062,0.016589861751152072,0.009701673538685424,0.009701673538685424,0.009701673538685424,0.009701673538685424],[0.9269471013078274,0.028791723599453443,0.009759906304899474,0.009759906304899474,0.014981456178020693,0.00975