{"prediction": [[[1.0, 0.0, 0.0, 0.0, 0.0, 0.0], [1.0, 0.0, 0.0, 0.0, 0.0, 0.0], [1.0, 0.0, 0.0, 0.0, 0.0, 0.0], [1.0, 0.0, 0.0, 0.0, 0.0, 0.0], [1.0, 0.0, 0.0, 0.0, 0.0, 0.0], [1.0, 0.0, 0.0, 0.0, 0.0, 0.0], [1.0, 0.0, 0.0, 0.0, 0.0, 0.0], [1.0, 0.0, 0.0, 0.0, 0.0, 0.0], [1.0, 0.0, 0.0, 0.0, 0.0, 0.0], [1.0, 0.0, 0.0, 0.0, 0.0, 0.0], [1.0, 0.0, 0.0, 0.0, 0.0, 0.0], [1.0, 0.0, 0.0, 0.0, 0.0, 0.0], [1.0, 0.0, 0.0, 0.0, 0.0, 0.0], [1.0, 0.0, 0.0, 0.0, 0.0, 0.0], [1.0, 0.0, 0.0, 0.0, 0.0, 0.0], [1.0, 0.0, 0.0, 0.0, 0.0, 0.0], [1.0, 0.0, 0.0, 0.0, 0.0, 0.0], [1.0, 0.0, 0.0, 0.0, 0.0, 0.0], [1.0, 0.0, 0.0, 0.0, 0.0, 0.0], [1.0, 0.0, 0.0, 0.0, 0.0, 0.0], [1.0, 0.0, 0.0, 0.0, 0.0, 0.0], [1.0, 0.0, 0.0, 0.0, 0.0, 0.0], [1.0, 0.0, 0.0, 0.0, 0.0, 0.0], [1.0, 0.0, 0.0, 0.0, 0.0, 0.0], [1.0, 0.0, 0.0, 0.0, 0.0, 0.0], [1.0, 0.0, 0.0, 0.0, 0.0, 0.0], [1.0, 0.0, 0.0, 0.0, 0.0, 0.0], [1.0, 0.0, 0.0, 0.0, 0.0, 0.0], [1.0, 0.0, 0.0, 0.0, 0.0, 0.0], [1.0, 0.0, 0.0, 0.0, 0.0, 0.0], [1.0, 0.0, 0.0, 0.0, 0.0, 0.0], [1.0, 0.0, 0.0, 0.0, 0.0, 0.0], [1.0, 0.0, 0.0, 0.0, 0.0, 0.0], [1.0, 0.0, 0.0, 0.0, 0.0, 0.0], [1.0, 0.0, 0.0, 0.0, 0.0, 0.0], [1.0, 0.0, 0.0, 0.0, 0.0, 0.0], [1.0, 0.0, 0.0, 0.0, 0.0, 0.0], [1.0, 0.0, 0.0, 0.0, 0.0, 0.0], [1.0, 0.0, 0.0, 0.0, 0.0, 0.0], [1.0, 0.0, 0.0, 0.0, 0.0, 0.0]], [[1.0, 0.0, 0.0, 0.0, 0.0, 0.0], [0.9218547644822976, 0.03942733540944588, 0.009679475027064125, 0.009679475027064125, 0.009679475027064125, 0.009679475027064125], [0.009654219447801616, 0.05670846724698129, 0.009654219447801616, 0.009654219447801616, 0.9046746549618122, 0.009654219447801616], [0.8851747284785616, 0.07559207377683663, 0.009298128892692102, 0.011338811066525496, 0.009298128892692102, 0.009298128892692102], [0.06224132489106376, 0.0978762467688699, 0.024334954092746726, 0.014681437015330482, 0.791370725336954, 0.009495311895035214], [0.7354911038974962, 0.11971221211071104, 0.10356915544679028, 0.021014031539928466, 0.010106748502537023, 0.010106748502537023], [0.6075938495698093, 0.13550550672616424, 0.205780448160898, 0.029242484738653922, 0.010938855402237211, 0.010938855402237211], [0.30616492471188766, 0.12318812425367613, 0.08544137433820122, 0.01847821863805142, 0.45645404995323313, 0.010273308104950382], [0.0616077384141944, 0.10489144954529203, 0.014001758730498727, 0.015733717431793803, 0.7943141487351344, 0.00945118714308664], [0.009322137845584177, 0.09564994003901986, 0.009322137845584177, 0.014347491005852978, 0.8620361554183747, 0.009322137845584177], [0.8699144548124847, 0.08928806922871889, 0.009134755191496147, 0.013393210384307831, 0.009134755191496147, 0.009134755191496147], [0.8723007966507216, 0.08713957484659415, 0.009162897425231735, 0.01307093622698912, 0.009162897425231735, 0.009162897425231735], [0.8763008011403298, 0.08354468143628765, 0.009207605069313157, 0.012531702215443148, 0.009207605069313157, 0.009207605069313157], [0.8847315482985278, 0.0759895920852658, 0.009293473601138849, 0.011398438812789869, 0.009293473601138849, 0.009293473601138849], [0.8968283924271229, 0.06514679768216662, 0.009417596746128505, 0.009772019652324992, 0.009417596746128505, 0.009417596746128505], [0.9069194662290841, 0.05498991618929427, 0.009522654395405384, 0.009522654395405384, 0.009522654395405384, 0.009522654395405384], [0.9105806839966679, 0.05117492727547197, 0.009561097181965014, 0.009561097181965014, 0.009561097181965014, 0.009561097181965014], [0.9045134723942445, 0.057495150927414675, 0.009497844169585209, 0.009497844169585209, 0.009497844169585209, 0.009497844169585209], [0.009512570029095738, 0.07451869700606722, 0.009512570029095738, 0.011177804550910083, 0.8857657883557355, 0.009512570029095738], [0.8662761026390271, 0.09247850690774502, 0.009124538139022044, 0.013871776036161751, 0.009124538139022044, 0.009124538139022044], [0.09466515995642522, 0.11481501683514402, 0.03343893709903577, 0.0172222525252716, 0.7303403107845247, 0.009518322799598774], [0.7799797993366633, 0.12234382792693484, 0.0601807014068993, 0.018351574189040227, 0.009572048570231226, 0.009572048570231226], [0.1010050002541881, 0.11284215650613655, 0.03226548619231009, 0.01692632347592048, 0.7275151955847106, 0.009445837986734257], [0.86815584752445, 0.09069809584509791, 0.009180447417895799, 0.013604714376764688, 0.009180447417895799, 0.009180447417895799], [0.8924222829651287, 0.06909772794542923, 0.009371776632542525, 0.010364659191814384, 0.009371776632542525, 0.009371776632542525], [0.9112469852226154, 0.050480641398034626, 0.009568093344837462, 0.009568093344837462, 0.009568093344837462, 0.009568093344837462], [0.009800029604791472, 0.04073219459879761, 0.009800029604791472, 0.009800029604791472, 0.9200676869820366, 0.009800029604791472], [0.9209125794369454, 0.04040909222670285, 0.009669582084087927, 0.009669582084087927, 0.009669582084087927, 0.009669582084087927], [0.009701605131425624, 0.049916585240265314, 0.009701605131425624, 0.009701605131425624, 0.9112769942340322, 0.009701605131425624], [0.8998123255002015, 0.062373699039506555, 0.009453493865072968, 0.009453493865072968, 0.009453493865072968, 0.009453493865072968], [1.0, 0.0, 0.0, 0.0, 0.0, 0.0], [0.841241528104044, 0.08691664035335124, 0.03168059057170501, 0.02047053544633247, 0.00984535276228371, 0.00984535276228371], [1.0, 0.0, 0.0, 0.0, 0.0, 0.0], [0.8307785648868768, 0.08630694796098407, 0.04119152980024539, 0.016873638713353532, 0.014824392108841799, 0.010024926529698273], [0.7012042938698861, 0.08577730437645377, 0.1493058572498617, 0.02452881940533442, 0.02841237396829527, 0.010771351130168593], [0.7529063194187943, 0.07826483530106607, 0.11274892363191312, 0.02458033406193367, 0.02070561480257415, 0.0107939727837187], [0.8690562782870258, 0.06503575836818218, 0.033102200480517756, 0.012845630037215845, 0.009980066413529233, 0.009980066413529233], [0.9059374687778895, 0.055510799684708734, 0.009637932884350445, 0.009637932884350445, 0.009637932884350445, 0.009637932884350445], [0.9130033264321123, 0.048633950548076184, 0.009590680754952865, 0.009590680754952865, 0.009590680754952865, 0.009590680754952865], [1.0, 0.0, 0.0, 0.0, 0.0, 0.0]], [[1.0, 0.0, 0.0, 0.0, 0.0, 0.0], [0.9125913152481085, 0.04907893646363171, 0.009582437072064931, 0.009582437072064931, 0.009582437072064931, 0.009582437072064931], [0.009558999402336859, 0.06885906732754325, 0.009558999402336859, 0.010328860099131488, 0.8921350743663148, 0.009558999402336859], [0.8696743245078449, 0.0893759002488952, 0.009181130068641836, 0.01340638503733428, 0.009181130068641836, 0.009181130068641836], [0.835816769534013, 0.11743937112696518, 0.009709317889992393, 0.017615905669044776, 0.009709317889992393, 0.009709317889992393], [0.2868436132224734, 0.183920225385234, 0.013421123187473528, 0.0275880338077851, 0.4748058812095604, 0.013421123187473528], [0.6024362929052054, 0.2546602143591411, 0.017862936591956674, 0.08931468295978337, 0.017862936591956674, 0.017862936591956674], [0.28191435899658324, 0.1852952309910474, 0.013343510263411365, 0.027794284648657106, 0.47830910483688954, 0.013343510263411365], [0.05966892942564173, 0.12587338999501052, 0.00961280548069787, 0.018881008499251575, 0.7763510611187004, 0.00961280548069787], [0.8462166871916005, 0.11053786021849943, 0.008888257852375018, 0.016580679032774916, 0.008888257852375018, 0.008888257852375018], [0.8486284633577353, 0.1083700712501333, 0.008915318234870444, 0.016255510687519993, 0.008915318234870444, 0.008915318234870444], [0.08763165320723496, 0.11619416933354006, 0.009663166083392396, 0.01742912540003101, 0.7594187198924093, 0.009663166083392396], [0.8342447159275129, 0.1175822021814202, 0.01017858385461798, 0.01763733032721303, 0.01017858385461798, 0.01017858385461798], [0.10007533323642662, 0.10242521907658857, 0.009839137330215983, 0.015363782861488285, 0.7624573901650645, 0.009839137330215983], [0.8792883671070245, 0.08086490732300755, 0.00923899649050557, 0.012129736098451133, 0.00923899649050557, 0.00923899649050557], [0.8941584379317491, 0.06754339158182202, 0.009388887249718566, 0.010131508737273302, 0.009388887249718566, 0.009388887249718566], [0.9007824950189548, 0.06138464019024901, 0.009458216197699026, 0.009458216197699026, 0.009458216197699026, 0.009458216197699026], [0.8946933526648783, 0.06706359597433538, 0.009394503988212004, 0.010059539396150308, 0.009394503988212004, 0.009394503988212004], [0.8761403617392325, 0.08368976715746554, 0.009205468676560713, 0.01255346507361983, 0.009205468676560713, 0.009205468676560713], [0.8423815271583167, 0.1120499380160333, 0.009587014707748327, 0.016807490702404993, 0.009587014707748327, 0.009587014707748327], [0.7499883478074821, 0.18299417515554922, 0.013189450254545376, 0.027449126273332382, 0.013189450254545376, 0.013189450254545376], [0.35079538098308416, 0.25677649951729514, 0.017496884528251634, 0.03851647492759427, 0.31891787551552314, 0.017496884528251634], [0.75228940693833, 0.17851206150266022, 0.013038830842431548, 0.026776809225399035, 0.01634406064874758, 0.013038830842431548], [0.8434669190080454, 0.11057819337051793, 0.009789386205286339, 0.01658672900557769, 0.009789386205286339, 0.009789386205286339], [0.8824924967400211, 0.07798099357435008, 0.009276453549825448, 0.011697149036152512, 0.009276453549825448, 0.009276453549825448], [0.9049751040522963, 0.05701231442278169, 0.009503145381230527, 0.009503145381230527, 0.009503145381230527, 0.009503145381230527], [0.9161038314530557, 0.0454198076259159, 0.009619090230257086, 0.009619090230257086, 0.009619090230257086, 0.009619090230257086], [0.9158156299474642, 0.04571919732097533, 0.009616293182890083, 0.009616293182890083, 0.009616293182890083, 0.009616293182890083], [0.009666876270530188, 0.056624635262025436, 0.009666876270530188, 0.009666876270530188, 0.9047078596558539, 0.009666876270530188], [0.08043702438019962, 0.07334926480540885, 0.02665082133078903, 0.011002389720811327, 0.7987723799285741, 0.009788119834217061], [0.6623881799013085, 0.09647541004173517, 0.20523957215516928, 0.014471311506260276, 0.010712763197763356, 0.010712763197763356], [0.5346993086986139, 0.11253969129595083, 0.291346191434514, 0.03161896651227284, 0.018390429138149946, 0.011405412920498417], [0.654719489251972, 0.1080751558294647, 0.1766446146744182, 0.030251065509992105, 0.019397683246620067, 0.010911991487532866], [1.0, 0.0, 0.0, 0.0, 0.0, 0.0], [0.5452746090597796, 0.08370097740073348, 0.28631802948837887, 0.049348329314549945, 0.02548838887364793, 0.00986966586290999], [0.6447197653739113, 0.08432669083926757, 0.2012703836065764, 0.03218144344928999, 0.026483663211028175, 0.011018053519926402], [0.748811536932854, 0.07400339109169288, 0.12435904871702473, 0.03135548664232674, 0.010735268308050853, 0.010735268308050853], [0.13020175509323323, 0.06601624765002687, 0.010710144370572413, 0.021000283079553747, 0.7613614254360414, 0.010710144370572413], [0.9082833078294247, 0.05314783521598144, 0.009642214238648486, 0.009642214238648486, 0.009642214238648486, 0.009642214238648486], [1.0, 0.0, 0.0, 0.0, 0.0, 0.0]], [[1.0, 0.0, 0.0, 0.0, 0.0, 0.0], [0.9027815058754426, 0.05930076764466632, 0.009479431619972757, 0.009479431619972757, 0.009479431619972757, 0.009479431619972757], [0.8804777167918687, 0.07976068825075458, 0.00926583057325454, 0.011964103237613185, 0.00926583057325454, 0.00926583057325454], [0.8483851187443954, 0.10726676348100538, 0.009419367750816154, 0.016090014522150805, 0.009419367750816154, 0.009419367750816154], [0.8121385251420843, 0.1375394686891358, 0.009897028621803179, 0.020630920303370368, 0.009897028621803179, 0.009897028621803179], [0.3690773322566525, 0.17074351149042932, 0.010975477519002495, 0.0256115267235644, 0.4126166744913487, 0.010975477519002495], [0.3234035608695624, 0.19423912534858506, 0.012039110660107799, 0.029135868802287756, 0.42914322365934926, 0.012039110660107799], [0.7850992029855333, 0.16044335663017745, 0.010130312296587526, 0.024066503494526617, 0.010130312296587526, 0.010130312296587526], [0.8204471582490277, 0.13325924836568817, 0.008768235376810275, 0.019988887254853222, 0.008768235376810275, 0.008768235376810275], [0.8267131241449137, 0.12802914677635752, 0.008684452354091697, 0.019204372016453627, 0.008684452354091697, 0.008684452354091697], [0.8220435589353308, 0.1313495693895872, 0.008968145422214698, 0.01970243540843808, 0.008968145422214698, 0.008968145422214698], [0.7605161742043822, 0.17667684650930862, 0.012101817436637597, 0.02650152697639629, 0.012101817436637597, 0.012101817436637597], [0.6760300119069369, 0.2375700224776121, 0.016921487414603083, 0.035635503371641813, 0.016921487414603083, 0.016921487414603083], [0.7779969247312913, 0.15997669012562032, 0.012676627208081744, 0.023996503518843047, 0.012676627208081744, 0.012676627208081744], [0.8543620069814583, 0.101540662548001, 0.009622077029446913, 0.015231099382200148, 0.009622077029446913, 0.009622077029446913], [0.8809488997165091, 0.07938133566810514, 0.009254188088389983, 0.01190720035021577, 0.009254188088389983, 0.009254188088389983], [0.8903758944071186, 0.07093675210352803, 0.009348946891274747, 0.010640512815529203, 0.009348946891274747, 0.009348946891274747], [0.009530545890379426, 0.0778220296547098, 0.009530545890379426, 0.011673304448206471, 0.8819130282259454, 0.009530545890379426], [0.8652758339306279, 0.09339945246754842, 0.009104931910563786, 0.014009917870132263, 0.009104931910563786, 0.009104931910563786], [0.81922091056969, 0.13110896298034652, 0.01000126066763715, 0.019666344447051978, 0.01000126066763715, 0.01000126066763715], [0.3540550030834099, 0.25888198696401693, 0.01668065141547705, 0.03883229804460254, 0.3148694090770164, 0.01668065141547705], [0.4059775330651323, 0.3991532510636042, 0.024358651983907936, 0.12179325991953968, 0.024358651983907936, 0.024358651983907936], [0.6568530706687785, 0.2475612887811158, 0.016222521357921408, 0.046918076476341324, 0.016222521357921408, 0.016222521357921408], [0.8229069407325876, 0.1275221388965512, 0.010147533178792812, 0.01912832083448268, 0.010147533178792812, 0.010147533178792812], [0.8729110229196639, 0.08636751770432502, 0.009255443906787444, 0.012955127655648753, 0.009255443906787444, 0.009255443906787444], [0.8995194781692725, 0.0626998037781552, 0.009445179513143087, 0.009445179513143087, 0.009445179513143087, 0.009445179513143087], [0.9119508189744283, 0.049747246628645596, 0.009575483599231497, 0.009575483599231497, 0.009575483599231497, 0.009575483599231497], [0.9120008791159228, 0.04969417150410071, 0.009576237344994108, 0.009576237344994108, 0.009576237344994108, 0.009576237344994108], [0.9019172764336117, 0.06015922774635138, 0.009480873955009178, 0.009480873955009178, 0.009480873955009178, 0.009480873955009178], [0.8730595072033668, 0.08340164962629719, 0.010342865242130479, 0.01251024744394458, 0.010342865242130479, 0.010342865242130479], [0.2777829173000914, 0.16222526101238208, 0.01686539140750555, 0.04051000877293, 0.4857510300995853, 0.01686539140750555], [0.5817061672050957, 0.23677481465365838, 0.02268987726765574, 0.1134493863382787, 0.02268987726765574, 0.02268987726765574], [0.5211121184855507, 0.11622502469662048, 0.3112197374288706, 0.028950673249197256, 0.011246223069880476, 0.011246223069880476], [0.7905289133464809, 0.09842030358111832, 0.05704847828273573, 0.025977432075174303, 0.017735772167068706, 0.01028910054742198], [1.0, 0.0, 0.0, 0.0, 0.0, 0.0], [1.0, 0.0, 0.0, 0.0, 0.0, 0.0], [0.29480863431881144, 0.08106657746723138, 0.30525460955058037, 0.042944564841716625, 0.26420290828378606, 0.011722705537873999], [0.811723564023105, 0.09269161081658378, 0.014824673863985088, 0.037061684659962714, 0.02887379277237837, 0.014824673863985088], [0.10946762832515913, 0.05729569147651282, 0.02899142667972251, 0.022493348285991602, 0.7716548911131244, 0.010097014119489564], [1.0, 0.0, 0.0, 0.0, 0.0, 0.0]], [[1.0, 0.0, 0.0, 0.0, 0.0, 0.0], [0.8952909088146953, 0.06651996585682005, 0.009403710149987182, 0.009977994878523005, 0.009403710149987182, 0.009403710149987182], [0.8663158285134959, 0.0913609917881119, 0.009539676976725166, 0.013704148768216783, 0.009539676976725166, 0.009539676976725166], [0.3441409155224116, 0.14310049753556264, 0.011471363850747054, 0.021465074630334396, 0.4683507846101972, 0.011471363850747054], [0.7368477662434684, 0.19499445221121653, 0.012969537904544224, 0.029249167831682476, 0.012969537904544224, 0.012969537904544224], [0.37055571029024115, 0.18024653060856047, 0.010783646918574778, 0.02703697959128407, 0.4005934856727647, 0.010783646918574778], [0.11648868932254658, 0.16362629972821974, 0.009430036754682342, 0.02454394495923296, 0.6764809924806361, 0.009430036754682342], [0.1084571163071856, 0.15784171375840977, 0.009180602376209903, 0.023676257063761464, 0.6916637081182234, 0.009180602376209903], [0.0664509381036699, 0.15543303914125134, 0.009284925598047026, 0.0233149558711877, 0.736231215687797, 0.009284925598047026], [0.8101111833362353, 0.1425231210887733, 0.008662409137225102, 0.021378468163315994, 0.008662409137225102, 0.008662409137225102], [0.08381858264222504, 0.15621793339582096, 0.009499439366118839, 0.02343269000937314, 0.7175319152203431, 0.009499439366118839], [0.3991572793641018, 0.24468876332327125, 0.014940933025738855, 0.03670331449849069, 0.2895687767626586, 0.014940933025738855], [0.39387666813965344, 0.4014078151712017, 0.02558943958614309, 0.12794719793071546, 0.02558943958614309, 0.02558943958614309], [0.6677056624558498, 0.2436859245969092, 0.017351841419234824, 0.03655288868953638, 0.017351841419234824, 0.017351841419234824], [0.8348885105033962, 0.11740371657063864, 0.010032405146789783, 0.017610557485595795, 0.010032405146789783, 0.010032405146789783], [0.009429246094657808, 0.08924116899826176, 0.009429246094657808, 0.013386175349739264, 0.8690849173680255, 0.009429246094657808], [0.8837017480264682, 0.07692317122669398, 0.009278868354277917, 0.011538475684004096, 0.009278868354277917, 0.009278868354277917], [0.8788484627897865, 0.08127578362283051, 0.009228128681319468, 0.012191367543424578, 0.009228128681319468, 0.009228128681319468], [0.8591598689561512, 0.09892370553216089, 0.009025956560621244, 0.014838555829824133, 0.009025956560621244, 0.009025956560621244], [0.8249133035157838, 0.12824770779759118, 0.009200610838995413, 0.019237156169638676, 0.009200610838995413, 0.009200610838995413], [0.7417111785447436, 0.1938815167944958, 0.011775025713862077, 0.029082227519174372, 0.011775025713862077, 0.011775025713862077], [0.6460873891220109, 0.26369856530012303, 0.015184542324987354, 0.044660418602903984, 0.015184542324987354, 0.015184542324987354], [0.7442550914368263, 0.18911744968416033, 0.01169707539700405, 0.03153623268800112, 0.01169707539700405, 0.01169707539700405], [0.0, 0.0, 0.0, 0.0, 0.0, 1.0], [0.8687094062473363, 0.09036495599567096, 0.0091236314525474, 0.013554743399350642, 0.0091236314525474, 0.0091236314525474], [0.8956174003335343, 0.06623476478859525, 0.009404206719860374, 0.009935214718289287, 0.009404206719860374, 0.009404206719860374], [0.9096261949125041, 0.052169504901170685, 0.009551075046581294, 0.009551075046581294, 0.009551075046581294, 0.009551075046581294], [0.009746301839903208, 0.05206252166388548, 0.009746301839903208, 0.009746301839903208, 0.9089522709765017, 0.009746301839903208], [0.009657617127234166, 0.061720275485951305, 0.009657617127234166, 0.009657617127234166, 0.899649256005112, 0.009657617127234166], [0.08467869138314901, 0.07988714164051455, 0.009990127694393476, 0.01198307124607718, 0.8034708403414723, 0.009990127694393476], [0.8219872827310147, 0.11825418033446412, 0.012541915159097009, 0.022132791457230013, 0.012541915159097009, 0.012541915159097009], [0.7596307290936881, 0.1644859074123778, 0.016260720748700146, 0.027101201247833575, 0.016260720748700146, 0.016260720748700146], [0.3788546270151472, 0.12654488062938823, 0.012795752303160603, 0.025716953158312978, 0.44329203459083033, 0.012795752303160603], [0.8527596536519167, 0.08711160360861467, 0.027739798043640587, 0.013066740541292199, 0.00966110207726793, 0.00966110207726793], [1.0, 0.0, 0.0, 0.0, 0.0, 0.0], [1.0, 0.0, 0.0, 0.0, 0.0, 0.0], [0.4430158643269119, 0.06911693153710156, 0.40107989658722853, 0.054301701816769556, 0.0216252653686344, 0.01086034036335391], [0.5178007106104392, 0.06789768369348347, 0.34751725544324774, 0.03185574841563105, 0.02322885423727589, 0.011699747599922672], [0.8637942335480909, 0.05532461692158809, 0.039567017241643666, 0.020554294670983724, 0.01037991880884678, 0.01037991880884678], [1.0, 0.0, 0.0, 0.0, 0.0, 0.0]], [[1.0, 0.0, 0.0, 0.0, 0.0, 0.0], [0.8933477518084918, 0.06825277970911152, 0.009387183842010004, 0.010237916956366727, 0.009387183842010004, 0.009387183842010004], [0.8570852784567662, 0.09803479842011494, 0.010058234453367204, 0.01470521976301724, 0.010058234453367204, 0.010058234453367204], [0.7419388221713564, 0.18588000115162032, 0.01476639216809334, 0.027882000172743046, 0.01476639216809334, 0.01476639216809334], [0.6135855393178197, 0.2525412521037467, 0.016734151072304176, 0.08367075536152088, 0.016734151072304176, 0.016734151072304176], [0.7281681574826925, 0.20456007206977914, 0.012195919879020465, 0.03068401081046687, 0.012195919879020465, 0.012195919879020465], [0.12407455952383889, 0.16938347051688568, 0.009671210913455124, 0.02540752057753285, 0.6617920275548325, 0.009671210913455124], [0.7643972936090881, 0.17835351580680386, 0.010165387737695826, 0.026753027371020578, 0.010165387737695826, 0.010165387737695826], [0.7270225637643155, 0.20624517985139712, 0.01193182646885924, 0.030936776977709572, 0.01193182646885924, 0.01193182646885924], [0.7767482801550978, 0.16844111788848373, 0.009848144757715348, 0.025266167683272556, 0.009848144757715348, 0.009848144757715348], [0.12493772721598821, 0.15830866092528817, 0.009268107764386033, 0.023746299138793225, 0.6744710971911584, 0.009268107764386033], [0.4318496992377335, 0.1883932231692695, 0.011137463798293, 0.028258983475390426, 0.32922316652102057, 0.011137463798293], [0.39331078633570865, 0.23084096813466426, 0.014327750073657957, 0.03462614522019964, 0.3125666001621115, 0.014327750073657957], [0.7634832760580227, 0.1740967178261368, 0.012101832813973321, 0.026114507673920522, 0.012101832813973321, 0.012101832813973321], [0.1033785085943871, 0.11622040192131505, 0.009688178580657469, 0.017433060288197258, 0.7435916720347856, 0.009688178580657469], [0.8703590193786435, 0.08888416608406019, 0.009141396541562413, 0.013332624912609028, 0.009141396541562413, 0.009141396541562413], [0.8816244522401909, 0.07878641522977657, 0.009257056748522006, 0.011817962284466485, 0.009257056748522006, 0.009257056748522006], [0.8771908458116902, 0.08276202212336482, 0.00921094291548011, 0.012414303318504724, 0.00921094291548011, 0.00921094291548011], [0.8579707246119597, 0.10000053781952094, 0.009009552298530399, 0.015000080672928141, 0.009009552298530399, 0.009009552298530399], [0.05649397981816204, 0.1289418994282814, 0.009173546246663453, 0.01934128491424221, 0.7768757433459874, 0.009173546246663453], [0.7898289565309302, 0.15791544527185372, 0.009522760468812634, 0.023687316790778058, 0.009522760468812634, 0.009522760468812634], [0.1602845258623447, 0.18293861766583763, 0.010446659193584127, 0.027440792649875645, 0.6084427454347737, 0.010446659193584127], [0.792290968660503, 0.15578518355735307, 0.009518690082847033, 0.02336777753360296, 0.009518690082847033, 0.009518690082847033], [0.0, 0.0, 0.0, 0.0, 0.0, 1.0], [0.8659571155350309, 0.09283933506575279, 0.009092549713117825, 0.013925900259862917, 0.009092549713117825, 0.009092549713117825], [0.009582676473786045, 0.07034466535824105, 0.009582676473786045, 0.010551699803736155, 0.8903556054166647, 0.009582676473786045], [0.9078116235785757, 0.05406028823112407, 0.009532022047575046, 0.009532022047575046, 0.009532022047575046, 0.009532022047575046], [0.9104076597097862, 0.05135521858240264, 0.009559280426952756, 0.009559280426952756, 0.009559280426952756, 0.009559280426952756], [0.9035538933739472, 0.05849140546807802, 0.009488675289493709, 0.009488675289493709, 0.009488675289493709, 0.009488675289493709], [0.8910864897050363, 0.07019651132077606, 0.00939584075869044, 0.010529476698116408, 0.00939584075869044, 0.00939584075869044], [0.07774339279863711, 0.08558010205027532, 0.00993171843002589, 0.012837015307541296, 0.8039760529834944, 0.00993171843002589], [0.8614643332260642, 0.09359021273328813, 0.010302307376884803, 0.01403853190999322, 0.010302307376884803, 0.010302307376884803], [0.8733405790717821, 0.08480799604737256, 0.009710075157913167, 0.012721199407105883, 0.009710075157913167, 0.009710075157913167], [0.8880219596833004, 0.07302146781037348, 0.009334450778256688, 0.01095322017155602, 0.009334450778256688, 0.009334450778256688], [0.8981371233872455, 0.06397409449723207, 0.00943088931364585, 0.009596114174584811, 0.00943088931364585, 0.00943088931364585], [1.0, 0.0, 0.0, 0.0, 0.0, 0.0], [1.0, 0.0, 0.0, 0.0, 0.0, 0.0], [0.7651811350987735, 0.05316397212808965, 0.12420018424327306, 0.01944002883807752, 0.02710666351042059, 0.01090801618136572], [0.11215157510751633, 0.04561867673282197, 0.015520976912200921, 0.010514210166329656, 0.8060808922544711, 0.010113668826659955], [1.0, 0.0, 0.0, 0.0, 0.0, 0.0]], [[1.0, 0.0, 0.0, 0.0, 0.0, 0.0], [0.00960446975895637, 0.06521442738240901, 0.00960446975895637, 0.009782164107361352, 0.8961899992333605, 0.00960446975895637], [0.8700829093804093, 0.08776247687320451, 0.009663414071801846, 0.013164371530980675, 0.009663414071801846, 0.009663414071801846], [0.8080305830629896, 0.1365617923724832, 0.011641118569551545, 0.02048426885587248, 0.011641118569551545, 0.011641118569551545], [0.7428246819395855, 0.18873998605299283, 0.013374778033157586, 0.028310997907948922, 0.013374778033157586, 0.013374778033157586], [0.7780921270274674, 0.1656132798267379, 0.010484200390594674, 0.024841991974010685, 0.010484200390594674, 0.010484200390594674], [0.7920088375504923, 0.15638531580061715, 0.009382683092932663, 0.023457797370092574, 0.009382683092932663, 0.009382683092932663], [0.35677481258196986, 0.21755175284056522, 0.012881780843667586, 0.03263276292608478, 0.36727710996404495, 0.012881780843667586], [0.5881875240472441, 0.2788592849215781, 0.016619148878897205, 0.08309574439448603, 0.016619148878897205, 0.016619148878897205], [0.7372400006097944, 0.19752090263894231, 0.011870320451807269, 0.029628135395841346, 0.011870320451807269, 0.011870320451807269], [0.0782606436741575, 0.15369996259412452, 0.009282076342748913, 0.023054994389118677, 0.7264202466571015, 0.009282076342748913], [0.8086786697744057, 0.14343500387231578, 0.008790358590810383, 0.021515250580847366, 0.008790358590810383, 0.008790358590810383], [0.09140977789511022, 0.1483780825125527, 0.009562869072103837, 0.0222567123768829, 0.7188296890712466, 0.009562869072103837], [0.08639448555431377, 0.13064748229254783, 0.009393102578351988, 0.019597122343882174, 0.7445747046525523, 0.009393102578351988], [0.852552571363166, 0.10484969131683146, 0.008956761207492643, 0.015727453697524717, 0.008956761207492643, 0.008956761207492643], [0.8715704936700535, 0.08780381023866698, 0.009151708185159792, 0.013170571535800047, 0.009151708185159792, 0.009151708185159792], [0.8823313831571895, 0.0781523289333556, 0.00926447952315049, 0.011722849340003338, 0.00926447952315049, 0.00926447952315049], [0.8786123692649158, 0.08148812269846886, 0.009225429877281617, 0.01222321840477033, 0.009225429877281617, 0.009225429877281617], [0.8608044378091008, 0.09745428556169432, 0.009041044598316915, 0.014618142834254146, 0.009041044598316915, 0.009041044598316915], [0.8300335613435686, 0.12395054917763713, 0.009141102367382836, 0.01859258237664557, 0.009141102367382836, 0.009141102367382836], [0.41475749500022124, 0.18195199427363415, 0.01137238292742542, 0.027292799141045123, 0.35325294573024857, 0.01137238292742542], [0.4021751391036455, 0.2355855835844904, 0.013858737901544543, 0.035337837537673555, 0.2991839639711015, 0.013858737901544543], [0.7648912620290004, 0.17591714076258594, 0.010934675364675269, 0.02638757111438789, 0.010934675364675269, 0.010934675364675269], [0.0, 0.0, 0.0, 0.0, 0.0, 1.0], [0.862804382393187, 0.09566719961863272, 0.009059446015128465, 0.01435007994279491, 0.009059446015128465, 0.009059446015128465], [0.8877691397383268, 0.07327489770427459, 0.009321575967252433, 0.010991234655641188, 0.009321575967252433, 0.009321575967252433], [0.9034317386764147, 0.05862412829917589, 0.009486033256102354, 0.009486033256102354, 0.009486033256102354, 0.009486033256102354], [0.9076157235442267, 0.054264416066915705, 0.00952996509721438, 0.00952996509721438, 0.00952996509721438, 0.00952996509721438], [0.9035450257373077, 0.05850608318172532, 0.009487222770241732, 0.009487222770241732, 0.009487222770241732, 0.009487222770241732], [0.009618524381897179, 0.06814593274748065, 0.009618524381897179, 0.010221889912122096, 0.8927766041947057, 0.009618524381897179], [0.8878403340691517, 0.07320228845765346, 0.009325678068182275, 0.010980343268648019, 0.009325678068182275, 0.009325678068182275], [0.8860587582958497, 0.0747568488552325, 0.00932362184021102, 0.011213527328284872, 0.00932362184021102, 0.00932362184021102], [0.00955702311258986, 0.07160421789769024, 0.00955702311258986, 0.010740632684653535, 0.8889840800798866, 0.00955702311258986], [0.009628971809815397, 0.06277318698761677, 0.009628971809815397, 0.009628971809815397, 0.8987109257731216, 0.009628971809815397], [0.009692995108292884, 0.05317659127224831, 0.009692995108292884, 0.009692995108292884, 0.9080514282945802, 0.009692995108292884], [0.009742179840496155, 0.04547811421752246, 0.009742179840496155, 0.009742179840496155, 0.9155531664204929, 0.009742179840496155], [0.9214532160801319, 0.039836488008160136, 0.009677573977927012, 0.009677573977927012, 0.009677573977927012, 0.009677573977927012], [1.0, 0.0, 0.0, 0.0, 0.0, 0.0], [0.9272900275524636, 0.03372787179894975, 0.009745525162146686, 0.009745525162146686, 0.009745525162146686, 0.009745525162146686], [1.0, 0.0, 0.0, 0.0, 0.0, 0.0]], [[1.0, 0.0, 0.0, 0.0, 0.0, 0.0], [0.9061359102018556, 0.055805474980461595, 0.009514653704420685, 0.009514653704420685, 0.009514653704420685, 0.009514653704420685], [0.02129872874408338, 0.07546743022484896, 0.009533496192188629, 0.011320114533727343, 0.8728467341129631, 0.009533496192188629], [0.8587686606155395, 0.09808511932326983, 0.009477817387566775, 0.014712767898490471, 0.009477817387566775, 0.009477817387566775], [0.8343839817126754, 0.1193547475935442, 0.00945268618491625, 0.017903212139031628, 0.00945268618491625, 0.00945268618491625], [0.8256359859133496, 0.12828674375211613, 0.008944752923905577, 0.019243011562817415, 0.008944752923905577, 0.008944752923905577], [0.8154667758662288, 0.1371227313520948, 0.008947361026287355, 0.020568409702814216, 0.008947361026287355, 0.008947361026287355], [0.7773959397523167, 0.1659192732129461, 0.010598965350931718, 0.024887890981941916, 0.010598965350931718, 0.010598965350931718], [0.7347113531304047, 0.19760674302087894, 0.012680297465194803, 0.029641011453131843, 0.012680297465194803, 0.012680297465194803], [0.3922565833137132, 0.16012871752807165, 0.010392252337142534, 0.024019307629210746, 0.4028108868547194, 0.010392252337142534], [0.8180950178017402, 0.13511047666533016, 0.008842644677709987, 0.020266571499799525, 0.008842644677709987, 0.008842644677709987], [0.8196535522244773, 0.13368901302931496, 0.00886802759727011, 0.020053351954397246, 0.00886802759727011, 0.00886802759727011], [0.8145617369095252, 0.13661817216070016, 0.009442455035223164, 0.020492725824105024, 0.009442455035223164, 0.009442455035223164], [0.8330938751095016, 0.1211840442425671, 0.009181491337182096, 0.01817760663638506, 0.009181491337182096, 0.009181491337182096], [0.8553283329530864, 0.10231954875838575, 0.009001395324923375, 0.015347932313757863, 0.009001395324923375, 0.009001395324923375], [0.009441082864612042, 0.08978191918488279, 0.009441082864612042, 0.013467287877732418, 0.8684275443435487, 0.009441082864612042], [0.8828450569832825, 0.07769158584499479, 0.009269873098324468, 0.011653737876749217, 0.009269873098324468, 0.009269873098324468], [0.009526212325644068, 0.0816543250054399, 0.009526212325644068, 0.012248148750815986, 0.877518889266812, 0.009526212325644068], [0.8661353363785997, 0.09262786615086001, 0.009114205849303742, 0.013894179922629, 0.009114205849303742, 0.009114205849303742], [0.8275085828826483, 0.1242665552921481, 0.00986162617712713, 0.018639983293822215, 0.00986162617712713, 0.00986162617712713], [0.6844225242242944, 0.23044199105512247, 0.015479179040105994, 0.03869794760026498, 0.015479179040105994, 0.015479179040105994], [0.4966766423934956, 0.3358489195101852, 0.0209343047620399, 0.10467152381019951, 0.0209343047620399, 0.0209343047620399], [0.7156424072216947, 0.2092414504026456, 0.013418295135406776, 0.034861256969439175, 0.013418295135406776, 0.013418295135406776], [0.0, 0.0, 0.0, 0.0, 0.0, 1.0], [0.8564591934375015, 0.10135855823410173, 0.008992821531093768, 0.015203783735115257, 0.008992821531093768, 0.008992821531093768], [0.8776127811389781, 0.08238470978708182, 0.00921493420195927, 0.012357706468062273, 0.00921493420195927, 0.00921493420195927], [0.8925307062007873, 0.06900397961207642, 0.009371572415108267, 0.010350596941811464, 0.009371572415108267, 0.009371572415108267], [0.8983958418557398, 0.06374320793548208, 0.00943315633948527, 0.00956148119032231, 0.00943315633948527, 0.00943315633948527], [0.00965118865883391, 0.06717248582368017, 0.00965118865883391, 0.010075872873552025, 0.893798075326266, 0.00965118865883391], [0.8910182602170118, 0.0703588319855326, 0.009356360999875182, 0.010553824797829889, 0.009356360999875182, 0.009356360999875182], [0.8874611605878141, 0.07354998289513441, 0.009318786360927096, 0.011032497434270162, 0.009318786360927096, 0.009318786360927096], [0.8893515411860295, 0.07185497210372262, 0.009338413631563161, 0.010778245815558394, 0.009338413631563161, 0.009338413631563161], [0.8972135570904113, 0.06480366596629633, 0.00942074234944932, 0.009720549894944449, 0.00942074234944932, 0.00942074234944932], [0.9074794753746916, 0.05440638665957131, 0.009528534491434263, 0.009528534491434263, 0.009528534491434263, 0.009528534491434263], [0.9175623363598986, 0.043900045512985666, 0.009634404531778936, 0.009634404531778936, 0.009634404531778936, 0.009634404531778936], [0.009836734909416792, 0.0360774522460367, 0.009836734909416792, 0.009836734909416792, 0.9245756081162962, 0.009836734909416792], [0.9307662380689681, 0.030141579932135253, 0.009773045499724166, 0.009773045499724166, 0.009773045499724166, 0.009773045499724166], [0.009881280817379354, 0.026837947834179424, 0.009881280817379354, 0.009881280817379354, 0.9336369288963031, 0.009881280817379354], [1.0, 0.0, 0.0, 0.0, 0.0, 0.0], [1.0, 0.0, 0.0, 0.0, 0.0, 0.0]], [[1.0, 0.0, 0.0, 0.0, 0.0, 0.0], [0.9145774292995177, 0.047009403634955683, 0.00960329176638163, 0.00960329176638163, 0.00960329176638163, 0.00960329176638163], [0.009629928560633045, 0.06528564588537203, 0.009629928560633045, 0.009792846882805805, 0.896031721549923, 0.009629928560633045], [0.8760039859485741, 0.08382198734689172, 0.0092002428675001, 0.01257329810203376, 0.0092002428675001, 0.0092002428675001], [0.8552463852107005, 0.10243966084836381, 0.008982668271227076, 0.01536594912725457, 0.008982668271227076, 0.008982668271227076], [0.8395935114524923, 0.11648028520264285, 0.008818053521489474, 0.017472042780396428, 0.008818053521489474, 0.008818053521489474], [0.8307880228027897, 0.1243762934662788, 0.008726413236996557, 0.01865644401994182, 0.008726413236996557, 0.008726413236996557], [0.07778931725960832, 0.13409489667541302, 0.009226802255301519, 0.020114234501311952, 0.7495479470530637, 0.009226802255301519], [0.8223577389798945, 0.13065705016048246, 0.009128884445183536, 0.019598557524072368, 0.009128884445183536, 0.009128884445183536], [0.8301955908235031, 0.12443001809468446, 0.008903296122536578, 0.01866450271420267, 0.008903296122536578, 0.008903296122536578], [0.8284829471927609, 0.1254303167730543, 0.009090729506075564, 0.01881454751595814, 0.009090729506075564, 0.009090729506075564], [0.78953525558896, 0.15383434439000815, 0.011185082787510268, 0.02307515165850122, 0.011185082787510268, 0.011185082787510268], [0.7385116891099105, 0.18983754924646493, 0.014027596329461987, 0.029567972655238497, 0.014027596329461987, 0.014027596329461987], [0.7894569902649788, 0.15085659113037214, 0.011798478096267816, 0.024290984315845504, 0.011798478096267816, 0.011798478096267816], [0.09426490829278031, 0.1109381023843638, 0.009701232773045933, 0.01664071535765457, 0.7587538084191093, 0.009701232773045933], [0.8693874848038279, 0.08975329794848796, 0.009132074185136983, 0.013462994692273194, 0.009132074185136983, 0.009132074185136983], [0.8806941405825472, 0.07962086433835003, 0.009247288476116746, 0.011943129650752504, 0.009247288476116746, 0.009247288476116746], [0.009537995421698623, 0.08005336077755712, 0.009537995421698623, 0.012008004116633568, 0.8793246488407134, 0.009537995421698623], [0.8732573787181716, 0.08628270910332171, 0.009172501937669459, 0.012942406365498257, 0.009172501937669459, 0.009172501937669459], [0.8486709036519068, 0.10695790280018505, 0.009442502709293522, 0.016043685420027758, 0.009442502709293522, 0.009442502709293522], [0.7800601062867483, 0.1600863428132278, 0.011946866492679927, 0.024012951421984167, 0.011946866492679927, 0.011946866492679927], [0.7013024090213327, 0.2208199504161367, 0.014918216000036691, 0.0331229925624205, 0.014918216000036691, 0.014918216000036691], [0.42974219420920323, 0.16707857398374032, 0.01111120502137864, 0.02506178609756105, 0.3558950356667381, 0.01111120502137864], [0.0, 0.0, 0.0, 0.0, 0.0, 1.0], [0.8459474503926379, 0.11078603019880622, 0.008882871626245016, 0.016617904529820933, 0.008882871626245016, 0.008882871626245016], [0.8614348827737308, 0.09689163478373948, 0.009046579074989557, 0.014533745217560923, 0.009046579074989557, 0.009046579074989557], [0.8735443249917871, 0.08603222638573847, 0.009172871554871195, 0.012904833957860769, 0.009172871554871195, 0.009172871554871195], [0.8791483971034693, 0.08100732903284473, 0.009231058169586429, 0.01215109935492671, 0.009231058169586429, 0.009231058169586429], [0.8786054460898945, 0.08149203587803344, 0.00922623755012234, 0.012223805381705017, 0.00922623755012234, 0.00922623755012234], [0.8757026296388812, 0.0840911379395173, 0.009197520576891268, 0.012613670690927593, 0.009197520576891268, 0.009197520576891268], [0.009456479522451813, 0.086717146695644, 0.009456479522451813, 0.0130075720043466, 0.871905842732654, 0.009456479522451813], [0.8811680342806527, 0.07918653334675593, 0.009255817456859276, 0.011877980002013391, 0.009255817456859276, 0.009255817456859276], [0.00959424451196879, 0.07011710289158007, 0.00959424451196879, 0.010517565433737011, 0.8905825981387765, 0.00959424451196879], [0.9071044091523632, 0.054797205663237585, 0.009524596296099815, 0.009524596296099815, 0.009524596296099815, 0.009524596296099815], [0.009815285726525201, 0.042127197572261244, 0.009815285726525201, 0.009815285726525201, 0.918611659521638, 0.009815285726525201], [0.009887573435351845, 0.03143109269995409, 0.009887573435351845, 0.009887573435351845, 0.9290186135586386, 0.009887573435351845], [0.9365580549161799, 0.024106506777340435, 0.00983385957661989, 0.00983385957661989, 0.00983385957661989, 0.00983385957661989], [0.9406183934248165, 0.01987563405134129, 0.009876493130960574, 0.009876493130960574, 0.009876493130960574, 0.009876493130960574], [0.943011429409163, 0.01738209055565217, 0.009901620008796214, 0.009901620008796214, 0.009901620008796214, 0.009901620008796214], [1.0, 0.0, 0.0, 0.0, 0.0, 0.0]], [[1.0, 0.0, 0.0, 0.0, 0.0, 0.0], [0.920597967939177, 0.04073691740737752, 0.00966627866336136, 0.00966627866336136, 0.00966627866336136, 0.00966627866336136], [0.00968411511449416, 0.05901393083686073, 0.00968411511449416, 0.00968411511449416, 0.9022496087051627, 0.00968411511449416], [0.009491402718541342, 0.0808