{"prediction": [[[1.0, 0.0, 0.0, 0.0, 0.0, 0.0], [1.0, 0.0, 0.0, 0.0, 0.0, 0.0], [1.0, 0.0, 0.0, 0.0, 0.0, 0.0], [1.0, 0.0, 0.0, 0.0, 0.0, 0.0], [1.0, 0.0, 0.0, 0.0, 0.0, 0.0], [1.0, 0.0, 0.0, 0.0, 0.0, 0.0], [1.0, 0.0, 0.0, 0.0, 0.0, 0.0], [1.0, 0.0, 0.0, 0.0, 0.0, 0.0], [1.0, 0.0, 0.0, 0.0, 0.0, 0.0], [1.0, 0.0, 0.0, 0.0, 0.0, 0.0], [1.0, 0.0, 0.0, 0.0, 0.0, 0.0], [1.0, 0.0, 0.0, 0.0, 0.0, 0.0], [1.0, 0.0, 0.0, 0.0, 0.0, 0.0], [1.0, 0.0, 0.0, 0.0, 0.0, 0.0], [1.0, 0.0, 0.0, 0.0, 0.0, 0.0], [1.0, 0.0, 0.0, 0.0, 0.0, 0.0], [1.0, 0.0, 0.0, 0.0, 0.0, 0.0], [1.0, 0.0, 0.0, 0.0, 0.0, 0.0], [1.0, 0.0, 0.0, 0.0, 0.0, 0.0], [1.0, 0.0, 0.0, 0.0, 0.0, 0.0], [1.0, 0.0, 0.0, 0.0, 0.0, 0.0], [1.0, 0.0, 0.0, 0.0, 0.0, 0.0], [1.0, 0.0, 0.0, 0.0, 0.0, 0.0], [1.0, 0.0, 0.0, 0.0, 0.0, 0.0], [1.0, 0.0, 0.0, 0.0, 0.0, 0.0], [1.0, 0.0, 0.0, 0.0, 0.0, 0.0], [1.0, 0.0, 0.0, 0.0, 0.0, 0.0], [1.0, 0.0, 0.0, 0.0, 0.0, 0.0], [1.0, 0.0, 0.0, 0.0, 0.0, 0.0], [1.0, 0.0, 0.0, 0.0, 0.0, 0.0], [1.0, 0.0, 0.0, 0.0, 0.0, 0.0], [1.0, 0.0, 0.0, 0.0, 0.0, 0.0], [1.0, 0.0, 0.0, 0.0, 0.0, 0.0], [1.0, 0.0, 0.0, 0.0, 0.0, 0.0], [1.0, 0.0, 0.0, 0.0, 0.0, 0.0], [1.0, 0.0, 0.0, 0.0, 0.0, 0.0], [1.0, 0.0, 0.0, 0.0, 0.0, 0.0], [1.0, 0.0, 0.0, 0.0, 0.0, 0.0], [1.0, 0.0, 0.0, 0.0, 0.0, 0.0], [1.0, 0.0, 0.0, 0.0, 0.0, 0.0]], [[1.0, 0.0, 0.0, 0.0, 0.0, 0.0], [0.9248768035581811, 0.036278370692375266, 0.009711206437360903, 0.009711206437360903, 0.009711206437360903, 0.009711206437360903], [0.9224894125337462, 0.038766032139836454, 0.009686138831604336, 0.009686138831604336, 0.009686138831604336, 0.009686138831604336], [0.9192775574900726, 0.042112785095344524, 0.009652414353645762, 0.009652414353645762, 0.009652414353645762, 0.009652414353645762], [0.009767278701638467, 0.04767843564471656, 0.009767278701638467, 0.009767278701638467, 0.9132524495487294, 0.009767278701638467], [0.009713672092894228, 0.0546956774630208, 0.009713672092894228, 0.009713672092894228, 0.9064496341654021, 0.009713672092894228], [0.9000806459870263, 0.06211326258313295, 0.00945152285746016, 0.00945152285746016, 0.00945152285746016, 0.00945152285746016], [0.009561356934921352, 0.07194225804041904, 0.009561356934921352, 0.010791338706062857, 0.8885823324487541, 0.009561356934921352], [0.8837247106853842, 0.07689386425852225, 0.009282448472438417, 0.011534079638778337, 0.009282448472438417, 0.009282448472438417], [0.8791914596580306, 0.08096467599625533, 0.009233054315425279, 0.012144701399438297, 0.009233054315425279, 0.009233054315425279], [0.8766612596085246, 0.08323818322939718, 0.009204943225889509, 0.012485727484409575, 0.009204943225889509, 0.009204943225889509], [0.8752958557493205, 0.0844577302958741, 0.009192584803474782, 0.012668659544381114, 0.009192584803474782, 0.009192584803474782], [0.009409795438043746, 0.08632066207081877, 0.009409795438043746, 0.012948099310622817, 0.8725018523044272, 0.009409795438043746], [0.8783734889972024, 0.08169663060320846, 0.009225128603035943, 0.01225449459048127, 0.009225128603035943, 0.009225128603035943], [0.8854975144726719, 0.07530897138472761, 0.009299056144963767, 0.011296345707709142, 0.009299056144963767, 0.009299056144963767], [0.8969656268009452, 0.06502252822959304, 0.009419488578340919, 0.009753379234438956, 0.009419488578340919, 0.009419488578340919], [0.009691309586644376, 0.052733341255091624, 0.009691309586644376, 0.009691309586644376, 0.9085014203983309, 0.009691309586644376], [0.9226140925516703, 0.03863519248552929, 0.00968767874070013, 0.00968767874070013, 0.00968767874070013, 0.00968767874070013], [0.9332228680781849, 0.027581771462531397, 0.009798840114820942, 0.009798840114820942, 0.009798840114820942, 0.009798840114820942], [0.00993632861788971, 0.021103982541766, 0.00993632861788971, 0.00993632861788971, 0.9391507029866752, 0.00993632861788971], [1.0, 0.0, 0.0, 0.0, 0.0, 0.0], [1.0, 0.0, 0.0, 0.0, 0.0, 0.0], [0.00976975857907468, 0.038041095682346225, 0.00976975857907468, 0.00976975857907468, 0.922879870001355, 0.00976975857907468], [0.9080801773866325, 0.05374527978418828, 0.009543635707294782, 0.009543635707294782, 0.009543635707294782, 0.009543635707294782], [0.8429369118715659, 0.07612910979644665, 0.04412757182908852, 0.016547839435908197, 0.01012928353349532, 0.01012928353349532], [0.6386349174580173, 0.10564411029003033, 0.18034730466196017, 0.04337466820983852, 0.020470469145433372, 0.011528530234720238], [0.5116503528112889, 0.1215837117392194, 0.27411914475247257, 0.058076089989930635, 0.022839330529122435, 0.011731370177965989], [0.6555622753974818, 0.12492986763486012, 0.14623232574102077, 0.034212846022427496, 0.02791591924206405, 0.011146765962145736], [0.8108902983572813, 0.11490066556133828, 0.029417904328935894, 0.02562204570584739, 0.009584543023298472, 0.009584543023298472], [0.7851428048980755, 0.12558718870911262, 0.050995794925977944, 0.01883807830636689, 0.009718066580233534, 0.009718066580233534], [0.6751960302023111, 0.140589050905058, 0.14293565110130343, 0.021088357635758698, 0.010095455077784369, 0.010095455077784369], [0.3096224138075184, 0.14503894051564042, 0.07863426382413168, 0.02175584107734606, 0.43502096496756687, 0.009927575807796624], [0.7161547751196339, 0.14506858428358285, 0.09007613619334719, 0.028705581863813938, 0.009997461269811062, 0.009997461269811062], [0.6290357947135153, 0.13806753787791967, 0.18155098140105522, 0.030684672912854403, 0.01033050654732765, 0.01033050654732765], [0.26246717155336075, 0.11373919130410409, 0.11027613101386452, 0.017060878695615615, 0.486362120055632, 0.010094507377422983], [0.06746060425883155, 0.0834184665072032, 0.017577763081526535, 0.01251276997608048, 0.8093673772282973, 0.009663018948060802], [0.9048982657685493, 0.0570814119358527, 0.009505080573899479, 0.009505080573899479, 0.009505080573899479, 0.009505080573899479], [0.009809130783513389, 0.037643843682276114, 0.009809130783513389, 0.009809130783513389, 0.9231196331836702, 0.009809130783513389], [0.9373333287918132, 0.023298671398930687, 0.009841999952314039, 0.009841999952314039, 0.009841999952314039, 0.009841999952314039], [1.0, 0.0, 0.0, 0.0, 0.0, 0.0]], [[1.0, 0.0, 0.0, 0.0, 0.0, 0.0], [0.9044258853922819, 0.057586416758809086, 0.009496924462227264, 0.009496924462227264, 0.009496924462227264, 0.009496924462227264], [0.009632526939022808, 0.061622349304343536, 0.009632526939022808, 0.009632526939022808, 0.8998475429395653, 0.009632526939022808], [0.8980176192775751, 0.06408245714363586, 0.009429185002414539, 0.00961236857154538, 0.009429185002414539, 0.009429185002414539], [0.8926833583507867, 0.06886647479454001, 0.009373398545164089, 0.010329971219181002, 0.009373398545164089, 0.009373398545164089], [0.009517208338093844, 0.0778634206241645, 0.009517208338093844, 0.011679513093624675, 0.8819054412679294, 0.009517208338093844], [0.8743753681814643, 0.08527409187553633, 0.00918647538722298, 0.012791113781330448, 0.00918647538722298, 0.00918647538722298], [0.8607978155774207, 0.09681263640965461, 0.009289217517158853, 0.014521895461448189, 0.009289217517158853, 0.009289217517158853], [0.8466116119377227, 0.10839225471112239, 0.009579098381495574, 0.016258838206668357, 0.009579098381495574, 0.009579098381495574], [0.06300885395989486, 0.11207701266777986, 0.009465227105887146, 0.01681155190016698, 0.7891721272603841, 0.009465227105887146], [0.034080027416546706, 0.11141943213746724, 0.009219544259002635, 0.016712914820620085, 0.8193485371073607, 0.009219544259002635], [0.05815931909050473, 0.11449899992479662, 0.009401660007307576, 0.01717484998871949, 0.791363510981364, 0.009401660007307576], [0.8401456206308328, 0.11435634289751893, 0.009448195012340184, 0.017153451434627837, 0.009448195012340184, 0.009448195012340184], [0.8476828213097849, 0.10825610079369719, 0.009274220925821112, 0.016238415119054578, 0.009274220925821112, 0.009274220925821112], [0.035679402077697, 0.10022784339174308, 0.0093772787511896, 0.015034176508761462, 0.8303040205194192, 0.0093772787511896], [0.8746506294331, 0.08476447575700626, 0.009290074482114281, 0.012714671363550936, 0.009290074482114281, 0.009290074482114281], [0.8936374209628541, 0.06785937119189614, 0.009441434055488402, 0.010178905678784421, 0.009441434055488402, 0.009441434055488402], [0.911598188306053, 0.05010644631478172, 0.009573841344791344, 0.009573841344791344, 0.009573841344791344, 0.009573841344791344], [0.9259350567589429, 0.03517381713334423, 0.009722781526928239, 0.009722781526928239, 0.009722781526928239, 0.009722781526928239], [0.9353072891624129, 0.02540886891758902, 0.009820960479999523, 0.009820960479999523, 0.009820960479999523, 0.009820960479999523], [0.9382651039094482, 0.022327761726355047, 0.009851783591049205, 0.009851783591049205, 0.009851783591049205, 0.009851783591049205], [0.009884612013412303, 0.02653903485263894, 0.009884612013412303, 0.009884612013412303, 0.9339225170937118, 0.009884612013412303], [1.0, 0.0, 0.0, 0.0, 0.0, 0.0], [0.909122990431763, 0.0520649983335289, 0.009703002808677032, 0.009703002808677032, 0.009703002808677032, 0.009703002808677032], [0.7833562957082297, 0.07553442256822068, 0.09147919157935032, 0.028390093938419066, 0.010619998102890096, 0.010619998102890096], [0.6825041634166764, 0.17091013605269315, 0.0196931894394628, 0.07336678418623396, 0.033832537465470956, 0.0196931894394628], [0.24098967948499084, 0.11287284108915191, 0.5604279899967117, 0.05700224268848728, 0.01730679820296077, 0.011400448537697457], [0.48263835764238505, 0.1283476352908875, 0.3083522840493016, 0.04313434597287016, 0.025752866387096437, 0.011774510657459153], [0.15634884467082885, 0.12032541268311295, 0.08265575864763564, 0.01804881190246694, 0.6125630617063036, 0.010058110389652047], [0.24450149562461812, 0.133322153656065, 0.11752006714340096, 0.02240848737903832, 0.47218887519562036, 0.010058921001257201], [0.6873711563261632, 0.20119375244006052, 0.013774431816359262, 0.06887215908179631, 0.015014068519261452, 0.013774431816359262], [0.7474371197689637, 0.18807615780538303, 0.012091766251615274, 0.028211423670807458, 0.012091766251615274, 0.012091766251615274], [0.7258048625713504, 0.20174154013350257, 0.01294267412277583, 0.03362557492681956, 0.01294267412277583, 0.01294267412277583], [0.6467231056350371, 0.2273279554155139, 0.015743617368681097, 0.07871808684340548, 0.015743617368681097, 0.015743617368681097], [0.7706404228890193, 0.1643905695570713, 0.013436807373449568, 0.024658585433560698, 0.013436807373449568, 0.013436807373449568], [0.8643269124539027, 0.09241427995569243, 0.009798888532350322, 0.013862141993353864, 0.009798888532350322, 0.009798888532350322], [0.009630977131428575, 0.06372836651668043, 0.009630977131428575, 0.009630977131428575, 0.8977477249576052, 0.009630977131428575], [0.009792499632609293, 0.04191098100775188, 0.009792499632609293, 0.009792499632609293, 0.918919020461811, 0.009792499632609293], [0.9344267334745076, 0.026327343719563207, 0.00981148070148233, 0.00981148070148233, 0.00981148070148233, 0.00981148070148233], [1.0, 0.0, 0.0, 0.0, 0.0, 0.0]], [[1.0, 0.0, 0.0, 0.0, 0.0, 0.0], [0.8746180993430219, 0.08504989824625227, 0.009191505891262716, 0.01275748473693784, 0.009191505891262716, 0.009191505891262716], [0.8693622039986562, 0.08942195043462517, 0.009267517667174948, 0.013413292565193774, 0.009267517667174948, 0.009267517667174948], [0.8674083430542158, 0.09152100036890662, 0.009114168840513855, 0.013728150055335992, 0.009114168840513855, 0.009114168840513855], [0.8629424681801663, 0.09554165176939053, 0.00906154409501156, 0.014331247765408579, 0.00906154409501156, 0.00906154409501156], [0.8555423349123877, 0.1021770210128766, 0.008984696974268075, 0.01532655315193149, 0.008984696974268075, 0.008984696974268075], [0.839969358871768, 0.11522521962756363, 0.009173879518844564, 0.017283782944134542, 0.009173879518844564, 0.009173879518844564], [0.7948001573774719, 0.15012327294485506, 0.010852692911981545, 0.02251849094172826, 0.010852692911981545, 0.010852692911981545], [0.2967290752389891, 0.18918198359550323, 0.01277687853507968, 0.028377297539325483, 0.46015788655602274, 0.01277687853507968], [0.7893477293792054, 0.1564878144407067, 0.010230428004660603, 0.023473172166106004, 0.010230428004660603, 0.010230428004660603], [0.815124443304045, 0.13748453799494753, 0.00892277933392182, 0.020622680699242127, 0.00892277933392182, 0.00892277933392182], [0.343436636755171, 0.16088561589582034, 0.010488184715277677, 0.02413284238437305, 0.4505685355340802, 0.010488184715277677], [0.7502443433430978, 0.18521242131226595, 0.0122537907159321, 0.027781863196839892, 0.0122537907159321, 0.0122537907159321], [0.777921305792115, 0.16370924995690736, 0.011271018919147122, 0.024556387493536107, 0.011271018919147122, 0.011271018919147122], [0.8138686371427323, 0.13533041612012184, 0.010167128106375834, 0.020299562418018273, 0.010167128106375834, 0.010167128106375834], [0.8345659493737326, 0.1170683483697901, 0.010268483333669568, 0.017560252255468516, 0.010268483333669568, 0.010268483333669568], [0.8677527120421484, 0.08918613982290696, 0.009894409053836184, 0.013377920973436043, 0.009894409053836184, 0.009894409053836184], [0.8993839425069324, 0.06253860303326601, 0.009519363614950361, 0.009519363614950361, 0.009519363614950361, 0.009519363614950361], [0.9180595104374645, 0.043380152167184244, 0.009640084348837839, 0.009640084348837839, 0.009640084348837839, 0.009640084348837839], [0.9306336506396944, 0.030279736033438462, 0.009771653331716791, 0.009771653331716791, 0.009771653331716791, 0.009771653331716791], [0.9362403373423048, 0.024437568489318336, 0.009830523542094202, 0.009830523542094202, 0.009830523542094202, 0.009830523542094202], [0.009898571192625381, 0.026239626841226254, 0.009898571192625381, 0.009898571192625381, 0.9341660883882721, 0.009898571192625381], [0.9270884585981156, 0.0339728985885288, 0.009734660703338893, 0.009734660703338893, 0.009734660703338893, 0.009734660703338893], [1.0, 0.0, 0.0, 0.0, 0.0, 0.0], [0.8397509878602942, 0.06394683174638019, 0.05383664212166056, 0.022138432274327706, 0.01016355299866863, 0.01016355299866863], [0.6242594162896462, 0.09043378210219712, 0.19566339913556074, 0.04716885514875125, 0.0307114501139092, 0.011763097209935496], [0.3697994150624284, 0.10559100922355624, 0.2163532348854907, 0.06055538911197158, 0.2358250404538169, 0.011875911262736174], [1.0, 0.0, 0.0, 0.0, 0.0, 0.0], [1.0, 0.0, 0.0, 0.0, 0.0, 0.0], [0.7863681975152054, 0.12440444332169195, 0.05161127787987625, 0.018660666498253792, 0.009477707392486366, 0.009477707392486366], [0.2911494012220418, 0.17030423612748757, 0.011444022706993552, 0.025545635419123133, 0.4901126818173604, 0.011444022706993552], [0.33194116669747753, 0.17710286156806526, 0.010957281230790521, 0.026565429235209787, 0.44247598003766636, 0.010957281230790521], [0.369197149342665, 0.17901278027891607, 0.010899597462504148, 0.02685191704183741, 0.4031389584115732, 0.010899597462504148], [0.2985079946052185, 0.18523001588193236, 0.012034709663925804, 0.02778450238228985, 0.46440806780270766, 0.012034709663925804], [0.8057018138275533, 0.1410763042500009, 0.010686812094981853, 0.021161445637500133, 0.010686812094981853, 0.010686812094981853], [0.8612773205038864, 0.0963066648422235, 0.009323338309185528, 0.014445999726333524, 0.009323338309185528, 0.009323338309185528], [0.8922464002673584, 0.06925078564748682, 0.009371732079343954, 0.010387617847123023, 0.009371732079343954, 0.009371732079343954], [0.9145162269508605, 0.047074091517203424, 0.009602420382984036, 0.009602420382984036, 0.009602420382984036, 0.009602420382984036], [0.9299547461435768, 0.030987154518393064, 0.009764524834507557, 0.009764524834507557, 0.009764524834507557, 0.009764524834507557], [1.0, 0.0, 0.0, 0.0, 0.0, 0.0]], [[1.0, 0.0, 0.0, 0.0, 0.0, 0.0], [0.8001206493620957, 0.1198115083402433, 0.04314835858224666, 0.017971726251036494, 0.00947387873218894, 0.00947387873218894], [0.13115545034301662, 0.14104377929935785, 0.01078859349595782, 0.021156566894903677, 0.6850670164708061, 0.01078859349595782], [0.12838473600898517, 0.13038780000586148, 0.009736240202911887, 0.019558170000879223, 0.7021968135784503, 0.009736240202911887], [0.8350218323284487, 0.12056527810169783, 0.008776032618199555, 0.018084791715254674, 0.008776032618199555, 0.008776032618199555], [0.828386838518185, 0.1263807240477864, 0.008758442942286898, 0.018957108607167962, 0.008758442942286898, 0.008758442942286898], [0.8003997089673441, 0.1486630627053128, 0.009545922973848712, 0.022299459405796918, 0.009545922973848712, 0.009545922973848712], [0.7042400998377043, 0.22273599525776053, 0.013204501871956957, 0.03341039928866408, 0.013204501871956957, 0.013204501871956957], [0.6044104884172293, 0.2730556088378118, 0.015316737843119847, 0.07658368921559924, 0.015316737843119847, 0.015316737843119847], [0.727493218579133, 0.2072271718646402, 0.011398511258843558, 0.03108407577969603, 0.011398511258843558, 0.011398511258843558], [0.7838143701031641, 0.16423097953800736, 0.009106667809375774, 0.0246346469307011, 0.009106667809375774, 0.009106667809375774], [0.33032687261480315, 0.2031290433135283, 0.01149943379068598, 0.030469356497029247, 0.4130758599932673, 0.01149943379068598], [0.6142463271348029, 0.2632047723903806, 0.015318612559352055, 0.07659306279676027, 0.015318612559352055, 0.015318612559352055], [0.6892170971061927, 0.23122597946030682, 0.01408820519134903, 0.03729230785945331, 0.01408820519134903, 0.01408820519134903], [0.4013211173679194, 0.21523327786283755, 0.014287872241370956, 0.037120452391797086, 0.3177494078947039, 0.014287872241370956], [0.7152699753176112, 0.20441630547107928, 0.015723607216033695, 0.033142897563208276, 0.015723607216033695, 0.015723607216033695], [0.8176149764159356, 0.12219972281459172, 0.011754295644034593, 0.021895256591829143, 0.014781452889574232, 0.011754295644034593], [0.0, 0.0, 0.0, 0.0, 0.0, 1.0], [0.9110815267050232, 0.050652137636070516, 0.009566583914726583, 0.009566583914726583, 0.009566583914726583, 0.009566583914726583], [0.9261507844595152, 0.0349508825931852, 0.009724583236824909, 0.009724583236824909, 0.009724583236824909, 0.009724583236824909], [0.9343116753521825, 0.026447234283025856, 0.009810272591197917, 0.009810272591197917, 0.009810272591197917, 0.009810272591197917], [0.9355161338352629, 0.025192188543655986, 0.009822919405270261, 0.009822919405270261, 0.009822919405270261, 0.009822919405270261], [0.009864095338104372, 0.03026174201146149, 0.009864095338104372, 0.009864095338104372, 0.9302818766361209, 0.009864095338104372], [0.9224356952982387, 0.038815525770317036, 0.009687194732861082, 0.009687194732861082, 0.009687194732861082, 0.009687194732861082], [1.0, 0.0, 0.0, 0.0, 0.0, 0.0], [1.0, 0.0, 0.0, 0.0, 0.0, 0.0], [1.0, 0.0, 0.0, 0.0, 0.0, 0.0], [1.0, 0.0, 0.0, 0.0, 0.0, 0.0], [1.0, 0.0, 0.0, 0.0, 0.0, 0.0], [0.8309994771889893, 0.11241544358231681, 0.02154941918156212, 0.016862316537347523, 0.009086671754892027, 0.009086671754892027], [0.794333887429155, 0.15154998987373314, 0.010461208072017279, 0.022732498481059966, 0.010461208072017279, 0.010461208072017279], [0.7607251601394249, 0.17908597397198378, 0.011108656597597901, 0.02686289609579757, 0.011108656597597901, 0.011108656597597901], [0.7791855710718885, 0.16609615724748866, 0.009934616031166578, 0.024914423587123296, 0.009934616031166578, 0.009934616031166578], [0.09468959221424575, 0.15292031358293384, 0.009562711292923827, 0.02293804703744008, 0.7103266245795327, 0.009562711292923827], [0.827658659665212, 0.12637858382387315, 0.009001989645777914, 0.018956787573580974, 0.009001989645777914, 0.009001989645777914], [0.8561250096443086, 0.10164130121465474, 0.008995831319612787, 0.01524619518219821, 0.008995831319612787, 0.008995831319612787], [0.8829687277387922, 0.07757719306279595, 0.009272500079664146, 0.011636578959419393, 0.009272500079664146, 0.009272500079664146], [0.9067773331379667, 0.0551380188702386, 0.009521161997948651, 0.009521161997948651, 0.009521161997948651, 0.009521161997948651], [0.9230368656652254, 0.03819558597683521, 0.009691887089484867, 0.009691887089484867, 0.009691887089484867, 0.009691887089484867], [1.0, 0.0, 0.0, 0.0, 0.0, 0.0]], [[1.0, 0.0, 0.0, 0.0, 0.0, 0.0], [0.5628795911822657, 0.17427314364230195, 0.19590693895711755, 0.040084705089208486, 0.015451240244570742, 0.011404380884535374], [0.5836237491333032, 0.31047339242350624, 0.019777283193221567, 0.046571008863525935, 0.019777283193221567, 0.019777283193221567], [0.45988701062591103, 0.20947641929549612, 0.013176537944899699, 0.03552497975340605, 0.2687585144353873, 0.013176537944899699], [0.12662075750910567, 0.15114242387864038, 0.009427238880239986, 0.022671363581796056, 0.6807109772699779, 0.009427238880239986], [0.8063198513809999, 0.14544127717446942, 0.008807559956120101, 0.021816191576170412, 0.008807559956120101, 0.008807559956120101], [0.7665376841368733, 0.17670952576712515, 0.010082120410310907, 0.026506428865068772, 0.010082120410310907, 0.010082120410310907], [0.6631078679699572, 0.2571960114478576, 0.013705572955002156, 0.03857940171717864, 0.013705572955002156, 0.013705572955002156], [0.6622476975907491, 0.25928056944167716, 0.013193215850440705, 0.03889208541625157, 0.013193215850440705, 0.013193215850440705], [0.7403281924088481, 0.19953601507901814, 0.010068463416760334, 0.02993040226185272, 0.010068463416760334, 0.010068463416760334], [0.7810617428439955, 0.16775883869967181, 0.008671864217127252, 0.02516382580495077, 0.008671864217127252, 0.008671864217127252], [0.3403878250313201, 0.1823076257963085, 0.009807784789038038, 0.027346143869446272, 0.4303428357248491, 0.009807784789038038], [0.7140344149441763, 0.21686735888457384, 0.012189374112854557, 0.03253010383268608, 0.012189374112854557, 0.012189374112854557], [0.7321504117946932, 0.20174217742942493, 0.011948694720489393, 0.03026132661441374, 0.011948694720489393, 0.011948694720489393], [0.3449538008286584, 0.23685191552665902, 0.015198828373444129, 0.043212355179399975, 0.34458427171839434, 0.015198828373444129], [0.6532784353900284, 0.21873232012539448, 0.015998655560572124, 0.07999327780286063, 0.015998655560572124, 0.015998655560572124], [0.0, 0.0, 0.0, 0.0, 0.0, 1.0], [0.03785162976388411, 0.08044641472555712, 0.009449226129008177, 0.012066962208833569, 0.8507365410437088, 0.009449226129008177], [0.009661799864275957, 0.05842984387600868, 0.009661799864275957, 0.009661799864275957, 0.9029229566668876, 0.009661799864275957], [0.009813691048291434, 0.04084596562424347, 0.009813691048291434, 0.009813691048291434, 0.9198992701825908, 0.009813691048291434], [0.9313978010118442, 0.029483491345658305, 0.009779676910624365, 0.009779676910624365, 0.009779676910624365, 0.009779676910624365], [0.9353956143720287, 0.02531776982434604, 0.009821653950906301, 0.009821653950906301, 0.009821653950906301, 0.009821653950906301], [0.009901561926026169, 0.02687208091450799, 0.009901561926026169, 0.009901561926026169, 0.9335216713813873, 0.009901561926026169], [0.0, 0.0, 0.0, 0.0, 0.0, 1.0], [0.9225765394516573, 0.038675245891372986, 0.009687053664242403, 0.009687053664242403, 0.009687053664242403, 0.009687053664242403], [0.009713788849796694, 0.04718321680997921, 0.009713788849796694, 0.009713788849796694, 0.913961627790834, 0.009713788849796694], [0.9061004586411472, 0.05584332209592455, 0.009514054815732047, 0.009514054815732047, 0.009514054815732047, 0.009514054815732047], [0.009545363194458405, 0.06863199242236769, 0.009545363194458405, 0.010294798863355152, 0.8924371191309018, 0.009545363194458405], [1.0, 0.0, 0.0, 0.0, 0.0, 0.0], [0.8432021376859553, 0.10303213878509296, 0.019925292190215913, 0.015454820817763944, 0.00919280526048598, 0.00919280526048598], [0.25489096710270975, 0.15988364745968023, 0.011790874668696777, 0.023982547118952036, 0.5376610889812644, 0.011790874668696777], [0.6963849053048115, 0.20029689783542015, 0.012914774607471046, 0.06457387303735523, 0.012914774607471046, 0.012914774607471046], [0.7656684798470504, 0.17599088888754783, 0.010647332644089864, 0.026398633333132172, 0.010647332644089864, 0.010647332644089864], [0.7986680987279526, 0.15092123182015466, 0.009257494892956507, 0.022638184773023196, 0.009257494892956507, 0.009257494892956507], [0.8169309952891661, 0.13538569848805093, 0.009125150483191726, 0.02030785477320764, 0.009125150483191726, 0.009125150483191726], [0.8429217129878676, 0.11293556942471712, 0.009067460724569229, 0.016940335413707566, 0.009067460724569229, 0.009067460724569229], [0.8706959301758682, 0.08858139408426012, 0.009145155542410856, 0.013287209112639017, 0.009145155542410856, 0.009145155542410856], [0.8951243350702593, 0.06667760728263268, 0.009398805518237723, 0.010001641092394903, 0.009398805518237723, 0.009398805518237723], [0.9124781637344591, 0.049197753388693685, 0.009581020719211821, 0.009581020719211821, 0.009581020719211821, 0.009581020719211821], [1.0, 0.0, 0.0, 0.0, 0.0, 0.0]], [[1.0, 0.0, 0.0, 0.0, 0.0, 0.0], [0.4128215199718245, 0.19162317863317, 0.30495149003568395, 0.061223530504296006, 0.017602039748484663, 0.011778241106540755], [0.30912843187604244, 0.4666504122032013, 0.028027644490094518, 0.14013822245047258, 0.028027644490094518, 0.028027644490094518], [0.5902945594971888, 0.2935368459700311, 0.01752839739991652, 0.0635834023330305, 0.01752839739991652, 0.01752839739991652], [0.7483248598749239, 0.15349965627237294, 0.056794540063367024, 0.023024948440855942, 0.009177997674240112, 0.009177997674240112], [0.7902064867599126, 0.1497656107928864, 0.01999422353737952, 0.022464841618932956, 0.008784418645444351, 0.008784418645444351], [0.6260540449077068, 0.17181742176437653, 0.15722385999195057, 0.025772613264656477, 0.009566030035654824, 0.009566030035654824], [0.622093826092175, 0.26658412081764626, 0.013915256636272336, 0.06957628318136168, 0.013915256636272336, 0.013915256636272336], [0.6954301718481276, 0.23428265204811846, 0.01171492609884542, 0.035142397807217764, 0.01171492609884542, 0.01171492609884542], [0.754399125565203, 0.18895092352974338, 0.009435770791863975, 0.028342638529461506, 0.009435770791863975, 0.009435770791863975], [0.783826369264056, 0.16557471005060825, 0.008587571392581494, 0.024836206507591236, 0.008587571392581494, 0.008587571392581494], [0.7959999434034819, 0.1551390312279029, 0.008530056894809922, 0.023270854684185438, 0.008530056894809922, 0.008530056894809922], [0.7974980460083486, 0.15283478386192867, 0.008913984183477766, 0.0229252175792893, 0.008913984183477766, 0.008913984183477766], [0.804140134855982, 0.14673483242697632, 0.0090382692843317, 0.02201022486404645, 0.0090382692843317, 0.0090382692843317], [0.0, 0.0, 0.0, 0.0, 0.0, 1.0], [0.0, 0.0, 0.0, 0.0, 0.0, 1.0], [0.0, 0.0, 0.0, 0.0, 0.0, 1.0], [0.009374397503792839, 0.08807600231330291, 0.009374397503792839, 0.013211400346995436, 0.8705894048283231, 0.009374397503792839], [0.8958655030481288, 0.06601281183117831, 0.009406587782005354, 0.009901921774676747, 0.009406587782005354, 0.009406587782005354], [0.9133675790698634, 0.04827098260920229, 0.009590359580233567, 0.009590359580233567, 0.009590359580233567, 0.009590359580233567], [0.9255023902772608, 0.03562650933109422, 0.009717775097911238, 0.009717775097911238, 0.009717775097911238, 0.009717775097911238], [0.9321530074034913, 0.0286965662855621, 0.00978760657773666, 0.00978760657773666, 0.00978760657773666, 0.00978760657773666], [0.9341815303856345, 0.02658284533816895, 0.009808906069049161, 0.009808906069049161, 0.009808906069049161, 0.009808906069049161], [0.009888191130475328, 0.028153367678440896, 0.009888191130475328, 0.009888191130475328, 0.9322938677996577, 0.009888191130475328], [0.9294190857138049, 0.03154531268621531, 0.009758900399994953, 0.009758900399994953, 0.009758900399994953, 0.009758900399994953], [0.9239504085292654, 0.037243674312505616, 0.009701479289557287, 0.009701479289557287, 0.009701479289557287, 0.009701479289557287], [0.009745446690800604, 0.04615767023757795, 0.009745446690800604, 0.009745446690800604, 0.9148605429992195, 0.009745446690800604], [1.0, 0.0, 0.0, 0.0, 0.0, 0.0], [0.009527347717980422, 0.07500698368590573, 0.009527347717980422, 0.01125104755288586, 0.8851599256072672, 0.009527347717980422], [0.8599285044314701, 0.09298123286397122, 0.014780021169915891, 0.013947184929595683, 0.009181528302523508, 0.009181528302523508], [0.820254533828582, 0.12938549560882753, 0.010317382073755462, 0.01940782434132413, 0.010317382073755462, 0.010317382073755462], [0.7754919131266138, 0.16578556281543033, 0.01128489654521374, 0.02486783442231455, 0.01128489654521374, 0.01128489654521374], [0.7831049368400534, 0.1623479602536845, 0.010064969622736454, 0.024352194038052673, 0.010064969622736454, 0.010064969622736454], [0.7747410824044579, 0.16915684048959878, 0.010242850344167817, 0.025373526073439814, 0.010242850344167817, 0.010242850344167817], [0.7564216677468807, 0.18165384627376988, 0.011558803012761323, 0.02724807694106548, 0.011558803012761323, 0.011558803012761323], [0.8066973229896687, 0.1414974429844749, 0.010193539192728364, 0.021224616447671235, 0.010193539192728364, 0.010193539192728364], [0.8528569770093838, 0.10415489651155295, 0.009121630667443384, 0.015623234476732941, 0.009121630667443384, 0.009121630667443384], [0.8781019466027132, 0.08194134983351185, 0.009221833696249378, 0.012291202475026778, 0.009221833696249378, 0.009221833696249378], [0.8976051578114832, 0.06445065832337538, 0.009425528372211719, 0.009667598748506305, 0.009425528372211719, 0.009425528372211719], [1.0, 0.0, 0.0, 0.0, 0.0, 0.0]], [[1.0, 0.0, 0.0, 0.0, 0.0, 0.0], [0.5565422046960149, 0.16907974680163446, 0.21274716790350126, 0.03947885589961879, 0.011076012349615272, 0.011076012349615272], [0.5796775855632283, 0.3108277593859396, 0.019908119100151278, 0.049770297750378195, 0.019908119100151278, 0.019908119100151278], [0.7197568510158192, 0.20703876844959798, 0.01319230885958914, 0.033627453955815456, 0.01319230885958914, 0.01319230885958914], [0.11054379367291536, 0.14585096610339804, 0.0294783449794441, 0.021877644915509704, 0.6829451476945956, 0.009304102634137043], [1.0, 0.0, 0.0, 0.0, 0.0, 0.0], [0.729227047108903, 0.1581888420030781, 0.07019791713777913, 0.023728326300461716, 0.009328933724889068, 0.009328933724889068], [0.5983174746643506, 0.17851022336198252, 0.17677561751446721, 0.026776533504297376, 0.009810075477451203, 0.009810075477451203], [0.697145163947021, 0.22913644540587855, 0.012011622757195296, 0.03768352237551465, 0.012011622757195296, 0.012011622757195296], [0.7062755172762156, 0.2247049624869334, 0.011771258621270262, 0.033705744373040004, 0.011771258621270262, 0.011771258621270262], [0.7563566707340525, 0.18536519386670297, 0.010157785439746329, 0.027804779080005445, 0.010157785439746329, 0.010157785439746329], [0.8039693313734877, 0.14780829281034977, 0.008683710631536676, 0.022171243921552466, 0.008683710631536676, 0.008683710631536676], [0.8169158422258673, 0.13681537366372434, 0.008582159353616543, 0.02052230604955865, 0.008582159353616543, 0.008582159353616543], [0.0, 0.0, 0.0, 0.0, 0.0, 1.0], [0.8269645254076057, 0.12781020454734962, 0.00868457978764736, 0.019171530682102443, 0.00868457978764736, 0.00868457978764736], [0.0, 0.0, 0.0, 0.0, 0.0, 1.0], [0.8446047687421135, 0.11197864531526484, 0.008873263048443955, 0.016796796797289727, 0.008873263048443955, 0.008873263048443955], [0.861614868326129, 0.09672792668429887, 0.009049338662309118, 0.01450918900264483, 0.009049338662309118, 0.009049338662309118], [0.8818840753299139, 0.07855181658886456, 0.009260445197630592, 0.011782772488329686, 0.009260445197630592, 0.009260445197630592], [0.901188886631455, 0.06096027849031732, 0.009462708719556899, 0.009462708719556899, 0.009462708719556899, 0.009462708719556899], [0.9146878909675195, 0.046894302466380905, 0.00960445164152488, 0.00960445164152488, 0.00960445164152488, 0.00960445164152488], [0.9236009268393223, 0.0376078342334263, 0.009697809731812885, 0.009697809731812885, 0.009697809731812885, 0.009697809731812885], [0.0, 0.0, 0.0, 0.0, 0.0, 1.0], [0.0, 0.0, 0.0, 0.0, 0.0, 1.0], [0.009866426970749515, 0.03141602105067387, 0.009866426970749515, 0.009866426970749515, 0.9291182710663282, 0.009866426970749515], [0.9261795595912781, 0.03492089890588831, 0.00972488537570842, 0.00972488537570842, 0.00972488537570842, 0.00972488537570842], [1.0, 0.0, 0.0, 0.0, 0.0, 0.0], [1.0, 0.0, 0.0, 0.0, 0.0, 0.0], [0.8907396100292422, 0.070610515004206, 0.009352765905307044, 0.010591577250630898, 0.009352765905307044, 0.009352765905307044], [0.01778147194254763, 0.09125587371421247, 0.009415061425989963, 0.01368838105713187, 0.858444150434128, 0.009415061425989963], [0.8470018756119625, 0.10923580949477374, 0.009125647823015915, 0.01638537142421606, 0.009125647823015915, 0.009125647823015915], [0.8253059629288383, 0.1282147534645161, 0.009082356862322734, 0.019232213019677417, 0.009082356862322734, 0.009082356862322734], [0.8035082785435093, 0.14668014238978788, 0.009269852569411558, 0.022002021358468182, 0.009269852569411558, 0.009269852569411558], [0.7446453772919187, 0.19213950976074953, 0.011464728827739731, 0.02882092646411243, 0.011464728827739731, 0.011464728827739731], [0.6598762511369574, 0.2297837855581742, 0.013792495413108535, 0.06896247706554268, 0.013792495413108535, 0.013792495413108535], [0.7616520541924927, 0.17734533024392218, 0.011466938675665573, 0.026601799536588328, 0.011466938675665573, 0.011466938675665573], [0.8296373227395183, 0.12402629721248175, 0.009244145155375898, 0.018603944581872263, 0.009244145155375898, 0.009244145155375898], [0.8585512844062054, 0.09946671874185628, 0.009020663013553289, 0.014920007811278441, 0.009020663013553289, 0.009020663013553289], [0.009428141669083904, 0.08425566803842052, 0.009428141669083904, 0.012638350205763078, 0.8748215567485648, 0.009428141669083904], [1.0, 0.0, 0.0, 0.0, 0.0, 0.0]], [[1.0, 0.0, 0.0, 0.0, 0.0, 0.0], [0.12119158324461239, 0.12359484111171981, 0.045869324335610265, 0.020761904699276225, 0.6788290797500516, 0.009753266858729763], [0.8073265014821308, 0.13958914052290372, 0.010715328972176624, 0.020938371078435557, 0.010715328972176624, 0.010715328972176624], [0.8248554936024953, 0.1272014246554617, 0.009620956014574559, 0.019080213698319252, 0.009620956014574559, 0.009620956014574559], [0.8374315146549861, 0.1183461289103652, 0.008823479032697971, 0.017751919336554782, 0.008823479032697971, 0.008823479032697971], [0.026149291153776007, 0.12638859242637077, 0.009038938308821907, 0.018958288863955616, 0.8104259509382538, 0.009038938308821907], [1.0, 0.0, 0.0, 0.0, 0.0, 0.0], [0.10713861075885511, 0.15738774035443664, 0.0707964388274373, 0.023608161053165495, 0.6315162495269899, 0.00955279947911554], [0.33545208685861305, 0.2276283839398066, 0.01303470966079182, 0.03414425759097099, 0.3767058522890257, 0.01303470966079182], [0.5847349313102744, 0.2854300472069544, 0.01622937768534639, 0.08114688842673196, 0.01622937768534639, 0.01622937768534639], [0.7241384657073173, 0.20773884433813591, 0.012320621101275457, 0.031160826650720386, 0.012320621101275457, 0.012320621101275457], [0.8090692529443455, 0.14245705163448047, 0.009035045892000644, 0.021368557745172073, 0.009035045892000644, 0.009035045892000644], [0.009011437475905023, 0.13431519940983933, 0.009011437475905023, 0.0201472799114759, 0.8185032082509698, 0.009011437475905023], [0.828034866138221, 0.12685286285463507, 0.008694780526316254, 0.01902792942819526, 0.008694780526316254, 0.008694780526316254], [0.827340437859508, 0.12746093820161855, 0.008693161069543587, 0.01911914073024278, 0.008693161069543587, 0.008693161069543587], [0.08730239676717375, 0.13551012427607978, 0.009273052506357835, 0.020326518641411963, 0.7383148553026189, 0.009273052506357835], [0.09671657761240775, 0.13884613311380686, 0.009964738299460192, 0.02082691996707103, 0.723680892707794, 0.009964738299460192], [0.8399035624201241, 0.11511153444185274, 0.009239390990581785, 0.01726673016627791, 0.009239390990581785, 0.009239390990581785], [0.032675702475388944, 0.09756175042233559, 0.009326190081517263, 0.014634262563350337, 0.8364759043758907, 0.009326190081517263], [0.8823279038100222, 0.07815429774199098, 0.009264884595562696, 0.011723144661298647, 0.009264884595562696, 0.009264884595562696], [0.8982736737339271, 0.06385278742909063, 0.009431873574206235, 0.009577918114363594, 0.009431873574206235, 0.009431873574206235], [0.9086810679616081, 0.0531543271840043, 0.009541151213596884, 0.009541151213596884, 0.009541151213596884, 0.009541151213596884], [0.9158904771560891, 0.04564212280335534, 0.009616850010138936, 0.009616850010138936, 0.009616850010138936, 0.009616850010138936], [1.0, 0.0, 0.0, 0.0, 0.0, 0.0], [0.9225288469173123, 0.038724941512160736, 0.009686552892631779, 0.009686552892631779, 0.009686552892631779, 0.009686552892631779], [1.0, 0.0, 0.0, 0.0, 0.0, 0.0], [1.0, 0.0, 0.0, 0.0, 0.0, 0.0], [0.009654158428978212, 0.06320878483279313, 0.009654158428978212, 0.009654158428978212, 0.8981745814512941, 0.009654158428978212], [0.8830936852918561, 0.07746857706213087, 0.00927248369556449, 0.01162028655931963, 0.00927248369556449, 0.00927248369556449], [0.009362972649988506, 0.09659254703906128, 0.009362972649988506, 0.01448888205585919, 0.8608296529551139, 0.009362972649988506], [0.009216429363091314, 0.11307429198414447, 0.009216429363091314, 0.016961143797621668, 0.84231527612896, 0.009216429363091314], [0.831791433678312, 0.12347516513203508, 0.008737375473282521, 0.018521274769805262, 0.008737375473282521, 0.008737375473282521], [0.8136533828844855, 0.13908026738507454, 0.00880143654089294, 0.020862040107761177, 0.00880143654089294, 0.00880143654089294], [0.7760397890171192, 0.1688877633888611, 0.009913094361896828, 0.025333164508329162, 0.009913094361896828, 0.009913094361896828], [0.29939440402145817, 0.2082077944846665, 0.011905742382139858, 0.031231169172699975, 0.43735514755689553, 0.011905742382139858], [0.3342239536772886, 0.1761457037393471, 0.0104253343348879, 0.026421855560902065, 0.4423578183526864, 0.0104253343348879], [0.12187813524837876, 0.1442001093885992, 0.009422472501588676, 0.02163001640828988, 0.6934467939515547, 0.009422472501588676], [0.8298126437728509, 0.12346500326036565, 0.00940086749257615, 0.018519750489054847, 0.00940086749257615, 0.00940086749257615], [0.8425201441205628, 0.10221768478645445, 0.02146257277705499, 0.015332652717968165, 0.009233472798979826, 0.009233472798979826], [1.0, 0.0, 0.0, 0.0, 0.0, 0.0]], [[1.0, 0.0, 0.0, 0.0, 0.0, 0.0], [0.8731673104743912, 0.08634945318630123, 0.009176939453787458, 0.012952417977945184, 0.009176939453787458, 0.009176939453787458], [0.8672693815776398, 0.0912259446948285, 0.009273594007769179, 0.013683891704224274, 0.009273594007769179, 0.009273594007769179], [0.0199497900325359, 0.095885701457191, 0.009331060883399746, 0.01438285521857865, 0.8511195315248951, 0.009331060883399746], [0.00928432282064244, 0.10078801045161673, 0.00928432282064244, 0.015118201567742509, 0.8562408195187134, 0.00928432282064244], [0.8515630405877995, 0.10575019446407383, 0.008941411926171896, 0.015862529169611072, 0.008941411926171896, 0.008941411926171896], [1.0, 0.0, 0.0, 0.0, 0.0, 0.0], [0.8212379138212417, 0.13153413856843812, 0.0096823333891036, 0.019730120785265717, 0.008907746717975312, 0.008907746717975312], [0.7805345311983617, 0.16388430669750584, 0.010332838699835548, 0.024582646004625872, 0.010332838699835548, 0.010332838699835548], [0.7400016187055943, 0.19463111148479906, 0.012057534362295626, 0.02919466672271986, 0.012057534362295626, 0.012057534362295626], [0.7847434629490442, 0.16046046759473825, 0.010242333105668909, 0.024069070139210738, 0.010242333105668909, 0.010242333105668909], [0.06764394469045955, 0.13687204009110826, 0.009187929176167717, 0.020530806013666237, 0.7565773508524305, 0.009187929176167717], [0.009055646730698159, 0.1304483882638966, 0.009055646730698159, 0.01956725823958449, 0.8228174133044244, 0.009055646730698159], [0.0090326958620981, 0.1310576422228809, 0.0090326958620981, 0.019658646333432138, 0.8221856238573926, 0.0090326958620981], [0.8188196504278203, 0.13429218407015844,