{"prediction": [[[1.0, 0.0, 0.0, 0.0, 0.0, 0.0], [1.0, 0.0, 0.0, 0.0, 0.0, 0.0], [1.0, 0.0, 0.0, 0.0, 0.0, 0.0], [1.0, 0.0, 0.0, 0.0, 0.0, 0.0], [1.0, 0.0, 0.0, 0.0, 0.0, 0.0], [1.0, 0.0, 0.0, 0.0, 0.0, 0.0], [1.0, 0.0, 0.0, 0.0, 0.0, 0.0], [1.0, 0.0, 0.0, 0.0, 0.0, 0.0], [1.0, 0.0, 0.0, 0.0, 0.0, 0.0], [1.0, 0.0, 0.0, 0.0, 0.0, 0.0], [1.0, 0.0, 0.0, 0.0, 0.0, 0.0], [1.0, 0.0, 0.0, 0.0, 0.0, 0.0], [1.0, 0.0, 0.0, 0.0, 0.0, 0.0], [1.0, 0.0, 0.0, 0.0, 0.0, 0.0], [1.0, 0.0, 0.0, 0.0, 0.0, 0.0], [1.0, 0.0, 0.0, 0.0, 0.0, 0.0], [1.0, 0.0, 0.0, 0.0, 0.0, 0.0], [1.0, 0.0, 0.0, 0.0, 0.0, 0.0], [1.0, 0.0, 0.0, 0.0, 0.0, 0.0], [1.0, 0.0, 0.0, 0.0, 0.0, 0.0], [1.0, 0.0, 0.0, 0.0, 0.0, 0.0], [1.0, 0.0, 0.0, 0.0, 0.0, 0.0], [1.0, 0.0, 0.0, 0.0, 0.0, 0.0], [1.0, 0.0, 0.0, 0.0, 0.0, 0.0], [1.0, 0.0, 0.0, 0.0, 0.0, 0.0], [1.0, 0.0, 0.0, 0.0, 0.0, 0.0], [1.0, 0.0, 0.0, 0.0, 0.0, 0.0], [1.0, 0.0, 0.0, 0.0, 0.0, 0.0], [1.0, 0.0, 0.0, 0.0, 0.0, 0.0], [1.0, 0.0, 0.0, 0.0, 0.0, 0.0], [1.0, 0.0, 0.0, 0.0, 0.0, 0.0], [1.0, 0.0, 0.0, 0.0, 0.0, 0.0], [1.0, 0.0, 0.0, 0.0, 0.0, 0.0], [1.0, 0.0, 0.0, 0.0, 0.0, 0.0], [1.0, 0.0, 0.0, 0.0, 0.0, 0.0], [1.0, 0.0, 0.0, 0.0, 0.0, 0.0], [1.0, 0.0, 0.0, 0.0, 0.0, 0.0], [1.0, 0.0, 0.0, 0.0, 0.0, 0.0], [1.0, 0.0, 0.0, 0.0, 0.0, 0.0], [1.0, 0.0, 0.0, 0.0, 0.0, 0.0]], [[1.0, 0.0, 0.0, 0.0, 0.0, 0.0], [0.9261682647365518, 0.034932668144513, 0.009724766779733794, 0.009724766779733794, 0.009724766779733794, 0.009724766779733794], [0.9208397543255966, 0.040484975992728385, 0.009668817420418765, 0.009668817420418765, 0.009668817420418765, 0.009668817420418765], [0.9156538805433363, 0.04588865647384352, 0.009614365745705032, 0.009614365745705032, 0.009614365745705032, 0.009614365745705032], [0.9123967830920662, 0.049282552018067076, 0.009580166222466695, 0.009580166222466695, 0.009580166222466695, 0.009580166222466695], [0.9117860614699996, 0.04991709855073996, 0.00957420999481511, 0.00957420999481511, 0.00957420999481511, 0.00957420999481511], [0.00975298033415044, 0.04922348000721308, 0.00975298033415044, 0.00975298033415044, 0.9117645986561852, 0.00975298033415044], [0.9152354184068978, 0.046324694020012464, 0.009609971893272428, 0.009609971893272428, 0.009609971893272428, 0.009609971893272428], [0.9161616843429482, 0.04535952491464801, 0.009619697685600956, 0.009619697685600956, 0.009619697685600956, 0.009619697685600956], [0.9153901416727345, 0.04616347237701068, 0.009611596487563713, 0.009611596487563713, 0.009611596487563713, 0.009611596487563713], [0.913729549754509, 0.04789380915580159, 0.009594160272422346, 0.009594160272422346, 0.009594160272422346, 0.009594160272422346], [0.009735913816965435, 0.049424046276479526, 0.009735913816965435, 0.009735913816965435, 0.9116322984556586, 0.009735913816965435], [0.9148746943279169, 0.04669873692934093, 0.009606642185685533, 0.009606642185685533, 0.009606642185685533, 0.009606642185685533], [0.9199605472553992, 0.04140110975987398, 0.009659585746181693, 0.009659585746181693, 0.009659585746181693, 0.009659585746181693], [1.0, 0.0, 0.0, 0.0, 0.0, 0.0], [0.9349768519609591, 0.025754120256680627, 0.009817256945590071, 0.009817256945590071, 0.009817256945590071, 0.009817256945590071], [0.9410803211281543, 0.019394305384463222, 0.009881343371845621, 0.009881343371845621, 0.009881343371845621, 0.009881343371845621], [0.009983546417699237, 0.015969736324078342, 0.009983546417699237, 0.009983546417699237, 0.9440960780051246, 0.009983546417699237], [0.9447680246518465, 0.015551718312775934, 0.00992006425884439, 0.00992006425884439, 0.00992006425884439, 0.00992006425884439], [0.9417916734895194, 0.018653076223920737, 0.009888812571639954, 0.009888812571639954, 0.009888812571639954, 0.009888812571639954], [0.9351326261262966, 0.025591803576398883, 0.009818892574326115, 0.009818892574326115, 0.009818892574326115, 0.009818892574326115], [0.9245408277289918, 0.03662753250306128, 0.009707909941986762, 0.009707909941986762, 0.009707909941986762, 0.009707909941986762], [0.9109731189195277, 0.050764186315844353, 0.009565673691157002, 0.009565673691157002, 0.009565673691157002, 0.009565673691157002], [0.8969444105581462, 0.06503206636558306, 0.009422904373811061, 0.00975480995483746, 0.009422904373811061, 0.009422904373811061], [0.07618042634289973, 0.07861844357028037, 0.018804029287171453, 0.011792766535542057, 0.8048551683106038, 0.009749165953502737], [0.8396528689676541, 0.08148974100188272, 0.04710130575777339, 0.012223461150282408, 0.009766311561203625, 0.009766311561203625], [0.8835725654632399, 0.07363957121913506, 0.012384305499754306, 0.011045935682870258, 0.009678811067500289, 0.009678811067500289], [0.0253550928347531, 0.05920223214700626, 0.009630239889644189, 0.009630239889644189, 0.8865519553493081, 0.009630239889644189], [0.0, 0.0, 0.0, 0.0, 0.0, 1.0], [0.9292719490157372, 0.03169862912560181, 0.00975735546466524, 0.00975735546466524, 0.00975735546466524, 0.00975735546466524], [0.9348132144298593, 0.025924630564086573, 0.009815538751513524, 0.009815538751513524, 0.009815538751513524, 0.009815538751513524], [0.9341415947504041, 0.026624458270078866, 0.009808486744879243, 0.009808486744879243, 0.009808486744879243, 0.009808486744879243], [0.929067505524994, 0.03191165924295624, 0.009755208808012438, 0.009755208808012438, 0.009755208808012438, 0.009755208808012438], [0.9226358466539143, 0.03861344778662127, 0.0096876763898661, 0.0096876763898661, 0.0096876763898661, 0.0096876763898661], [0.9180136959040217, 0.043429728868009276, 0.00963914380699223, 0.00963914380699223, 0.00963914380699223, 0.00963914380699223], [0.009759570914599433, 0.04464980853680592, 0.009759570914599433, 0.009759570914599433, 0.9163119078047963, 0.009759570914599433], [0.009788093805554432, 0.04055824186244932, 0.009788093805554432, 0.009788093805554432, 0.920289382915333, 0.009788093805554432], [0.009841136042726014, 0.03333454537053843, 0.009841136042726014, 0.009841136042726014, 0.9273009104585574, 0.009841136042726014], [0.009895142448310053, 0.025903297168354503, 0.009895142448310053, 0.009895142448310053, 0.9345161330384053, 0.009895142448310053], [1.0, 0.0, 0.0, 0.0, 0.0, 0.0]], [[1.0, 0.0, 0.0, 0.0, 0.0, 0.0], [0.9078974192332231, 0.0539708891589815, 0.009532922901948843, 0.009532922901948843, 0.009532922901948843, 0.009532922901948843], [0.9003759030441063, 0.0618065064736808, 0.009454397620553228, 0.009454397620553228, 0.009454397620553228, 0.009454397620553228], [0.892384736740268, 0.06913432559047761, 0.009370262943560893, 0.010370148838571642, 0.009370262943560893, 0.009370262943560893], [0.009526508544629584, 0.07509520402427283, 0.009526508544629584, 0.011264280603640925, 0.8850609897381976, 0.009526508544629584], [0.8869927091266695, 0.07396609240944473, 0.009315428200823034, 0.011094913861416708, 0.009315428200823034, 0.009315428200823034], [0.8895962463991599, 0.07163198700454672, 0.009342322848537088, 0.010744798050682007, 0.009342322848537088, 0.009342322848537088], [0.8928230955753427, 0.06874171905568188, 0.009374642503541098, 0.010311257858352282, 0.009374642503541098, 0.009374642503541098], [0.8941623294910244, 0.06754048446087682, 0.009388704459655756, 0.010131072669131522, 0.009388704459655756, 0.009388704459655756], [0.009586563648292246, 0.0703318732231204, 0.009586563648292246, 0.01054978098346806, 0.8903586548485348, 0.009586563648292246], [0.009556098596248603, 0.07270712934318305, 0.009556098596248603, 0.010906069401477455, 0.8877185054665936, 0.009556098596248603], [0.8892816033918417, 0.07191010680132269, 0.009340591262212395, 0.010786516020198403, 0.009340591262212395, 0.009340591262212395], [0.8928623099325551, 0.06869418739063646, 0.009379791522737655, 0.010304128108595469, 0.009379791522737655, 0.009379791522737655], [0.9014578104315756, 0.060669165907212524, 0.009468255915302962, 0.009468255915302962, 0.009468255915302962, 0.009468255915302962], [1.0, 0.0, 0.0, 0.0, 0.0, 0.0], [0.009807799429741526, 0.0377922358336918, 0.009807799429741526, 0.009807799429741526, 0.922976566447342, 0.009807799429741526], [0.009886860308794139, 0.028374000756334186, 0.009886860308794139, 0.009886860308794139, 0.9320785580084893, 0.009886860308794139], [0.9374845043921459, 0.023141146423383892, 0.009843587296117532, 0.009843587296117532, 0.009843587296117532, 0.009843587296117532], [0.009942096921276379, 0.023063662370953027, 0.009942096921276379, 0.009942096921276379, 0.9371679499439415, 0.009942096921276379], [0.9337301324867314, 0.0270532019488259, 0.00980416639111068, 0.00980416639111068, 0.00980416639111068, 0.00980416639111068], [0.9252748022837793, 0.03586365602030192, 0.009715385423979685, 0.009715385423979685, 0.009715385423979685, 0.009715385423979685], [0.912395741223555, 0.0492827247928883, 0.009580383495889156, 0.009580383495889156, 0.009580383495889156, 0.009580383495889156], [0.8959487026722506, 0.06593584344434814, 0.009408359122249686, 0.00989037651665222, 0.009408359122249686, 0.009408359122249686], [0.8759646295759712, 0.08342231049915844, 0.009366571116665506, 0.012513346574873766, 0.009366571116665506, 0.009366571116665506], [0.8395792571577768, 0.11118183813686681, 0.010853876328275442, 0.016677275720530023, 0.010853876328275442, 0.010853876328275442], [0.297657959739923, 0.14911395103254924, 0.014220661308417868, 0.022367092654882383, 0.5024196739558096, 0.014220661308417868], [0.8459233078044325, 0.10510363761344138, 0.011069169646703287, 0.015765545642016206, 0.011069169646703287, 0.011069169646703287], [0.8880671228599442, 0.07258558587909797, 0.009486484459697698, 0.010887837881864693, 0.009486484459697698, 0.009486484459697698], [0.0, 0.0, 0.0, 0.0, 0.0, 1.0], [0.0, 0.0, 0.0, 0.0, 0.0, 1.0], [0.9261247075926253, 0.03497805468848441, 0.009724309429722567, 0.009724309429722567, 0.009724309429722567, 0.009724309429722567], [0.9230215765025118, 0.03821151728438276, 0.009691726553276376, 0.009691726553276376, 0.009691726553276376, 0.009691726553276376], [0.9142162255984462, 0.04738577825285671, 0.00959949903717428, 0.00959949903717428, 0.00959949903717428, 0.00959949903717428], [0.9041138438469699, 0.05791156467373196, 0.009493647869824538, 0.009493647869824538, 0.009493647869824538, 0.009493647869824538], [0.8969253545553431, 0.06505451699079814, 0.009420650301746356, 0.009758177548619722, 0.009420650301746356, 0.009420650301746356], [0.8962333481990944, 0.06567106264302584, 0.009414976587142002, 0.009850659396453876, 0.009414976587142002, 0.009414976587142002], [0.9027694633319003, 0.05930423382445285, 0.009481575710911712, 0.009481575710911712, 0.009481575710911712, 0.009481575710911712], [0.9133184989577801, 0.04832121031060659, 0.009590072682903353, 0.009590072682903353, 0.009590072682903353, 0.009590072682903353], [0.9241107900403017, 0.037076556778005615, 0.00970316329542317, 0.00970316329542317, 0.00970316329542317, 0.00970316329542317], [1.0, 0.0, 0.0, 0.0, 0.0, 0.0]], [[1.0, 0.0, 0.0, 0.0, 0.0, 0.0], [0.009599137346123367, 0.0793498651663138, 0.009448293759255714, 0.011902479774947069, 0.8802519301941043, 0.009448293759255714], [0.015063125040376822, 0.09008755578932087, 0.009380218775143747, 0.013513133368398132, 0.8625757482516166, 0.009380218775143747], [0.85966919072882, 0.09816647440976373, 0.009146454566650624, 0.014724971161464559, 0.009146454566650624, 0.009146454566650624], [0.8497526389250669, 0.10627516659408438, 0.009343639830578628, 0.015941274989112655, 0.009343639830578628, 0.009343639830578628], [0.8446897325562209, 0.10990426266184099, 0.009640121794220633, 0.016485639399276147, 0.009640121794220633, 0.009640121794220633], [0.0708615286443753, 0.1054267500346343, 0.00958273122462347, 0.015814012505195145, 0.7887322463665484, 0.00958273122462347], [0.862785412336776, 0.0956705464452544, 0.009064486417060461, 0.01435058196678816, 0.009064486417060461, 0.009064486417060461], [0.8642502049357883, 0.09436640031198569, 0.009076144901809356, 0.014154960046797853, 0.009076144901809356, 0.009076144901809356], [0.8622189582201619, 0.09618093971503783, 0.009057653702514833, 0.014427140957255672, 0.009057653702514833, 0.009057653702514833], [0.036337295049312754, 0.10243452043886954, 0.009325058342029886, 0.01536517806583043, 0.8272128897619274, 0.009325058342029886], [0.08926833574883043, 0.10770565918130875, 0.009738795564938896, 0.01615584887719631, 0.7673925650627867, 0.009738795564938896], [0.8496433619855773, 0.10465012639144808, 0.010002997554752478, 0.01569751895871721, 0.010002997554752478, 0.010002997554752478], [0.8525535141640278, 0.08649047347933328, 0.02899523745374093, 0.012973571021899992, 0.009493601940499048, 0.009493601940499048], [0.025647822551505477, 0.06969036220989228, 0.00955964295101568, 0.010453554331483839, 0.8750889750050871, 0.00955964295101568], [1.0, 0.0, 0.0, 0.0, 0.0, 0.0], [0.920948340202193, 0.0403718295093149, 0.009669957572123026, 0.009669957572123026, 0.009669957572123026, 0.009669957572123026], [0.9266706238890138, 0.03440920990764773, 0.009730041550834645, 0.009730041550834645, 0.009730041550834645, 0.009730041550834645], [0.9263647333118666, 0.03472794788903507, 0.0097268296997746, 0.0097268296997746, 0.0097268296997746, 0.0097268296997746], [0.9208239090366803, 0.04050148678377896, 0.009668651044885145, 0.009668651044885145, 0.009668651044885145, 0.009668651044885145], [0.009712242242577645, 0.05204898045919193, 0.009712242242577645, 0.009712242242577645, 0.9091020505704974, 0.009712242242577645], [0.8952096843840098, 0.06660105265903804, 0.009399701686032104, 0.009990157898855705, 0.009399701686032104, 0.009399701686032104], [0.8748066935431655, 0.08489302579594414, 0.009188775597166247, 0.012733953869391622, 0.009188775597166247, 0.009188775597166247], [0.0, 0.0, 0.0, 0.0, 0.0, 1.0], [0.0, 0.0, 0.0, 0.0, 0.0, 1.0], [0.6234211821206292, 0.23307763745329638, 0.01793764755325929, 0.08968823776629645, 0.01793764755325929, 0.01793764755325929], [0.0, 0.0, 0.0, 0.0, 0.0, 1.0], [0.8730001077450227, 0.0865053232481248, 0.009172923506544608, 0.012975798487218719, 0.009172923506544608, 0.009172923506544608], [0.0, 0.0, 0.0, 0.0, 0.0, 1.0], [0.009731277730771388, 0.05233213389487136, 0.009731277730771388, 0.009731277730771388, 0.9087427551820431, 0.009731277730771388], [0.9145741857023232, 0.04701369849817913, 0.009603028949874394, 0.009603028949874394, 0.009603028949874394, 0.009603028949874394], [0.9081539065213959, 0.053703629404705355, 0.009535616018474658, 0.009535616018474658, 0.009535616018474658, 0.009535616018474658], [0.8940401950572704, 0.06764652479277182, 0.009388767143680662, 0.010146978718915772, 0.009388767143680662, 0.009388767143680662], [0.8771479151773995, 0.08269724039621017, 0.009250086122319543, 0.012404586059431524, 0.009250086122319543, 0.009250086122319543], [0.07233361143010865, 0.09744607995295969, 0.009663392272100791, 0.01461691199294395, 0.7962766120797861, 0.009663392272100791], [0.055976312669710204, 0.10137518376520414, 0.010026634251890197, 0.01520627756478062, 0.8073889574965246, 0.010026634251890197], [0.06681119643781183, 0.0877532133140772, 0.00977829582150546, 0.013162981997111581, 0.8127160166079883, 0.00977829582150546], [0.8945685878795548, 0.06713216906397775, 0.009409805898956864, 0.01006982535959666, 0.009409805898956864, 0.009409805898956864], [0.009682978273108017, 0.05153681259237936, 0.009682978273108017, 0.009682978273108017, 0.9097312743151886, 0.009682978273108017], [1.0, 0.0, 0.0, 0.0, 0.0, 0.0]], [[1.0, 0.0, 0.0, 0.0, 0.0, 0.0], [0.8436786246714375, 0.10383516130364105, 0.018340839666770376, 0.015575274195546157, 0.009285050081302504, 0.009285050081302504], [0.07055745765502831, 0.1275983987827595, 0.010065539413724322, 0.019139759817413927, 0.7625733049173495, 0.010065539413724322], [0.8118550684227097, 0.13797866029802544, 0.00982315741152033, 0.020696799044703815, 0.00982315741152033, 0.00982315741152033], [0.7774458512917948, 0.16451157385135845, 0.011121946259714317, 0.024676736077703768, 0.011121946259714317, 0.011121946259714317], [0.7372364751444732, 0.19422469237192805, 0.013135042875936465, 0.029133703855789207, 0.013135042875936465, 0.013135042875936465], [0.3600300949565337, 0.15693197476813772, 0.010978496169078159, 0.02353979621522066, 0.4375411417219516, 0.010978496169078159], [0.07933707166087867, 0.12970792041700874, 0.009409745708615842, 0.019456188062551314, 0.7526793284423297, 0.009409745708615842], [0.8322098870341755, 0.12249411457726714, 0.00897396040065573, 0.01837411718659007, 0.00897396040065573, 0.00897396040065573], [0.06557880557709833, 0.13396542968208486, 0.009593242415849813, 0.020094814452312725, 0.7611744654568044, 0.009593242415849813], [0.8152523555215022, 0.1360271950911499, 0.00943879004122511, 0.020404079263672485, 0.00943879004122511, 0.00943879004122511], [0.7781115905398204, 0.1634317822873934, 0.011313953276559043, 0.02451476734310901, 0.011313953276559043, 0.011313953276559043], [0.738935386687485, 0.1904999740602355, 0.013996547714414758, 0.02857499610903532, 0.013996547714414758, 0.013996547714414758], [0.8029233622909363, 0.14043001410698722, 0.011860707162009486, 0.02106450211604808, 0.011860707162009486, 0.011860707162009486], [0.8489085912951714, 0.08986416943839472, 0.028887120011141947, 0.013479625415759207, 0.00943024691976634, 0.00943024691976634], [0.8927885944094823, 0.06875911747478555, 0.009379473498171444, 0.010313867621217832, 0.009379473498171444, 0.009379473498171444], [1.0, 0.0, 0.0, 0.0, 0.0, 0.0], [0.9119909523430698, 0.04970542765852131, 0.009575904999602234, 0.009575904999602234, 0.009575904999602234, 0.009575904999602234], [0.00971888345565168, 0.05247042878171703, 0.00971888345565168, 0.00971888345565168, 0.9086540373956763, 0.00971888345565168], [0.9029735117562357, 0.05909707456698593, 0.009482353419194556, 0.009482353419194556, 0.009482353419194556, 0.009482353419194556], [0.890463430031736, 0.0708582364541429, 0.009349866015333228, 0.010628735468121434, 0.009349866015333228, 0.009349866015333228], [0.8731356072495156, 0.08640054010619545, 0.009167923876119914, 0.012960081015929317, 0.009167923876119914, 0.009167923876119914], [0.0, 0.0, 0.0, 0.0, 0.0, 1.0], [0.7959946603103054, 0.14928661821723488, 0.01077524291329146, 0.022392992732585233, 0.01077524291329146, 0.01077524291329146], [0.710439111869614, 0.20460532264924108, 0.013382232578153394, 0.041983474754991035, 0.016207625569847058, 0.013382232578153394], [0.6654881765140729, 0.23446326241180235, 0.01532275259693802, 0.05408030328331066, 0.01532275259693802, 0.01532275259693802], [0.4295071910509243, 0.15698060768466016, 0.011423659318694728, 0.02354709115269902, 0.36711779147432705, 0.011423659318694728], [0.8538712074586052, 0.1029695278028947, 0.009237945189355303, 0.015445429170434203, 0.009237945189355303, 0.009237945189355303], [0.8818010502931116, 0.07862339527663958, 0.009260681712917619, 0.011793509291495937, 0.009260681712917619, 0.009260681712917619], [0.009655830158158773, 0.06490902626514168, 0.009655830158158773, 0.009736353939771252, 0.8963871293206107, 0.009655830158158773], [0.009685675816359991, 0.06202588750073333, 0.009685675816359991, 0.009685675816359991, 0.8992314092338267, 0.009685675816359991], [0.8905956446177014, 0.07073848290969, 0.009351700012051739, 0.0106107724364535, 0.009351700012051739, 0.009351700012051739], [0.015543480839557375, 0.09124088279801347, 0.009390091071897307, 0.01368613241970202, 0.8607493217989325, 0.009390091071897307], [0.8413164672961787, 0.11332650874627852, 0.00945268254853367, 0.016998976311941777, 0.00945268254853367, 0.00945268254853367], [0.7869563126925826, 0.1550826410511899, 0.011566216699516345, 0.023262396157678483, 0.011566216699516345, 0.011566216699516345], [0.30777229372034387, 0.19218629313183194, 0.01443345929171268, 0.03113099062918421, 0.44004350393521463, 0.01443345929171268], [0.8004725356171155, 0.14050807654709704, 0.012015923271956701, 0.022971618019917223, 0.012015923271956701, 0.012015923271956701], [0.8499324707305305, 0.08748335346250603, 0.03040484898045376, 0.013122503019375906, 0.009528411903566816, 0.009528411903566816], [0.8984027020362731, 0.06372222136559268, 0.00943891446443173, 0.009558333204838902, 0.00943891446443173, 0.00943891446443173], [1.0, 0.0, 0.0, 0.0, 0.0, 0.0]], [[1.0, 0.0, 0.0, 0.0, 0.0, 0.0], [0.3112893160438794, 0.13674700595680658, 0.12287736159626816, 0.020512050893520987, 0.39823208757517237, 0.010342177934352572], [0.7119452067289553, 0.21315448148922542, 0.01430904651947851, 0.03197317222338381, 0.01430904651947851, 0.01430904651947851], [0.7280212621365044, 0.20408200145833943, 0.01242814539546836, 0.030612300218750915, 0.01242814539546836, 0.01242814539546836], [0.3338362324186384, 0.2387919352312995, 0.013841990124675248, 0.035818790284694924, 0.3638690618160166, 0.013841990124675248], [0.5830723955519006, 0.2849478333606234, 0.0164974713859345, 0.08248735692967249, 0.0164974713859345, 0.0164974713859345], [0.7279939747008208, 0.20471914582902118, 0.01219300253193493, 0.030707871874353174, 0.01219300253193493, 0.01219300253193493], [0.7949444496956594, 0.15372761122319967, 0.009422932465886956, 0.023059141683479948, 0.009422932465886956, 0.009422932465886956], [0.7830540561287282, 0.16255466179921196, 0.010002694267392646, 0.024383199269881795, 0.010002694267392646, 0.010002694267392646], [0.30679298569278596, 0.19887294461949445, 0.0119438490613222, 0.029830941692924162, 0.440615429872151, 0.0119438490613222], [0.7448871536417117, 0.1925386981071958, 0.011231114511671041, 0.02888080471607937, 0.011231114511671041, 0.011231114511671041], [0.6948260353266487, 0.23028628446804836, 0.013448245845031908, 0.03454294267020725, 0.013448245845031908, 0.013448245845031908], [0.5894163843736155, 0.2743332559524834, 0.01703129495923762, 0.0851564747961881, 0.01703129495923762, 0.01703129495923762], [0.7355974078626206, 0.1939349895174843, 0.013792451397424136, 0.02909024842762264, 0.013792451397424136, 0.013792451397424136], [0.8055087577166066, 0.10776374363805578, 0.051789311632755415, 0.01616456154570837, 0.00938681273343692, 0.00938681273343692], [1.0, 0.0, 0.0, 0.0, 0.0, 0.0], [1.0, 0.0, 0.0, 0.0, 0.0, 0.0], [1.0, 0.0, 0.0, 0.0, 0.0, 0.0], [0.8884795903658866, 0.07262298493212871, 0.00933465898738843, 0.010893447739819305, 0.00933465898738843, 0.00933465898738843], [0.8777343824535401, 0.08202389618825498, 0.009312712309988867, 0.012303584428238246, 0.009312712309988867, 0.009312712309988867], [0.8662628142220535, 0.09255602447330084, 0.009099252544550199, 0.013883403670995127, 0.009099252544550199, 0.009099252544550199], [0.0, 0.0, 0.0, 0.0, 0.0, 1.0], [0.0, 0.0, 0.0, 0.0, 0.0, 1.0], [0.7597874475220223, 0.17934512183059914, 0.011321887457596243, 0.02690176827458987, 0.011321887457596243, 0.011321887457596243], [0.6414230101090745, 0.2442972570854658, 0.014284966600682444, 0.07142483300341222, 0.014284966600682444, 0.014284966600682444], [0.3249025860134719, 0.23209593755928248, 0.01366600567974191, 0.04019413435218209, 0.3754753307155797, 0.01366600567974191], [0.17329868637972512, 0.15917201858702076, 0.010397921182783506, 0.02387580278805311, 0.622857649879634, 0.010397921182783506], [0.8416573718501474, 0.11408280382807397, 0.009049134582522463, 0.017112420574211095, 0.009049134582522463, 0.009049134582522463], [0.8688830213079761, 0.09021322225838203, 0.009123924364961572, 0.013531983338757304, 0.009123924364961572, 0.009123924364961572], [0.8849861855816492, 0.07577108658480773, 0.009292354948607317, 0.01136566298772116, 0.009292354948607317, 0.009292354948607317], [0.009567753005356396, 0.07664803237103457, 0.009567753005356396, 0.011497204855655184, 0.883151503757241, 0.009567753005356396], [0.8725673571132357, 0.08690623832115928, 0.009163489605810348, 0.013035935748173891, 0.009163489605810348, 0.009163489605810348], [0.8482389751836227, 0.10841938207231541, 0.009026245144404837, 0.01626290731084731, 0.009026245144404837, 0.009026245144404837], [0.7944549224910796, 0.15161565919064773, 0.01039568981322516, 0.02274234887859716, 0.01039568981322516, 0.01039568981322516], [0.6662454999457297, 0.2464740861944127, 0.015322895376429408, 0.04131172773056948, 0.015322895376429408, 0.015322895376429408], [0.5367105825191515, 0.3074332483222621, 0.019482021144823294, 0.09741010572411647, 0.019482021144823294, 0.019482021144823294], [0.4908774485682363, 0.14374350664562888, 0.3163432446328634, 0.028050139918184933, 0.010492830117543253, 0.010492830117543253], [0.811043212145997, 0.10314358728589702, 0.0509304386774145, 0.015471538092884552, 0.009705611898903519, 0.009705611898903519], [1.0, 0.0, 0.0, 0.0, 0.0, 0.0], [1.0, 0.0, 0.0, 0.0, 0.0, 0.0]], [[1.0, 0.0, 0.0, 0.0, 0.0, 0.0], [0.5721217947028009, 0.15102077237610717, 0.2255117892572658, 0.0296017861793547, 0.010871928742235727, 0.010871928742235727], [0.557680454056978, 0.2926263714329911, 0.018711646813753865, 0.09355823406876933, 0.018711646813753865, 0.018711646813753865], [0.3249471468734345, 0.24565049574541287, 0.014225154069137474, 0.03684757436181193, 0.3641044748810657, 0.014225154069137474], [0.7216582850229241, 0.21174859933310206, 0.01161027524800288, 0.03176228989996531, 0.01161027524800288, 0.01161027524800288], [0.7087763589784857, 0.2218314301106725, 0.012039165464746968, 0.03327471451660087, 0.012039165464746968, 0.012039165464746968], [0.7596881920749795, 0.18266319562432054, 0.010083044319017295, 0.02739947934364808, 0.010083044319017295, 0.010083044319017295], [0.7884898623062057, 0.16039600872678658, 0.009018242552663258, 0.024059401309017986, 0.009018242552663258, 0.009018242552663258], [0.739739913926796, 0.1974092795118329, 0.011079804878198705, 0.029611391926774935, 0.011079804878198705, 0.011079804878198705], [0.647313143823861, 0.24521838713030567, 0.01343355863072916, 0.06716779315364581, 0.01343355863072916, 0.01343355863072916], [0.7149740761657598, 0.21755479567603248, 0.011612636268934315, 0.03263321935140487, 0.011612636268934315, 0.011612636268934315], [0.7250597383310445, 0.2097579809504991, 0.011239527858627134, 0.03146369714257487, 0.011239527858627134, 0.011239527858627134], [0.7021260919536263, 0.22553932098503265, 0.01283456297119532, 0.0338308981477549, 0.01283456297119532, 0.01283456297119532], [0.7732925151060218, 0.1686976732024167, 0.010901720237066299, 0.0253046509803625, 0.010901720237066299, 0.010901720237066299], [0.8300054694907286, 0.11668985393313883, 0.017754127689641252, 0.017503478089970822, 0.009023535398260165, 0.009023535398260165], [1.0, 0.0, 0.0, 0.0, 0.0, 0.0], [0.009376851666124477, 0.09055702479983425, 0.009376851666124477, 0.013583553719975137, 0.8677288664818171, 0.009376851666124477], [0.8707015445203373, 0.08857173718062211, 0.00914698590731572, 0.013285760577093316, 0.00914698590731572, 0.00914698590731572], [0.8498915630666155, 0.09703085647677964, 0.02004031552783016, 0.014554628471516945, 0.009241318228628953, 0.009241318228628953], [0.8300598564657878, 0.1206736573726645, 0.010388479185215993, 0.018101048605899676, 0.010388479185215993, 0.010388479185215993], [0.0, 0.0, 0.0, 0.0, 0.0, 1.0], [0.811515850904383, 0.13817754680901814, 0.009859990088415375, 0.02072663202135272, 0.009859990088415375, 0.009859990088415375], [0.8111980079098056, 0.140494986046099, 0.009077586045726843, 0.02107424790691485, 0.009077586045726843, 0.009077586045726843], [0.7733275132493461, 0.1708767633224795, 0.010054736309934139, 0.025631514498371928, 0.010054736309934139, 0.010054736309934139], [0.6898383095206483, 0.23416471589999735, 0.013006193636063978, 0.03697839367116229, 0.013006193636063978, 0.013006193636063978], [0.687472503197098, 0.23711768727618754, 0.013280718811762118, 0.03556765309142813, 0.013280718811762118, 0.013280718811762118], [0.773205661013045, 0.17001617772537408, 0.010425244867591619, 0.02550242665880611, 0.010425244867591619, 0.010425244867591619], [0.06459230481820569, 0.12798946699130637, 0.009268769894192872, 0.019198420048695954, 0.7696822683534063, 0.009268769894192872], [0.8562580381873719, 0.101533937166575, 0.008992644690355574, 0.01523009057498625, 0.008992644690355574, 0.008992644690355574], [0.87042293265569, 0.08883369127448323, 0.009139440792884746, 0.013325053691172484, 0.009139440792884746, 0.009139440792884746], [0.009438447708390944, 0.09141875496757342, 0.009438447708390944, 0.013712813245136011, 0.8665530886621177, 0.009438447708390944], [0.8569755738509259, 0.10088694064682364, 0.00900148146840897, 0.015133041097023545, 0.00900148146840897, 0.00900148146840897], [0.07365015851662063, 0.13085148248772432, 0.009541890790096357, 0.01962772237315865, 0.7567868550423037, 0.009541890790096357], [0.3684335086674679, 0.19545624777303366, 0.0120836713453639, 0.029318437165955048, 0.38262446370281555, 0.0120836713453639], [0.4315262738400046, 0.29566910346912884, 0.016929107666030948, 0.06223936641923143, 0.1767070409395732, 0.016929107666030948], [0.5968796632566776, 0.28640830217067786, 0.016982350251654427, 0.06576498381768135, 0.016982350251654427, 0.016982350251654427], [0.598141918749974, 0.14977665854527691, 0.2041685108597682, 0.027188269034089732, 0.01036232140544552, 0.01036232140544552], [1.0, 0.0, 0.0, 0.0, 0.0, 0.0], [1.0, 0.0, 0.0, 0.0, 0.0, 0.0], [1.0, 0.0, 0.0, 0.0, 0.0, 0.0]], [[1.0, 0.0, 0.0, 0.0, 0.0, 0.0], [0.6853651083879924, 0.13547345107753478, 0.1380997858849213, 0.020321017661630216, 0.010370318493960633, 0.010370318493960633], [0.7171497920912743, 0.20918903286694415, 0.014094273370579958, 0.03137835493004162, 0.014094273370579958, 0.014094273370579958], [0.37720536477199446, 0.18344069768776913, 0.011040157017716913, 0.02751610465316537, 0.3897575188516371, 0.011040157017716913], [0.7822917536222137, 0.16519128315097986, 0.009246090251386535, 0.02477869247264698, 0.009246090251386535, 0.009246090251386535], [0.7856975262459713, 0.16323358714902228, 0.008861282844217647, 0.02448503807235334, 0.008861282844217647, 0.008861282844217647], [0.7932777934261437, 0.1574991293791195, 0.008532735929289614, 0.023624869406867928, 0.008532735929289614, 0.008532735929289614], [0.7942546923936773, 0.15664528627911292, 0.008534409461780941, 0.02349679294186694, 0.008534409461780941, 0.008534409461780941], [0.7702345122558308, 0.17504935881839834, 0.00948624170100366, 0.02625740382275975, 0.00948624170100366, 0.00948624170100366], [0.7392213598558733, 0.19917677518284363, 0.010575116227952186, 0.029876516277426542, 0.010575116227952186, 0.010575116227952186], [0.7556041025889932, 0.18711622649519466, 0.009737412313844259, 0.028067433974279195, 0.009737412313844259, 0.009737412313844259], [0.7712085690083886, 0.17502248617413727, 0.00917185729711782, 0.02625337292612059, 0.00917185729711782, 0.00917185729711782], [0.7738102200094878, 0.17181951806327855, 0.009532444739247315, 0.02577292770949178, 0.009532444739247315, 0.009532444739247315], [0.12199368001318124, 0.15283283060708322, 0.009498744550644646, 0.022924924591062483, 0.6832510756873839, 0.009498744550644646], [0.8334257575025599, 0.12190833050017617, 0.008793220807412495, 0.018286249575026427, 0.008793220807412495, 0.008793220807412495], [1.0, 0.0, 0.0, 0.0, 0.0, 0.0], [0.8536786815540549, 0.1038463984156305, 0.008965986755990049, 0.015576959762344574, 0.008965986755990049, 0.008965986755990049], [0.8481417538080718, 0.10859836601707001, 0.00899004175743256, 0.016289754902560502, 0.00899004175743256, 0.00899004175743256], [0.8232791687351051, 0.1282240806898634, 0.009754379490517323, 0.019233612103479507, 0.009754379490517323, 0.009754379490517323], [0.2884231274171177, 0.19616728157112356, 0.013844310116021651, 0.029425092235668533, 0.4582958785440469, 0.013844310116021651], [0.6030317906613841, 0.258160327482568, 0.017350985232005973, 0.08675492616002986, 0.017350985232005973, 0.017350985232005973], [0.2900304195140703, 0.19906914967146175, 0.012890240867292015, 0.02986037245071926, 0.4552595766291645, 0.012890240867292015], [0.8048928021762699, 0.14611716028650346, 0.009024154498083727, 0.021917574042975518, 0.009024154498083727, 0.009024154498083727], [0.7934629610990219, 0.1559148514429435, 0.009078319913864302, 0.023387227716441524, 0.009078319913864302, 0.009078319913864302], [0.3182406388523267, 0.20765462472204052, 0.011551795431650292, 0.031148193708306078, 0.41985295185402616, 0.011551795431650292], [0.6561216216516006, 0.23796438363668695, 0.01323924933896405, 0.06619624669482026, 0.01323924933896405, 0.01323924933896405], [0.7507659545163502, 0.18766059416824477, 0.011141454063389442, 0.028149089125236715, 0.011141454063389442, 0.011141454063389442], [0.8173709322627153, 0.1351031258009035, 0.009086824355415217, 0.020265468870135528, 0.009086824355415217, 0.009086824355415217], [0.8429759722674037, 0.11344689610080856, 0.008853365738888811, 0.01701703441512128, 0.008853365738888811, 0.008853365738888811], [0.8543362814861416, 0.10326271795395219, 0.008970530955604489, 0.015489407693092828, 0.008970530955604489, 0.008970530955604489], [0.8546939670519272, 0.10294188955298872, 0.008974286654045236, 0.015441283432948308, 0.008974286654045236, 0.008974286654045236], [0.8438997052684056, 0.11261387643879923, 0.008864778942325027, 0.016892081465819886, 0.008864778942325027, 0.008864778942325027], [0.06462172932600953, 0.1427008511403852, 0.009702762594390549, 0.02140512767105778, 0.7518667666737663, 0.009702762594390549], [0.32975904877632817, 0.2231479124690667, 0.013454169190074191, 0.03347218687036, 0.38671251350409674, 0.013454169190074191], [0.5259781102785879, 0.324475500178789, 0.018693298692827858, 0.09346649346413931, 0.018693298692827858, 0.018693298692827858], [0.6604443398125442, 0.2547737121280142, 0.015521963746746434, 0.03821605681920213, 0.015521963746746434, 0.015521963746746434], [0.7337732464545141, 0.1352042806936344, 0.0912389102499363, 0.02028064210404516, 0.00975146024893499, 0.00975146024893499], [0.858868709402989, 0.09652035425722168, 0.011777735466496683, 0.01447805313858325, 0.009177573867354722, 0.009177573867354722], [1.0, 0.0, 0.0, 0.0, 0.0, 0.0], [1.0, 0.0, 0.0, 0.0, 0.0, 0.0]], [[1.0, 0.0, 0.0, 0.0, 0.0, 0.0], [0.8347636978519732, 0.10426961526304189, 0.02664628204480707, 0.015640442289456283, 0.009339981275360823, 0.009339981275360823], [0.8269662782430813, 0.1253181543860852, 0.009639281404306848, 0.01879772315791278, 0.009639281404306848, 0.009639281404306848], [0.8174375048723466, 0.13525402925084629, 0.009006787163060068, 0.020288104387626942, 0.009006787163060068, 0.009006787163060068], [0.8094128128801938, 0.14335226795058012, 0.008577359658879668, 0.021502840192587015, 0.008577359658879668, 0.008577359658879668], [0.8010063244740967, 0.1509325164047544, 0.008473760553478534, 0.022639877460713165, 0.008473760553478534, 0.008473760553478534], [0.7958952967253322, 0.15535645426765, 0.008481593622290123, 0.023303468140147495, 0.008481593622290123, 0.008481593622290123], [0.7903878430837704, 0.1597066313339765, 0.008649843627385485, 0.023955994700096475, 0.008649843627385485, 0.008649843627385485], [0.7920997482029143, 0.15850654439000103, 0.008539241916194852, 0.023775981658500155, 0.008539241916194852, 0.008539241916194852], [0.06591480302237206, 0.1692914434588093, 0.009017145053460499, 0.025393716518821396, 0.7213657468930762, 0.009017145053460499], [0.7837989205661984, 0.1652586057835601, 0.008717894260902512, 0.024788790867534015, 0.008717894260902512, 0.008717894260902512], [0.7603784607067532, 0.18288459237894117, 0.009768086019154765, 0.02743268885684117, 0.009768086019154765, 0.009768086019154765], [0.33807648634235576, 0.21141085554975245, 0.011911503145741032, 0.03171162833246287, 0.3949780234839467, 0.011911503145741032], [0.7785825182268108, 0.1657013639008354, 0.010286971095742836, 0.02485520458512531, 0.010286971095742836, 0.010286971095742836], [0.8273230185975889, 0.12685147238567607, 0.00912968123518096, 0.019027720857851413, 0.008834053461851291, 0.008834053461851291], [0.009125858811768752, 0.12088827683223756, 0.009125858811768752, 0.018133241524835635, 0.8336009052076205, 0.009125858811768752], [0.021888402435003246, 0.12067657798438383, 0.009135057750935028, 0.018101486697657574, 0.8210634173810852, 0.009135057750935028], [0.8231637458601536, 0.1297381843932477, 0.009212447362537192, 0.019460727658987154, 0.009212447362537192, 0.009212447362537192], [0.7933937530695763, 0.15336722880632542, 0.010077977934383161, 0.023005084320948815, 0.010077977934383161, 0.010077977934383161], [0.7494100421952802, 0.1855081123152134, 0.011625828791470503, 0.03020435911509494, 0.011625828791470503, 0.011625828791470503], [0.31109240757511675, 0.21992737446101526, 0.013677338608905996, 0.03298910616915229, 0.4086364345769036, 0.013677338608905996], [0.34097715930598566, 0.1734216690571159, 0.010902717946460984, 0.026013250358567386, 0.4377824853854091, 0.010902717946460984], [0.8132132159244129, 0.13960963315233746, 0.008745235316799707, 0.020941444972850616, 0.008745235316799707, 0.008745235316799707], [0.809160928580465, 0.14329205903905337, 0.008684401174874588, 0.021493808855858006, 0.008684401174874588, 0.008684401174874588], [0.7760364406427559, 0.16914730374182493, 0.009814720018048494, 0.02537209556127374, 0.009814720018048494, 0.009814720018048494], [0.736466047914309, 0.1995357694810959, 0.01135593906081021, 0.029930365422164384, 0.01135593906081021, 0.01135593906081021], [0.7671563856672762, 0.17565769032129047, 0.01027909015441324, 0.02634865354819357, 0.01027909015441324, 0.01027909015441324], [0.8113530916887793, 0.14089642279728587, 0.008872007364780617, 0.02113446341959288, 0.008872007364780617, 0.008872007364780617], [0.828825875677481, 0.1261324187014589, 0.008707280938613778, 0.01891986280521883, 0.008707280938613778, 0.008707280938613778], [0.009267064144721445, 0.12361432955811023, 0.00913909040177053, 0.018542149433716532, 0.8302982760599108, 0.00913909040177053], [0.0115430978107757, 0.1224097193751829, 0.009150124841541816, 0.018361457906277433, 0.8293854752246804, 0.009150124841541816], [0.013168160459676255, 0.127603648914707, 0.009086030717176615, 0.01914054733720605, 0.8219155818540574, 0.009086030717176615], [0.8181971609507868, 0.1348847155897283, 0.008895138707008553, 0.02023270733845925, 0.008895138707008553, 0.008895138707008553], [0.7760517872180975, 0.16758474817112656, 0.01040858412836896, 0.025137712225668983, 0.01040858412836896, 0.01040858412836896], [0.7050894818366582, 0.22077565615757325, 0.013672837860710862, 0.033116348423635984, 0.013672837860710862, 0.013672837860710862], [0.7707353861066806, 0.16959527501436567, 0.011410015875599627, 0.025439291252154852, 0.011410015875599627, 0.011410015875599627], [0.8275657225544398, 0.11467537370688677, 0.022007287912805047, 0.017201306056033015, 0.009275154884917628, 0.009275154884917628], [0.8741295051034325, 0.08549520873867955, 0.009183668282361973, 0.012824281310801933, 0.009183668282361973, 0.009183668282361973], [1.0, 0.0, 0.0, 0.0, 0.0, 0.0], [1.0, 0.0, 0.0, 0.0, 0.0, 0.0]], [[1.0, 0.0, 0.0, 0.0, 0.0, 0.0], [0.878077365693827, 0.0819534999406718, 0.00922536979146679, 0.012293024991100772, 0.00922536979146679, 0.00922536979146679], [0.8603876171809801, 0.09781552483936311, 0.009041509751250787, 0.014672328725904467, 0.009041509751250787, 0.009041509751250787], [0.8397431712473598, 0.11627146650748642, 0.008848214089676936, 0.01744071997612296, 0.008848214089676936, 0.008848214089676936], [0.815493733723156, 0.13713932596090556, 0.008932013807267545, 0.020570898894135832, 0.008932013807267545, 0.008932013807267545], [0.14262673130083342, 0.16535670442555805, 0.009698617728456673, 0.024803505663833707, 0.6478158231528616, 0.009698617728456673], [0.7600209970838703, 0.1823108131352021, 0.010107189270215745, 0.027346621970280312, 0.010107189270215745, 0.010107189270215745], [0.741719747090862, 0.19671554261691138, 0.010685792966563266, 0.02950733139253671, 0.010685792966563266, 0.010685792966563266], [0.2800902204680721, 0.1766432137655792, 0.009573652351784942, 0.026496482064836877, 0.49762277899794205, 0.009573652351784942], [0.04592427441399652, 0.16320396266196224, 0.008859918978926688, 0.024480594399294335, 0.7486713305668936, 0.008859918978926688], [0.7893676321989805, 0.1603414006