{"prediction": [[[1.0, 0.0, 0.0, 0.0, 0.0, 0.0], [1.0, 0.0, 0.0, 0.0, 0.0, 0.0], [1.0, 0.0, 0.0, 0.0, 0.0, 0.0], [1.0, 0.0, 0.0, 0.0, 0.0, 0.0], [1.0, 0.0, 0.0, 0.0, 0.0, 0.0], [1.0, 0.0, 0.0, 0.0, 0.0, 0.0], [1.0, 0.0, 0.0, 0.0, 0.0, 0.0], [1.0, 0.0, 0.0, 0.0, 0.0, 0.0], [1.0, 0.0, 0.0, 0.0, 0.0, 0.0], [1.0, 0.0, 0.0, 0.0, 0.0, 0.0], [1.0, 0.0, 0.0, 0.0, 0.0, 0.0], [1.0, 0.0, 0.0, 0.0, 0.0, 0.0], [1.0, 0.0, 0.0, 0.0, 0.0, 0.0], [1.0, 0.0, 0.0, 0.0, 0.0, 0.0], [1.0, 0.0, 0.0, 0.0, 0.0, 0.0], [1.0, 0.0, 0.0, 0.0, 0.0, 0.0], [1.0, 0.0, 0.0, 0.0, 0.0, 0.0], [1.0, 0.0, 0.0, 0.0, 0.0, 0.0], [1.0, 0.0, 0.0, 0.0, 0.0, 0.0], [1.0, 0.0, 0.0, 0.0, 0.0, 0.0], [1.0, 0.0, 0.0, 0.0, 0.0, 0.0], [1.0, 0.0, 0.0, 0.0, 0.0, 0.0], [1.0, 0.0, 0.0, 0.0, 0.0, 0.0], [1.0, 0.0, 0.0, 0.0, 0.0, 0.0], [1.0, 0.0, 0.0, 0.0, 0.0, 0.0], [1.0, 0.0, 0.0, 0.0, 0.0, 0.0], [1.0, 0.0, 0.0, 0.0, 0.0, 0.0], [1.0, 0.0, 0.0, 0.0, 0.0, 0.0], [1.0, 0.0, 0.0, 0.0, 0.0, 0.0], [1.0, 0.0, 0.0, 0.0, 0.0, 0.0], [1.0, 0.0, 0.0, 0.0, 0.0, 0.0], [1.0, 0.0, 0.0, 0.0, 0.0, 0.0], [1.0, 0.0, 0.0, 0.0, 0.0, 0.0], [1.0, 0.0, 0.0, 0.0, 0.0, 0.0], [1.0, 0.0, 0.0, 0.0, 0.0, 0.0], [1.0, 0.0, 0.0, 0.0, 0.0, 0.0], [1.0, 0.0, 0.0, 0.0, 0.0, 0.0], [1.0, 0.0, 0.0, 0.0, 0.0, 0.0], [1.0, 0.0, 0.0, 0.0, 0.0, 0.0], [1.0, 0.0, 0.0, 0.0, 0.0, 0.0]], [[1.0, 0.0, 0.0, 0.0, 0.0, 0.0], [0.8868802057802042, 0.0740569963377088, 0.009318082810476917, 0.011108549450656322, 0.009318082810476917, 0.009318082810476917], [0.8872727976182424, 0.07370067898791355, 0.009323807181885649, 0.011055101848187032, 0.009323807181885649, 0.009323807181885649], [0.8925331059924796, 0.06899066137953476, 0.009375877807018426, 0.010348599206930214, 0.009375877807018426, 0.009375877807018426], [0.9029405229551075, 0.05913144906311887, 0.00948200699544336, 0.00948200699544336, 0.00948200699544336, 0.00948200699544336], [0.9155688672182468, 0.0459763243317062, 0.009613702112511757, 0.009613702112511757, 0.009613702112511757, 0.009613702112511757], [0.9280724610363912, 0.03294849560008049, 0.009744760840882109, 0.009744760840882109, 0.009744760840882109, 0.009744760840882109], [0.9376466510598719, 0.022972189595613642, 0.009845289836128654, 0.009845289836128654, 0.009845289836128654, 0.009845289836128654], [0.009984656170714984, 0.017527001848628158, 0.009984656170714984, 0.009984656170714984, 0.9425343734685119, 0.009984656170714984], [0.9442981627396174, 0.016041314425318743, 0.009915130708765983, 0.009915130708765983, 0.009915130708765983, 0.009915130708765983], [0.009978726053074496, 0.01828780749593096, 0.009978726053074496, 0.009978726053074496, 0.9417972882917711, 0.009978726053074496], [0.009943702242461926, 0.022942175742656272, 0.009943702242461926, 0.009943702242461926, 0.937283015287496, 0.009943702242461926], [0.9320660007962593, 0.028787227170297813, 0.009786693008360724, 0.009786693008360724, 0.009786693008360724, 0.009786693008360724], [0.9260913914936193, 0.035012770063648585, 0.009723959610683003, 0.009723959610683003, 0.009723959610683003, 0.009723959610683003], [0.9215038245735376, 0.03979301479437394, 0.009675790158022146, 0.009675790158022146, 0.009675790158022146, 0.009675790158022146], [0.919644227350664, 0.04173071510060811, 0.009656264387181972, 0.009656264387181972, 0.009656264387181972, 0.009656264387181972], [0.009807106860673572, 0.04103395697818108, 0.009807106860673572, 0.009807106860673572, 0.9197376155791247, 0.009807106860673572], [0.9239204344152244, 0.03727490733933609, 0.009701164561359858, 0.009701164561359858, 0.009701164561359858, 0.009701164561359858], [0.925981507988164, 0.03512726867633314, 0.009722805833875723, 0.009722805833875723, 0.009722805833875723, 0.009722805833875723], [0.9236247471405876, 0.037583013479507786, 0.00969805984497617, 0.00969805984497617, 0.00969805984497617, 0.00969805984497617], [0.9145906468175257, 0.0469965460161383, 0.00960320179158402, 0.00960320179158402, 0.00960320179158402, 0.00960320179158402], [0.8995218540759381, 0.0626982280528724, 0.00944497946779735, 0.00944497946779735, 0.00944497946779735, 0.00944497946779735], [0.00943801112113771, 0.08212561945944392, 0.00943801112113771, 0.012318842918916589, 0.8772415042582264, 0.00943801112113771], [0.010859050913882262, 0.09682809671716756, 0.009293537740464236, 0.014524214507575134, 0.8592015623804465, 0.009293537740464236], [0.012712428470324832, 0.10375638129066428, 0.009266452324261779, 0.015563457193599639, 0.8494348283968878, 0.009266452324261779], [0.014403160062851559, 0.10076241388704944, 0.009254030340382127, 0.015114362083057414, 0.8512120032862773, 0.009254030340382127], [0.8684228682759518, 0.09062539207284503, 0.00911931028009216, 0.013593808810926755, 0.00911931028009216, 0.00911931028009216], [0.8757292017186349, 0.0840741986323722, 0.009195156618045666, 0.01261112979485583, 0.009195156618045666, 0.009195156618045666], [1.0, 0.0, 0.0, 0.0, 0.0, 0.0], [1.0, 0.0, 0.0, 0.0, 0.0, 0.0], [0.7225481719375442, 0.11799067269063615, 0.08680974439825172, 0.03846659332617142, 0.023684477307009278, 0.010500340340387333], [0.4931714818478235, 0.13739644140450907, 0.29246215783998836, 0.04128877522446894, 0.02409734841190069, 0.011583795271309344], [0.6477881229887675, 0.12595464664987893, 0.17586758402843988, 0.02811676108291672, 0.011136442624998388, 0.011136442624998388], [0.8387329159028727, 0.09372267712031598, 0.03197941793737123, 0.015989708968685616, 0.009787640035377255, 0.009787640035377255], [0.8942154654650134, 0.06747626279640538, 0.009395610773040101, 0.010121439419460808, 0.009395610773040101, 0.009395610773040101], [0.9153087664252928, 0.04624643293486211, 0.009611200159961282, 0.009611200159961282, 0.009611200159961282, 0.009611200159961282], [0.9320476775143508, 0.028806320030046573, 0.009786500613900684, 0.009786500613900684, 0.009786500613900684, 0.009786500613900684], [0.943344127331602, 0.017035419320470764, 0.009905113336981823, 0.009905113336981823, 0.009905113336981823, 0.009905113336981823], [0.9496790934607923, 0.010434384613854479, 0.00997163048133832, 0.00997163048133832, 0.00997163048133832, 0.00997163048133832], [1.0, 0.0, 0.0, 0.0, 0.0, 0.0]], [[1.0, 0.0, 0.0, 0.0, 0.0, 0.0], [0.8250918806018931, 0.09999531760913442, 0.040998354315622015, 0.014999297641370164, 0.009457574915990079, 0.009457574915990079], [0.0777662071047391, 0.11032944272568579, 0.010424737958942477, 0.01654941640885287, 0.7745054578428373, 0.010424737958942477], [0.8612122439760456, 0.09554725082918143, 0.009636139190131973, 0.014332087624377215, 0.009636139190131973, 0.009636139190131973], [0.03518351709118317, 0.08022782465669753, 0.009499549614619456, 0.01203417369850463, 0.8535553853243758, 0.009499549614619456], [0.9007509684035561, 0.06141388069917239, 0.009458787724317904, 0.009458787724317904, 0.009458787724317904, 0.009458787724317904], [0.009779647640056196, 0.0448860328690177, 0.009779647640056196, 0.009779647640056196, 0.9159953765707576, 0.009779647640056196], [0.9299624201972618, 0.030979158154453342, 0.00976460541207125, 0.00976460541207125, 0.00976460541207125, 0.00976460541207125], [0.00994874315069279, 0.024164842116170905, 0.00994874315069279, 0.00994874315069279, 0.9360401852810579, 0.00994874315069279], [0.9376355167689114, 0.022983791526794303, 0.009845172926073571, 0.009845172926073571, 0.009845172926073571, 0.009845172926073571], [0.009921547926535244, 0.027447929158929678, 0.009921547926535244, 0.009921547926535244, 0.9328658791349294, 0.009921547926535244], [0.9262731223855866, 0.03482340647421883, 0.00972586778504866, 0.00972586778504866, 0.00972586778504866, 0.00972586778504866], [0.9170470306176526, 0.044436994096406, 0.009628993821485353, 0.009628993821485353, 0.009628993821485353, 0.009628993821485353], [0.9079138489809943, 0.05395104152850697, 0.009533777372624662, 0.009533777372624662, 0.009533777372624662, 0.009533777372624662], [0.9011107436595678, 0.06103718217346861, 0.009463018541740897, 0.009463018541740897, 0.009463018541740897, 0.009463018541740897], [0.8984401492207009, 0.06369520517949823, 0.009436788274291955, 0.009554280776924733, 0.009436788274291955, 0.009436788274291955], [0.9008364106305666, 0.061321224489129134, 0.009460591220076031, 0.009460591220076031, 0.009460591220076031, 0.009460591220076031], [0.9063149656472367, 0.055616173270666876, 0.009517215270524088, 0.009517215270524088, 0.009517215270524088, 0.009517215270524088], [0.9111091731481218, 0.05062424157965721, 0.00956664631805528, 0.00956664631805528, 0.00956664631805528, 0.00956664631805528], [0.9103811463688327, 0.05138284548367626, 0.009559002036872743, 0.009559002036872743, 0.009559002036872743, 0.009559002036872743], [0.9008717059070624, 0.061290781122473846, 0.009459378242615928, 0.009459378242615928, 0.009459378242615928, 0.009459378242615928], [0.009474351139491924, 0.08127533772078878, 0.009474351139491924, 0.012191300658118317, 0.8781103082026172, 0.009474351139491924], [0.8570279566095004, 0.10072928589619923, 0.009044454869956819, 0.015109392884429883, 0.009044454869956819, 0.009044454869956819], [0.8252414998428976, 0.127010958738199, 0.009565299202724496, 0.01905164381072985, 0.009565299202724496, 0.009565299202724496], [0.797763903802035, 0.14859034981851774, 0.01045239796888986, 0.02228855247277766, 0.01045239796888986, 0.01045239796888986], [0.8177557833871905, 0.13317158676983637, 0.009698963942499236, 0.019975738015475458, 0.009698963942499236, 0.009698963942499236], [0.8453339772651554, 0.11103605915263419, 0.008991518236438375, 0.016655408872895124, 0.008991518236438375, 0.008991518236438375], [0.8584363830478865, 0.09958229885361528, 0.009014657756818659, 0.014937344828042291, 0.009014657756818659, 0.009014657756818659], [0.009829150012009548, 0.09865852799905914, 0.00927514337496901, 0.014798779199858869, 0.8581632560391345, 0.00927514337496901], [1.0, 0.0, 0.0, 0.0, 0.0, 0.0], [0.5098122748623736, 0.14176103588658262, 0.28088201481779146, 0.03767929467067935, 0.018333231999728677, 0.011532147762844286], [0.5173712392730968, 0.2970573623766407, 0.023196424793782804, 0.11598212396891402, 0.023196424793782804, 0.023196424793782804], [0.7053273493562128, 0.20675744074772825, 0.017048196595813674, 0.03677062010861773, 0.017048196595813674, 0.017048196595813674], [0.8423382299344159, 0.10925430739055043, 0.010673105522150362, 0.016388146108582566, 0.010673105522150362, 0.010673105522150362], [0.026960135499210443, 0.07326426367831089, 0.009542958306875696, 0.010989639551746633, 0.8697000446569807, 0.009542958306875696], [0.009704774777973794, 0.050092495506113666, 0.009704774777973794, 0.009704774777973794, 0.9110884053819911, 0.009704774777973794], [0.009860291956738973, 0.03138054811138297, 0.009860291956738973, 0.009860291956738973, 0.9291782840616611, 0.009860291956738973], [0.9418137042209807, 0.018630120201738213, 0.009889043894320297, 0.009889043894320297, 0.009889043894320297, 0.009889043894320297], [0.9485536025217726, 0.011607146172312892, 0.009959812826478613, 0.009959812826478613, 0.009959812826478613, 0.009959812826478613], [1.0, 0.0, 0.0, 0.0, 0.0, 0.0]], [[1.0, 0.0, 0.0, 0.0, 0.0, 0.0], [0.6747992063749049, 0.14305219665956134, 0.13946898904096713, 0.021497099814585162, 0.010591254054990736, 0.010591254054990736], [0.7182403863919049, 0.20550199233685568, 0.015074180948965905, 0.03103507842434157, 0.015074180948965905, 0.015074180948965905], [0.7879822667710236, 0.15332374914939695, 0.011898473902389992, 0.022998562372409544, 0.011898473902389992, 0.011898473902389992], [0.8505971302182191, 0.10513262917937603, 0.0095001154084995, 0.015769894376906405, 0.0095001154084995, 0.0095001154084995], [0.012866411933935284, 0.08117769382535976, 0.009470598212800222, 0.012176654073803965, 0.8748380437413005, 0.009470598212800222], [0.9040326613189567, 0.05799706242074351, 0.009492569065074988, 0.009492569065074988, 0.009492569065074988, 0.009492569065074988], [0.009821634019592837, 0.042139004625620244, 0.009821634019592837, 0.009821634019592837, 0.9185744592960084, 0.009821634019592837], [0.9279051230797538, 0.03312286175089642, 0.009743003792337416, 0.009743003792337416, 0.009743003792337416, 0.009743003792337416], [0.9276821425871169, 0.03335520742422417, 0.009740662497164728, 0.009740662497164728, 0.009740662497164728, 0.009740662497164728], [0.9207980214554523, 0.04052846164341873, 0.00966837922528225, 0.00966837922528225, 0.00966837922528225, 0.00966837922528225], [0.009728111278961756, 0.05331267029647954, 0.009728111278961756, 0.009728111278961756, 0.9077748845876734, 0.009728111278961756], [0.009604220568518262, 0.06762348659653981, 0.009604220568518262, 0.010143522989480971, 0.8934203287084244, 0.009604220568518262], [0.8810326431468706, 0.07930504789826778, 0.009255517256707145, 0.011895757184740167, 0.009255517256707145, 0.009255517256707145], [0.8672455400855338, 0.09096317874322801, 0.009382268119917998, 0.013644476811484202, 0.009382268119917998, 0.009382268119917998], [0.04842465591491576, 0.10022226438158069, 0.009936739393740712, 0.015033339657237101, 0.816446261258785, 0.009936739393740712], [0.86689732015186, 0.09105562824063433, 0.009462902457136768, 0.01365834423609515, 0.009462902457136768, 0.009462902457136768], [0.8810963397244512, 0.07924556164947126, 0.009257088126218919, 0.011886834247420689, 0.009257088126218919, 0.009257088126218919], [0.8910353612680164, 0.07034465760105627, 0.009356094163589629, 0.01055169864015844, 0.009356094163589629, 0.009356094163589629], [0.0096183071742661, 0.0697250591086604, 0.0096183071742661, 0.010458758866299059, 0.8909612605022423, 0.0096183071742661], [0.009526788219254503, 0.07892638694164293, 0.009526788219254503, 0.01183895804124644, 0.8806542903593471, 0.009526788219254503], [0.8619327927332072, 0.09637356995447585, 0.009079200606381801, 0.014456035493171376, 0.009079200606381801, 0.009079200606381801], [0.8206131169578208, 0.13084116949602104, 0.009639846040584975, 0.019626175424403154, 0.009639846040584975, 0.009639846040584975], [0.6964099041319101, 0.22711465300848582, 0.014136081636110416, 0.03406719795127287, 0.014136081636110416, 0.014136081636110416], [0.55789685134869, 0.3335987961730571, 0.01948817768409808, 0.050039819425958566, 0.01948817768409808, 0.01948817768409808], [0.6938755109448153, 0.2297428440217, 0.013973406143409904, 0.034461426603255, 0.013973406143409904, 0.013973406143409904], [0.12381307276525459, 0.14337213955851644, 0.009789870869810828, 0.021505820933777467, 0.6917292250028299, 0.009789870869810828], [0.009126378519795498, 0.11745084564998859, 0.009126378519795498, 0.017617626847498288, 0.8375523919431266, 0.009126378519795498], [0.8493634431304137, 0.10771307640836865, 0.008922172999987493, 0.016156961461255295, 0.008922172999987493, 0.008922172999987493], [0.12445097302998857, 0.11804942404360787, 0.033343468245770516, 0.01770741360654118, 0.6969622695450134, 0.009486451529078375], [0.660249810693675, 0.14534330060207615, 0.14024914279440812, 0.03236518679870956, 0.010896279555565552, 0.010896279555565552], [0.462560116786913, 0.18965620356162138, 0.013795652605925475, 0.06492071814553164, 0.25527165629408294, 0.013795652605925475], [0.7686495799147203, 0.15518690445853936, 0.011978954492177459, 0.03758103370094889, 0.014624572941436525, 0.011978954492177459], [0.849365770316322, 0.10575013270413552, 0.009673859024640697, 0.015862519905620327, 0.009673859024640697, 0.009673859024640697], [0.8841401026418815, 0.07651656980553966, 0.009288614027249306, 0.011477485470830948, 0.009288614027249306, 0.009288614027249306], [0.009679669806541183, 0.05421270308511727, 0.009679669806541183, 0.009679669806541183, 0.9070686176887179, 0.009679669806541183], [0.9268096320611847, 0.03426436339224564, 0.00973150113664244, 0.00973150113664244, 0.00973150113664244, 0.00973150113664244], [0.9393993049438953, 0.021145924248461092, 0.009863692701910901, 0.009863692701910901, 0.009863692701910901, 0.009863692701910901], [0.9466247071230302, 0.013617055177802453, 0.009939559424791819, 0.009939559424791819, 0.009939559424791819, 0.009939559424791819], [1.0, 0.0, 0.0, 0.0, 0.0, 0.0]], [[1.0, 0.0, 0.0, 0.0, 0.0, 0.0], [0.531658595623595, 0.16890875912608352, 0.24558314951159138, 0.032604186873059236, 0.01062265443283543, 0.01062265443283543], [0.5488898173204327, 0.3020605683922217, 0.018631201785918185, 0.09315600892959093, 0.018631201785918185, 0.018631201785918185], [0.30922889025463335, 0.22840008791101776, 0.014738947105594672, 0.034260013186652664, 0.39863311443650684, 0.014738947105594672], [0.8164644436603958, 0.13368670971947838, 0.009931946720734691, 0.020053006457921758, 0.009931946720734691, 0.009931946720734691], [0.014085428505762315, 0.09876030334193692, 0.009355450739795036, 0.014814045501290538, 0.8536293211714201, 0.009355450739795036], [0.009560139551072213, 0.0731892734792056, 0.009560139551072213, 0.01097839102188084, 0.8871519168456968, 0.009560139551072213], [0.9089275395818891, 0.052897503755671635, 0.009543739165609836, 0.009543739165609836, 0.009543739165609836, 0.009543739165609836], [0.9170860124509002, 0.044396375026162074, 0.009629403130734451, 0.009629403130734451, 0.009629403130734451, 0.009629403130734451], [0.9149131877396524, 0.04666045837528229, 0.00960658847126635, 0.00960658847126635, 0.00960658847126635, 0.00960658847126635], [0.009701422866682425, 0.05864785822778397, 0.009701422866682425, 0.009701422866682425, 0.9025464503054863, 0.009701422866682425], [0.009549526879473616, 0.07500773613013773, 0.009549526879473616, 0.01125116041952066, 0.8850925228119207, 0.009549526879473616], [0.8683470723968207, 0.09068131062612086, 0.009123140127713434, 0.013602196593918129, 0.009123140127713434, 0.009123140127713434], [0.8469673206492256, 0.10916299607726639, 0.009165077953972674, 0.01637444941158996, 0.009165077953972674, 0.009165077953972674], [0.3039891501031281, 0.14200192023722102, 0.010660512978702482, 0.02130028803558315, 0.5113876156666627, 0.010660512978702482], [0.7678378083587956, 0.16969890290829603, 0.012336151098887967, 0.025454835436244407, 0.012336151098887967, 0.012336151098887967], [0.805074938801932, 0.14127608216989687, 0.010819188900895529, 0.02119141232548453, 0.010819188900895529, 0.010819188900895529], [0.8484822466260253, 0.10743166016350854, 0.009323781395313245, 0.01611474902452628, 0.009323781395313245, 0.009323781395313245], [0.8686877608687744, 0.09037977467390222, 0.009125166085412655, 0.013556966201085333, 0.009125166085412655, 0.009125166085412655], [0.8757681176016692, 0.08403872133844574, 0.009195784286372705, 0.012605808200766861, 0.009195784286372705, 0.009195784286372705], [0.009407356099648432, 0.09307949420844694, 0.009407356099648432, 0.01396192413126704, 0.8647365133613408, 0.009407356099648432], [0.847314581555868, 0.1093545371316411, 0.0089759002475816, 0.016403180569746163, 0.0089759002475816, 0.0089759002475816], [0.7826302057033316, 0.16139815546668893, 0.010587305169992019, 0.024209723320003342, 0.010587305169992019, 0.010587305169992019], [0.5314298531985425, 0.35546459853619256, 0.019928619494945347, 0.053319689780428885, 0.019928619494945347, 0.019928619494945347], [0.2622309114643516, 0.5180868234237689, 0.027460283138984926, 0.13730141569492463, 0.027460283138984926, 0.027460283138984926], [0.3341861575220295, 0.36133574902664706, 0.02005116945132177, 0.054200362353997056, 0.21017539219468273, 0.02005116945132177], [0.7836976435222273, 0.16167586810300558, 0.010125036053105408, 0.024251380215450837, 0.010125036053105408, 0.010125036053105408], [0.01591367753309331, 0.1266708858391981, 0.009084057591807432, 0.01900063287587972, 0.820246688568214, 0.009084057591807432], [0.8416010770292746, 0.11467901644680625, 0.008839351352299425, 0.017201852467020936, 0.008839351352299425, 0.008839351352299425], [0.8361620763690146, 0.11903863928662628, 0.008981162817121734, 0.017855795892993943, 0.008981162817121734, 0.008981162817121734], [0.0, 0.0, 0.0, 0.0, 0.0, 1.0], [0.0, 0.0, 0.0, 0.0, 0.0, 1.0], [0.0, 0.0, 0.0, 0.0, 0.0, 1.0], [0.0, 0.0, 0.0, 0.0, 0.0, 1.0], [0.8781680463894529, 0.08188436553528054, 0.00922164441499145, 0.012282654830292082, 0.00922164441499145, 0.00922164441499145], [0.009639859511125224, 0.059699700781385895, 0.009639859511125224, 0.009639859511125224, 0.9017408611741133, 0.009639859511125224], [0.0098052368573333, 0.03968395746216264, 0.0098052368573333, 0.0098052368573333, 0.9210950951085043, 0.0098052368573333], [0.9352556777112124, 0.025463583824916727, 0.00982018461596773, 0.00982018461596773, 0.00982018461596773, 0.00982018461596773], [0.9430754583505071, 0.017315372398771546, 0.009902292312680326, 0.009902292312680326, 0.009902292312680326, 0.009902292312680326], [1.0, 0.0, 0.0, 0.0, 0.0, 0.0]], [[1.0, 0.0, 0.0, 0.0, 0.0, 0.0], [0.6507875113834575, 0.17313058840762705, 0.12985667600024306, 0.025969588261144053, 0.010127817973764133, 0.010127817973764133], [0.6584580687667771, 0.2538886706321149, 0.014397153915157827, 0.04446179885563447, 0.014397153915157827, 0.014397153915157827], [0.7120421292257934, 0.21721686599826803, 0.012719491625399459, 0.032582529899740205, 0.012719491625399459, 0.012719491625399459], [0.7990643739047556, 0.14890749267226128, 0.009897336507381308, 0.02233612390083919, 0.009897336507381308, 0.009897336507381308], [0.8487932108594609, 0.10801706962083531, 0.008995719692192844, 0.016202560443125295, 0.008995719692192844, 0.008995719692192844], [0.8775585699382745, 0.08243218908970378, 0.009214804202855354, 0.012364828363455567, 0.009214804202855354, 0.009214804202855354], [0.8981853015962321, 0.0639320533943362, 0.009430945666760438, 0.009589808009150429, 0.009430945666760438, 0.009430945666760438], [0.9051108479450624, 0.05687449644124497, 0.009503663903423155, 0.009503663903423155, 0.009503663903423155, 0.009503663903423155], [0.9002398643037225, 0.06195006139552121, 0.009452518575189086, 0.009452518575189086, 0.009452518575189086, 0.009452518575189086], [0.8848057970641628, 0.07592181818808141, 0.009294704006514502, 0.01138827272821221, 0.009294704006514502, 0.009294704006514502], [0.8604156358600232, 0.0970409294020844, 0.00932909844252653, 0.014556139410312662, 0.00932909844252653, 0.00932909844252653], [0.06322699475581167, 0.12581080455499807, 0.009804974110995948, 0.018871620683249712, 0.7724806317839487, 0.009804974110995948], [0.11196883115383613, 0.14619245169647335, 0.009724612101488492, 0.021928867754471004, 0.7004606251922425, 0.009724612101488492], [0.7408792983894104, 0.19463934258716015, 0.011761819211785192, 0.029195901388074024, 0.011761819211785192, 0.011761819211785192], [0.6293581876251042, 0.2517630436012649, 0.014859846096703844, 0.07429923048351923, 0.014859846096703844, 0.014859846096703844], [0.2798291408093358, 0.21576832232654072, 0.013463477529505781, 0.03236524834898111, 0.44511033345613077, 0.013463477529505781], [0.8120766124709673, 0.1379000717575885, 0.009779435002601969, 0.02068501076363827, 0.009779435002601969, 0.009779435002601969], [0.848517307974776, 0.10818759330337831, 0.009022319908779655, 0.016228138995506743, 0.009022319908779655, 0.009022319908779655], [0.009350727067454804, 0.10044047373598958, 0.009350727067454804, 0.015066071060398437, 0.8564412740012477, 0.009350727067454804], [0.8579030357387631, 0.10006293468375167, 0.009008196458307473, 0.01500944020256275, 0.009008196458307473, 0.009008196458307473], [0.8401773421226221, 0.1159225776585652, 0.008837231190009287, 0.017388386648784778, 0.008837231190009287, 0.008837231190009287], [0.1305141507467303, 0.15624586981424193, 0.009788561306004775, 0.02343688047213629, 0.6702259763548819, 0.009788561306004775], [0.6650160361763097, 0.25502972850849215, 0.013899925346308113, 0.03825445927627383, 0.013899925346308113, 0.013899925346308113], [0.514730018067357, 0.3714340656213225, 0.01937360215604074, 0.055715109843198364, 0.01937360215604074, 0.01937360215604074], [0.680964525625244, 0.24257680968351272, 0.013357381079572095, 0.03638652145252691, 0.013357381079572095, 0.013357381079572095], [0.7992853716736289, 0.15010259129924636, 0.009365549444079281, 0.02251538869488695, 0.009365549444079281, 0.009365549444079281], [0.8327095594960675, 0.12264886682982094, 0.008748081216546149, 0.018397330024473142, 0.008748081216546149, 0.008748081216546149], [0.009132318194684474, 0.1199533137088612, 0.009132318194684474, 0.01799299705632918, 0.8346567346507562, 0.009132318194684474], [0.82953249178512, 0.12426613556054686, 0.00918715077341705, 0.018639920334082027, 0.00918715077341705, 0.00918715077341705], [0.785983354399474, 0.15770497221306823, 0.010885309185165832, 0.023655745831960236, 0.010885309185165832, 0.010885309185165832], [0.38649474885869706, 0.18860791746259245, 0.012595036544277028, 0.028291187619388865, 0.37141607297076745, 0.012595036544277028], [0.7935736498069702, 0.15175352661006955, 0.010636598197149929, 0.02276302899151043, 0.010636598197149929, 0.010636598197149929], [0.842008928884144, 0.11339787558471869, 0.009194504731143178, 0.0170096813377078, 0.009194504731143178, 0.009194504731143178], [0.0, 0.0, 0.0, 0.0, 0.0, 1.0], [0.8953027839360511, 0.06651754640866377, 0.009400679231328538, 0.009977631961299563, 0.009400679231328538, 0.009400679231328538], [0.9144182267757235, 0.047176207699696104, 0.009601391381145097, 0.009601391381145097, 0.009601391381145097, 0.009601391381145097], [0.9280440538335264, 0.032978095905465424, 0.009744462565252028, 0.009744462565252028, 0.009744462565252028, 0.009744462565252028], [0.9365956636194794, 0.024067318508502387, 0.009834254468004535, 0.009834254468004535, 0.009834254468004535, 0.009834254468004535], [1.0, 0.0, 0.0, 0.0, 0.0, 0.0]], [[1.0, 0.0, 0.0, 0.0, 0.0, 0.0], [0.760094213587491, 0.1562908134926965, 0.04148482669670963, 0.02350806846146879, 0.009311038880817052, 0.009311038880817052], [0.7199519723248453, 0.21198589580893354, 0.0120880824982937, 0.03179788437134003, 0.0120880824982937, 0.0120880824982937], [0.6718808880355462, 0.24347597328616105, 0.014130278470025922, 0.04225230326821477, 0.014130278470025922, 0.014130278470025922], [0.3358325409122118, 0.17957279364212728, 0.01163155150188306, 0.02693591904631909, 0.4343956433955756, 0.01163155150188306], [0.8371999690390851, 0.11730382822891015, 0.009300209499222717, 0.01759557423433652, 0.009300209499222717, 0.009300209499222717], [0.009398435097897048, 0.09181500493290001, 0.009398435097897048, 0.013772250739935002, 0.8662174390334738, 0.009398435097897048], [0.8875702892072207, 0.07345325798500152, 0.009319488036675818, 0.011017988697750227, 0.009319488036675818, 0.009319488036675818], [0.8917043948524168, 0.0697451449649845, 0.009362896145950378, 0.010461771744747675, 0.009362896145950378, 0.009362896145950378], [0.8824985062313513, 0.07799722350467851, 0.009268228912756181, 0.011699583525701775, 0.009268228912756181, 0.009268228912756181], [0.06864146073174644, 0.09992198201686604, 0.009642714791836437, 0.014988297302529907, 0.7971628303651848, 0.009642714791836437], [0.8077441959173494, 0.13882456553676295, 0.010869184571791061, 0.020823684830514444, 0.010869184571791061, 0.010869184571791061], [0.7475397290729022, 0.1873705133159174, 0.012328060204597579, 0.028105576997387607, 0.012328060204597579, 0.012328060204597579], [0.7612062943045848, 0.18040432452714356, 0.010442910829733374, 0.02706064867907153, 0.010442910829733374, 0.010442910829733374], [0.741991912245292, 0.19679946886925245, 0.010562899518355868, 0.029519920330387868, 0.010562899518355868, 0.010562899518355868], [0.6590544173482517, 0.2593547804223223, 0.013733105325744979, 0.04039148625219111, 0.013733105325744979, 0.013733105325744979], [0.64032343177998, 0.272860192684006, 0.015295782211137698, 0.0409290289026009, 0.015295782211137698, 0.015295782211137698], [0.3501565154505599, 0.18296633876511179, 0.01161494782957955, 0.027444950814766767, 0.4162022993104024, 0.01161494782957955], [0.8313166131330474, 0.12282254888304521, 0.009145818550483553, 0.018423382332456783, 0.009145818550483553, 0.009145818550483553], [0.850661821440259, 0.10655185131735943, 0.00893451651492586, 0.015982777697603916, 0.00893451651492586, 0.00893451651492586], [0.8499459798973261, 0.10720062759644182, 0.008924432788921924, 0.01608009413946627, 0.008924432788921924, 0.008924432788921924], [0.8354402751201417, 0.12020943032179258, 0.008772960003265617, 0.018031414548268888, 0.008772960003265617, 0.008772960003265617], [0.8144439699038782, 0.13893538956635493, 0.008593444031604475, 0.02084030843495324, 0.008593444031604475, 0.008593444031604475], [0.7826221034432179, 0.16525193668689558, 0.009112723122284045, 0.024787790503034337, 0.009112723122284045, 0.009112723122284045], [0.7613397020575174, 0.18198434276597245, 0.009792767920538055, 0.027297651414895867, 0.009792767920538055, 0.009792767920538055], [0.7895326804191763, 0.15908745822634093, 0.00917224754017722, 0.02386311873395114, 0.00917224754017722, 0.00917224754017722], [0.821605407552733, 0.13238188565373327, 0.008718474648491232, 0.019857282848059987, 0.008718474648491232, 0.008718474648491232], [0.009138485827753753, 0.12169068739086997, 0.009138485827753753, 0.018253603108630494, 0.8326402520172382, 0.009138485827753753], [0.8443436200394554, 0.11221006343616796, 0.008871602336317199, 0.016831509515425194, 0.008871602336317199, 0.008871602336317199], [0.07492814141347942, 0.12953602202113126, 0.009769293342254291, 0.019430403303169686, 0.756566846577711, 0.009769293342254291], [0.7316960510404549, 0.19758396971857067, 0.013694127927729614, 0.0296375954577856, 0.013694127927729614, 0.013694127927729614], [0.5937682404791522, 0.2657926626423004, 0.017554887109818416, 0.08777443554909209, 0.017554887109818416, 0.017554887109818416], [0.7360751131878019, 0.19492620578773318, 0.013253250052101642, 0.029238930868159978, 0.013253250052101642, 0.013253250052101642], [0.8296102056203204, 0.12353792903887847, 0.009440391994989852, 0.01853068935583177, 0.009440391994989852, 0.009440391994989852], [0.00991968150382993, 0.09971863267021956, 0.009274902206080985, 0.014957794900532933, 0.8568540865132556, 0.009274902206080985], [0.0, 0.0, 0.0, 0.0, 0.0, 1.0], [0.0, 0.0, 0.0, 0.0, 0.0, 1.0], [0.0, 0.0, 0.0, 0.0, 0.0, 1.0], [0.009824063138888775, 0.03543152082781644, 0.009824063138888775, 0.009824063138888775, 0.9252722266166283, 0.009824063138888775], [1.0, 0.0, 0.0, 0.0, 0.0, 0.0]], [[1.0, 0.0, 0.0, 0.0, 0.0, 0.0], [0.06653193962566695, 0.14066622397313513, 0.038348270756460814, 0.021099933595970267, 0.7240206794068331, 0.009332952641933836], [0.2885606644426982, 0.21993613925205519, 0.013786036427707357, 0.03581666326806324, 0.42811446018176874, 0.013786036427707357], [0.5563521877566534, 0.2952872288415724, 0.01854507292522178, 0.0927253646261089, 0.01854507292522178, 0.01854507292522178], [0.7235013324520803, 0.20366848602525522, 0.013989978371585247, 0.03086024640790864, 0.013989978371585247, 0.013989978371585247], [0.8338944138414228, 0.1191281868535279, 0.009702723759006675, 0.017869228028029187, 0.009702723759006675, 0.009702723759006675], [0.8672327602747167, 0.09165553752765027, 0.009121123856161786, 0.01374833062914754, 0.009121123856161786, 0.009121123856161786], [0.009497509873380959, 0.08356427160886529, 0.009497509873380959, 0.012534640741329792, 0.8754085580296621, 0.009497509873380959], [0.8774522013916263, 0.08252817030102373, 0.009213467587398818, 0.012379225545153558, 0.009213467587398818, 0.009213467587398818], [0.009367808049729991, 0.09706769760576167, 0.009367808049729991, 0.01456015464086425, 0.8602687236041842, 0.009367808049729991], [0.8362106727232756, 0.11779618970816008, 0.009441236370780093, 0.01766942845622401, 0.009441236370780093, 0.009441236370780093], [0.2919111639686088, 0.18944036834606187, 0.012861744589545615, 0.02841605525190928, 0.4645089232543289, 0.012861744589545615], [0.6283296220759046, 0.2514553787180137, 0.015026874900760205, 0.07513437450380102, 0.015026874900760205, 0.015026874900760205], [0.7264211354521884, 0.20820323792932388, 0.01138171364302968, 0.031230485689398582, 0.01138171364302968, 0.01138171364302968], [0.15510125444621556, 0.19376348335490232, 0.010076642008607636, 0.029064522503235345, 0.6019174556784315, 0.010076642008607636], [0.6771142254304602, 0.2473122511122283, 0.012825561930159133, 0.03709683766683424, 0.012825561930159133, 0.012825561930159133], [0.5497493116297824, 0.31306553904608847, 0.017148143665516143, 0.08574071832758072, 0.017148143665516143, 0.017148143665516143], [0.2983101672135045, 0.2192552591269879, 0.01343383534471411, 0.03288828886904818, 0.4226786141010312, 0.01343383534471411], [0.8176002701627547, 0.13394752416019343, 0.009453359017674266, 0.020092128624029013, 0.009453359017674266, 0.009453359017674266], [0.009209450006030134, 0.11767000275533764, 0.009209450006030134, 0.017650500413300647, 0.8370511468132712, 0.009209450006030134], [0.8425951224699622, 0.11379292696903691, 0.008847670505215118, 0.017068939045355534, 0.008847670505215118, 0.008847670505215118], [0.009070850893870887, 0.130553697478175, 0.009070850893870887, 0.019583054621726246, 0.822650695218486, 0.009070850893870887], [0.012543091581401654, 0.1469878957109751, 0.008896944614808, 0.022048184356646263, 0.8006269391213608, 0.008896944614808], [0.7995363146958998, 0.15226967830899638, 0.00845118508291814, 0.022840451746349456, 0.00845118508291814, 0.00845118508291814], [0.7994788711030025, 0.15228026099634953, 0.008466276250398464, 0.022842039149452428, 0.008466276250398464, 0.008466276250398464], [0.8128858658026822, 0.14038159715536713, 0.008558432489548564, 0.021057239573305072, 0.008558432489548564, 0.008558432489548564], [0.8319995507136474, 0.1232934359942491, 0.00873766596432204, 0.018494015399137365, 0.00873766596432204, 0.00873766596432204], [0.8474977882699349, 0.10939654904309744, 0.008898726776834318, 0.016409482356464614, 0.008898726776834318, 0.008898726776834318], [0.8520846747221054, 0.10527896704813539, 0.008948171057512982, 0.015791845057220307, 0.008948171057512982, 0.008948171057512982], [0.8413218850120568, 0.11421503135154709, 0.009110276311221277, 0.017132254702732063, 0.009110276311221277, 0.009110276311221277], [0.7911078477304652, 0.15292727620026902, 0.011008594879741807, 0.02293909143004035, 0.011008594879741807, 0.011008594879741807], [0.7373059129138947, 0.1943397215017391, 0.013067802453035144, 0.029150958225260863, 0.013067802453035144, 0.013067802453035144], [0.7884894355958777, 0.15640659002584104, 0.01054766195813502, 0.023460988503876158, 0.01054766195813502, 0.01054766195813502], [0.12035182205610083, 0.12836162324584882, 0.009375498809790144, 0.019254243486877324, 0.7132813135915926, 0.009375498809790144], [0.8468066914673736, 0.1091659385142492, 0.009217493080413277, 0.01637489077713738, 0.009217493080413277, 0.009217493080413277], [0.8677379656915987, 0.09081388759565726, 0.009275354524465118, 0.013622083139348588, 0.009275354524465118, 0.009275354524465118], [0.8873359697708034, 0.07365115073004594, 0.009321735629881256, 0.011047672609506889, 0.009321735629881256, 0.009321735629881256], [0.9019220104867367, 0.060195459423149716, 0.009470632522528397, 0.009470632522528397, 0.009470632522528397, 0.009470632522528397], [0.009692820016700559, 0.05087426878520438, 0.009692820016700559, 0.009692820016700559, 0.9103544511479934, 0.009692820016700559], [1.0, 0.0, 0.0, 0.0, 0.0, 0.0]], [[1.0, 0.0, 0.0, 0.0, 0.0, 0.0], [0.06535764308993974, 0.11603170794418344, 0.016687057810197383, 0.017404756191627513, 0.7751555414149967, 0.009363293549055199], [0.3451634292983633, 0.15445582564831678, 0.011619362966479557, 0.023168373847247514, 0.45397364527311324, 0.011619362966479557], [0.2735003441767768, 0.19771424555498587, 0.014644112916551828, 0.02965713683324788, 0.46984004760188575, 0.014644112916551828], [0.7954888242667761, 0.147467196635885, 0.011641299867318678, 0.02212007949538275, 0.011641299867318678, 0.011641299867318678], [0.07129622123925008, 0.10847487754927806, 0.009710545332785862, 0.01627123163239171, 0.7845365789135083, 0.009710545332785862], [0.8690617372496209, 0.09004892809600319, 0.009127331813325163, 0.013507339214400478, 0.009127331813325163, 0.009127331813325163], [0.8720796238071008, 0.08734771134171793, 0.009156836049974559, 0.01310215670125769, 0.009156836049974559, 0.009156836049974559], [0.009360973448599904, 0.09794935048698195, 0.009360973448599904, 0.01469240257304729, 0.859275326594171, 0.009360973448599904], [0.8472546855839642, 0.10960004586591783, 0.008901753890076705, 0.016440006879887673, 0.008901753890076705, 0.008901753890076705], [0.06198462508064327, 0.1345207068639226, 0.009325039920220303, 0.020178106029588392, 0.7646664821854051, 0.009325039920220303], [0.7819130696324631, 0.16337100232799281, 0.010070092563448388, 0.024505650349198924, 0.010070092563448388, 0.010070092563448388], [0.7380099441224378, 0.19822063206921917, 0.011345442999320068, 0.029733094810382873, 0.011345442999320068, 0.011345442999320068], [0.3536307727742629, 0.17950194298410427, 0.009841838696582488, 0.026925291447615643, 0.4202583154008522, 0.009841838696582488], [0.786964313895762, 0.16248115840738922, 0.008727451311913414, 0.02437217376110838, 0.008727451311913414, 0.008727451311913414], [0.7544915189911935, 0.1871045118740458, 0.01011276411788459, 0.02806567678110687, 0.01011276411788459, 0.01011276411788459], [0.2887879760523993, 0.22943959079978937, 0.012976376016451421, 0.0344159386199684, 0.42140374249493995, 0.012976376016451421], [0.7697678098882507, 0.17241015766595336, 0.01065350293196765, 0.025861523649893005, 0.01065350293196765, 0.01065350293196765], [0.821916701479512, 0.13127189714788373, 0.009040205600140573, 0.019690784572182558, 0.009040205600140573, 0.009040205600140573], [0.8368549712215753, 0.11893499849157382, 0.008789926837704964, 0.01784024977373607, 0.008789926837704964, 0.008789926837704964], [0.009125211264706739, 0.12637221778995764, 0.009125211264706739, 0.018955832668493645, 0.8272963157474285, 0.009125211264706739], [0.8202474960394168, 0.13366165566055516, 0.008680533316981558, 0.020049248349083275, 0.008680533316981558, 0.008680533316981558], [0.7899177008764793, 0.15875461446951838, 0.00917149749452486, 0.02381319217042776, 0.00917149749452486, 0.00917149749452486], [0.767230812239738, 0.17726634997515173, 0.009637628429612471, 0.02658995249627276, 0.009637628429612471, 0.009637628429612471], [0.7871619200329555, 0.16149634265018006, 0.009039095306445848, 0.024224451397527005, 0.009039095306445848, 0.009039095306445848], [0.043260540177275944, 0.142089250377184, 0.008966730145835378, 0.0213133875565776, 0.7754033615972916, 0.008966730145835378], [0.8391018438475729, 0.1169218462460507, 0.008812677656489585, 0.017538276936907606, 0.008812677656489585, 0.008812677656489585], [0.009305129677213466, 0.10521309020050039, 0.009305129677213466, 0.015781963530075056, 0.8510895572377842, 0.009305129677213466], [0.009347042444141357, 0.10015788835225592, 0.009347042444141357, 0.015023683252838387, 0.8567773010624816, 0.009347042444141357], [0.8531097169798639, 0.10405535427429716, 0.009075541868231491, 0.015608303141144574, 0.009075541868231491, 0.009075541868231491], [0.12228169867004803, 0.12643668773636627, 0.009821049814444802, 0.018965503160454943, 0.7126740108042412, 0.009821049814444802], [0.8081791039238847, 0.14069627470149962, 0.010006726723130282, 0.021104441205224943, 0.010006726723130282, 0.010006726723130282], [0.8144588684200128, 0.13662895346982923, 0.009472611696561153, 0.020494343020474388, 0.009472611696561153, 0.009472611696561153], [0.8085770036851393, 0.14008813797971126, 0.01010721254606424, 0.021013220696956686, 0.01010721254606424, 0.01010721254606424], [0.8019499618187277, 0.14276422579971645, 0.011290392837199478, 0.021414633869957466, 0.011290392837199478, 0.011290392837199478], [0.8381626180923427, 0.1140404365743255, 0.010230293282394286, 0.017106065486148826, 0.010230293282394286, 0.010230293282394286], [0.06431675488458839, 0.09199182549176453, 0.009549639910037799, 0.013798773823764678, 0.8107933659798068, 0.009549639910037799], [0.883776233753016, 0.07680124446570864, 0.009300778370472992, 0.011520186669856297, 0.0093007783