{"prediction": [[[1.0, 0.0, 0.0, 0.0, 0.0, 0.0], [1.0, 0.0, 0.0, 0.0, 0.0, 0.0], [1.0, 0.0, 0.0, 0.0, 0.0, 0.0], [1.0, 0.0, 0.0, 0.0, 0.0, 0.0], [1.0, 0.0, 0.0, 0.0, 0.0, 0.0], [1.0, 0.0, 0.0, 0.0, 0.0, 0.0], [1.0, 0.0, 0.0, 0.0, 0.0, 0.0], [1.0, 0.0, 0.0, 0.0, 0.0, 0.0], [1.0, 0.0, 0.0, 0.0, 0.0, 0.0], [1.0, 0.0, 0.0, 0.0, 0.0, 0.0], [1.0, 0.0, 0.0, 0.0, 0.0, 0.0], [1.0, 0.0, 0.0, 0.0, 0.0, 0.0], [1.0, 0.0, 0.0, 0.0, 0.0, 0.0], [1.0, 0.0, 0.0, 0.0, 0.0, 0.0], [1.0, 0.0, 0.0, 0.0, 0.0, 0.0], [1.0, 0.0, 0.0, 0.0, 0.0, 0.0], [1.0, 0.0, 0.0, 0.0, 0.0, 0.0], [1.0, 0.0, 0.0, 0.0, 0.0, 0.0], [1.0, 0.0, 0.0, 0.0, 0.0, 0.0], [1.0, 0.0, 0.0, 0.0, 0.0, 0.0], [1.0, 0.0, 0.0, 0.0, 0.0, 0.0], [1.0, 0.0, 0.0, 0.0, 0.0, 0.0], [1.0, 0.0, 0.0, 0.0, 0.0, 0.0], [1.0, 0.0, 0.0, 0.0, 0.0, 0.0], [1.0, 0.0, 0.0, 0.0, 0.0, 0.0], [1.0, 0.0, 0.0, 0.0, 0.0, 0.0], [1.0, 0.0, 0.0, 0.0, 0.0, 0.0], [1.0, 0.0, 0.0, 0.0, 0.0, 0.0], [1.0, 0.0, 0.0, 0.0, 0.0, 0.0], [1.0, 0.0, 0.0, 0.0, 0.0, 0.0], [1.0, 0.0, 0.0, 0.0, 0.0, 0.0], [1.0, 0.0, 0.0, 0.0, 0.0, 0.0], [1.0, 0.0, 0.0, 0.0, 0.0, 0.0], [1.0, 0.0, 0.0, 0.0, 0.0, 0.0], [1.0, 0.0, 0.0, 0.0, 0.0, 0.0], [1.0, 0.0, 0.0, 0.0, 0.0, 0.0], [1.0, 0.0, 0.0, 0.0, 0.0, 0.0], [1.0, 0.0, 0.0, 0.0, 0.0, 0.0], [1.0, 0.0, 0.0, 0.0, 0.0, 0.0], [1.0, 0.0, 0.0, 0.0, 0.0, 0.0]], [[1.0, 0.0, 0.0, 0.0, 0.0, 0.0], [0.9501187648456056, 0.00997624703087886, 0.00997624703087886, 0.00997624703087886, 0.00997624703087886, 0.00997624703087886], [0.9501185391416721, 0.009976292171665582, 0.009976292171665582, 0.009976292171665582, 0.009976292171665582, 0.009976292171665582], [0.9490383959367804, 0.011101801607212948, 0.009964950614001659, 0.009964950614001659, 0.009964950614001659, 0.009964950614001659], [0.9433627040112493, 0.017014457339362722, 0.009905709662347018, 0.009905709662347018, 0.009905709662347018, 0.009905709662347018], [0.9340990764065954, 0.026660694440110388, 0.00981005728832356, 0.00981005728832356, 0.00981005728832356, 0.00981005728832356], [0.9204400679228875, 0.040868850695587114, 0.00967277034538137, 0.00967277034538137, 0.00967277034538137, 0.00967277034538137], [0.8929615353149802, 0.0597555427342736, 0.018565177454045855, 0.009572581498900048, 0.009572581498900048, 0.009572581498900048], [0.8360354119134802, 0.08249904207180134, 0.04986710937309774, 0.012374856310770201, 0.009611790165425326, 0.009611790165425326], [0.7621205132795206, 0.10375930430973863, 0.09943583173323435, 0.015563895646460796, 0.009560227515522768, 0.009560227515522768], [0.7211674950700859, 0.11884646102834426, 0.12319827375758009, 0.017826969154251637, 0.009480400494869019, 0.009480400494869019], [0.7149174222827107, 0.124221977279945, 0.12336946638111805, 0.018633296591991748, 0.009428918732117235, 0.009428918732117235], [0.7571616346338468, 0.11831594893332387, 0.08795429558781166, 0.01774739233999858, 0.00941036425250951, 0.00941036425250951], [0.8115891852539514, 0.10206161331893938, 0.05232030144335494, 0.015309241997840908, 0.00935982899295668, 0.00935982899295668], [0.01321394047655332, 0.08288527645959086, 0.025480645076651206, 0.01243279146893863, 0.8564093709534869, 0.009577975564779132], [0.9012287151519727, 0.060875734448971645, 0.009473887599763926, 0.009473887599763926, 0.009473887599763926, 0.009473887599763926], [0.009762288161738563, 0.046073667169522776, 0.009762288161738563, 0.009762288161738563, 0.914877180183523, 0.009762288161738563], [0.9244419208447336, 0.036726791772888616, 0.00970782184559443, 0.00970782184559443, 0.00970782184559443, 0.00970782184559443], [0.9262590134835179, 0.03483132148879189, 0.009727416256922557, 0.009727416256922557, 0.009727416256922557, 0.009727416256922557], [0.9237729522528922, 0.037411804829034716, 0.009703810729518272, 0.009703810729518272, 0.009703810729518272, 0.009703810729518272], [0.920242311652071, 0.04107653864120952, 0.00967028742667988, 0.00967028742667988, 0.00967028742667988, 0.00967028742667988], [0.9185793049131793, 0.04280382721479509, 0.009654216968006437, 0.009654216968006437, 0.009654216968006437, 0.009654216968006437], [0.92031268903078, 0.041003678697140354, 0.009670908068019898, 0.009670908068019898, 0.009670908068019898, 0.009670908068019898], [0.9252793363112103, 0.03583512715255491, 0.009721384134058729, 0.009721384134058729, 0.009721384134058729, 0.009721384134058729], [0.00987263036493928, 0.028990812289114473, 0.00987263036493928, 0.00987263036493928, 0.9315186662511283, 0.00987263036493928], [0.9389495387408889, 0.02161034583076655, 0.009860028857086107, 0.009860028857086107, 0.009860028857086107, 0.009860028857086107], [0.009970560715412082, 0.01590804625701847, 0.009970560715412082, 0.009970560715412082, 0.9442097108813333, 0.009970560715412082], [0.009998441040554898, 0.011983706323590417, 0.009998441040554898, 0.009998441040554898, 0.94802252951419, 0.009998441040554898], [0.9501187648456056, 0.00997624703087886, 0.00997624703087886, 0.00997624703087886, 0.00997624703087886, 0.00997624703087886], [0.010008361152524096, 0.010008361152524096, 0.010008361152524096, 0.010008361152524096, 0.9499581942373795, 0.010008361152524096], [0.9501185391416721, 0.009976292171665582, 0.009976292171665582, 0.009976292171665582, 0.009976292171665582, 0.009976292171665582], [0.9495713614740178, 0.010546546382189381, 0.009970523035948246, 0.009970523035948246, 0.009970523035948246, 0.009970523035948246], [0.9471674600441338, 0.013050843384653434, 0.00994542414280323, 0.00994542414280323, 0.00994542414280323, 0.00994542414280323], [0.9435942883453083, 0.016772767913370894, 0.009908235935330209, 0.009908235935330209, 0.009908235935330209, 0.009908235935330209], [0.9392832089869465, 0.021262188049090424, 0.009863650740990743, 0.009863650740990743, 0.009863650740990743, 0.009863650740990743], [0.9351839943142921, 0.025528217633209997, 0.00982194701312447, 0.00982194701312447, 0.00982194701312447, 0.00982194701312447], [0.9323939595326797, 0.028426753053069957, 0.009794821853562582, 0.009794821853562582, 0.009794821853562582, 0.009794821853562582], [0.931496115842149, 0.029360516895831985, 0.009785841815504773, 0.009785841815504773, 0.009785841815504773, 0.009785841815504773], [0.932051914371194, 0.028785924506562928, 0.009790540280560752, 0.009790540280560752, 0.009790540280560752, 0.009790540280560752], [1.0, 0.0, 0.0, 0.0, 0.0, 0.0]], [[1.0, 0.0, 0.0, 0.0, 0.0, 0.0], [0.9501186519992684, 0.009976269600146324, 0.009976269600146324, 0.009976269600146324, 0.009976269600146324, 0.009976269600146324], [0.9501186519992684, 0.009976269600146324, 0.009976269600146324, 0.009976269600146324, 0.009976269600146324, 0.009976269600146324], [0.947986232513196, 0.012197681898549048, 0.009954021397063735, 0.009954021397063735, 0.009954021397063735, 0.009954021397063735], [0.009949108499726533, 0.018863526056980117, 0.009949108499726533, 0.009949108499726533, 0.9413400399441137, 0.009949108499726533], [0.9315647112105064, 0.029298041768430497, 0.009784311755265755, 0.009784311755265755, 0.009784311755265755, 0.009784311755265755], [0.009837905604946988, 0.045729142286210146, 0.009837905604946988, 0.009837905604946988, 0.9149192352940019, 0.009837905604946988], [0.011678740918380408, 0.06924471745761249, 0.010062935371065247, 0.010386707618641872, 0.8885639632632347, 0.010062935371065247], [0.8518562802403009, 0.1011072324309921, 0.010623467488019404, 0.015166084864648814, 0.010623467488019404, 0.010623467488019404], [0.8092929730802036, 0.13650000306407498, 0.01124400779870337, 0.020475000459611245, 0.01124400779870337, 0.01124400779870337], [0.7685822313131045, 0.16993353000603725, 0.011998069726650854, 0.025490029500905585, 0.011998069726650854, 0.011998069726650854], [0.05890134854763073, 0.18303444510398537, 0.012174138909540699, 0.027455166765597804, 0.7062607617637047, 0.012174138909540699], [0.7727947641447114, 0.1674075984267023, 0.011562165888193702, 0.025111139764005343, 0.011562165888193702, 0.011562165888193702], [0.8143794890971888, 0.13382391176863548, 0.01057433745629346, 0.02007358676529532, 0.01057433745629346, 0.01057433745629346], [0.8550806365590634, 0.10018218304977322, 0.009903284311232483, 0.015027327457465984, 0.009903284311232483, 0.009903284311232483], [0.009714218802710655, 0.07365525128444433, 0.009714218802710655, 0.011048287692666648, 0.886153804614757, 0.009714218802710655], [0.9077748646050912, 0.054078954588921875, 0.009536545201496728, 0.009536545201496728, 0.009536545201496728, 0.009536545201496728], [0.916285800669359, 0.04522163443468627, 0.009623141223988692, 0.009623141223988692, 0.009623141223988692, 0.009623141223988692], [0.9168609491846953, 0.04460824324033495, 0.009632701893742426, 0.009632701893742426, 0.009632701893742426, 0.009632701893742426], [0.9117237934398931, 0.04963844596301366, 0.009659440149273314, 0.009659440149273314, 0.009659440149273314, 0.009659440149273314], [0.9051191507208424, 0.055962432496748614, 0.009729604195602266, 0.009729604195602266, 0.009729604195602266, 0.009729604195602266], [0.015672822032938297, 0.060058588861544894, 0.009946176657311743, 0.009946176657311743, 0.8944300591335815, 0.009946176657311743], [0.9045681228282955, 0.056359546459549485, 0.009768082678038786, 0.009768082678038786, 0.009768082678038786, 0.009768082678038786], [0.9125975438659841, 0.04848699294426659, 0.009728865797437319, 0.009728865797437319, 0.009728865797437319, 0.009728865797437319], [0.9231293089272449, 0.03803763372419253, 0.009708264337140666, 0.009708264337140666, 0.009708264337140666, 0.009708264337140666], [0.9327957900205107, 0.02801769458221498, 0.009796628849318563, 0.009796628849318563, 0.009796628849318563, 0.009796628849318563], [0.940602212275527, 0.019890140360309498, 0.009876911841040892, 0.009876911841040892, 0.009876911841040892, 0.009876911841040892], [0.9458513389829917, 0.01442271559053597, 0.009931486356618092, 0.009931486356618092, 0.009931486356618092, 0.009931486356618092], [0.010005810352299126, 0.011500306281332922, 0.010005810352299126, 0.010005810352299126, 0.9484764523094706, 0.010005810352299126], [0.9496544097224334, 0.010460105069224415, 0.00997137130208555, 0.00997137130208555, 0.00997137130208555, 0.00997137130208555], [0.010008912627362625, 0.01119894687022244, 0.010008912627362625, 0.010008912627362625, 0.948765402620327, 0.010008912627362625], [0.9466260383441584, 0.013615384014970854, 0.00993964441021768, 0.00993964441021768, 0.00993964441021768, 0.00993964441021768], [0.009957950794431139, 0.018278095142716815, 0.009957950794431139, 0.009957950794431139, 0.9418901016795586, 0.009957950794431139], [0.9359061558469004, 0.024778834181701077, 0.009828752492849663, 0.009828752492849663, 0.009828752492849663, 0.009828752492849663], [0.009846916505385316, 0.032945652384061094, 0.009846916505385316, 0.009846916505385316, 0.9276666815943976, 0.009846916505385316], [0.9203781385612264, 0.04006418297762942, 0.010455062244202498, 0.009700872072313892, 0.009700872072313892, 0.009700872072313892], [1.0, 0.0, 0.0, 0.0, 0.0, 0.0], [1.0, 0.0, 0.0, 0.0, 0.0, 0.0], [1.0, 0.0, 0.0, 0.0, 0.0, 0.0], [1.0, 0.0, 0.0, 0.0, 0.0, 0.0]], [[1.0, 0.0, 0.0, 0.0, 0.0, 0.0], [0.009994768607088032, 0.009994768607088032, 0.009994768607088032, 0.009994768607088032, 0.9500261569645599, 0.009994768607088032], [0.9501186519992684, 0.009976269600146324, 0.009976269600146324, 0.009976269600146324, 0.009976269600146324, 0.009976269600146324], [0.9466730313659748, 0.013566038413516248, 0.009940232555127248, 0.009940232555127248, 0.009940232555127248, 0.009940232555127248], [0.9397918743330651, 0.020733571907069766, 0.009868638439966295, 0.009868638439966295, 0.009868638439966295, 0.009868638439966295], [0.9290513507244746, 0.03191605344209783, 0.009758148958356881, 0.009758148958356881, 0.009758148958356881, 0.009758148958356881], [0.9126952541726324, 0.04853982312932921, 0.00969123067450959, 0.00969123067450959, 0.00969123067450959, 0.00969123067450959], [0.8870421786858407, 0.0725273141509045, 0.009850470013539756, 0.010879097122635675, 0.009850470013539756, 0.009850470013539756], [0.8412220361379843, 0.10992089603263482, 0.010789644474828594, 0.01648813440489522, 0.010789644474828594, 0.010789644474828594], [0.06730420560071643, 0.15552959734525051, 0.011897797177249697, 0.02332943960178758, 0.7300411630977459, 0.011897797177249697], [0.5105463068426891, 0.26516628203827564, 0.017232302167318195, 0.08616151083659099, 0.1036612959478078, 0.017232302167318195], [0.07888907818783618, 0.21338422917382863, 0.012936794172281817, 0.03200763437607429, 0.6498454699176972, 0.012936794172281817], [0.7341972697084997, 0.19878570786736802, 0.012399722081342327, 0.029817856180105202, 0.012399722081342327, 0.012399722081342327], [0.786823382293707, 0.15647731485052316, 0.011075901876063773, 0.023471597227578474, 0.011075901876063773, 0.011075901876063773], [0.8352472406029882, 0.1165523266461643, 0.010239194584640924, 0.017482848996924646, 0.010239194584640924, 0.010239194584640924], [0.8774107846988003, 0.08184394558375822, 0.009489559293292581, 0.012276591837563734, 0.009489559293292581, 0.009489559293292581], [0.0096489890333899, 0.06351380889855913, 0.0096489890333899, 0.0096489890333899, 0.8978902349678812, 0.0096489890333899], [0.009714072899231055, 0.05483918539865068, 0.009714072899231055, 0.009714072899231055, 0.9063045230044251, 0.009714072899231055], [0.9063183175709024, 0.055354497093519604, 0.009581796333894497, 0.009581796333894497, 0.009581796333894497, 0.009581796333894497], [0.8945886917994834, 0.06555147477967169, 0.009964958355211231, 0.009964958355211231, 0.009964958355211231, 0.009964958355211231], [0.8733409439736256, 0.07835573268701372, 0.010506667014838688, 0.012103268374936723, 0.015186720934746612, 0.010506667014838688], [0.08182681702048773, 0.08425937073273171, 0.010709917904445492, 0.012638905609909755, 0.7998550708279798, 0.010709917904445492], [0.8721280005786959, 0.0799344124818748, 0.010632443980312026, 0.01199016187228122, 0.014682537106524026, 0.010632443980312026], [0.8937132422027718, 0.06515672519833184, 0.010072357865129689, 0.010072357865129689, 0.010912959003507295, 0.010072357865129689], [0.9120346566793887, 0.04905249389627553, 0.009728212356083952, 0.009728212356083952, 0.009728212356083952, 0.009728212356083952], [0.009831304964701795, 0.035638896825814094, 0.009831304964701795, 0.009831304964701795, 0.9250358833153788, 0.009831304964701795], [0.009913416193884883, 0.024702951631594094, 0.009913416193884883, 0.009913416193884883, 0.9356433835928665, 0.009913416193884883], [0.9431380804160348, 0.017249648519529943, 0.009903067766108851, 0.009903067766108851, 0.009903067766108851, 0.009903067766108851], [0.9468611141211697, 0.013370624394895288, 0.00994206537098377, 0.00994206537098377, 0.00994206537098377, 0.00994206537098377], [0.9478998625242936, 0.012288343249686156, 0.009952948556505083, 0.009952948556505083, 0.009952948556505083, 0.009952948556505083], [0.946505340705485, 0.013741434984884771, 0.009938306077407593, 0.009938306077407593, 0.009938306077407593, 0.009938306077407593], [0.009964164717244896, 0.018153250610262538, 0.009964164717244896, 0.009964164717244896, 0.9419900905207579, 0.009964164717244896], [0.9350751447628576, 0.02564748182996491, 0.009819343351794378, 0.009819343351794378, 0.009819343351794378, 0.009819343351794378], [0.9246490661706113, 0.036493590761251526, 0.009714335767034291, 0.009714335767034291, 0.009714335767034291, 0.009714335767034291], [0.907938458511824, 0.049322749658936786, 0.013818306571742552, 0.009640161752498887, 0.009640161752498887, 0.009640161752498887], [1.0, 0.0, 0.0, 0.0, 0.0, 0.0], [0.8456971407489073, 0.07042417614861206, 0.052499158598383056, 0.011949077231259032, 0.00971522363641924, 0.00971522363641924], [0.839847950820477, 0.07305701264937349, 0.056697177884931026, 0.010958551897406023, 0.009719653373906127, 0.009719653373906127], [0.8533017365254377, 0.07096956866695976, 0.04574844604228818, 0.010645435300043965, 0.009667406732635254, 0.009667406732635254], [1.0, 0.0, 0.0, 0.0, 0.0, 0.0]], [[1.0, 0.0, 0.0, 0.0, 0.0, 0.0], [1.0, 0.0, 0.0, 0.0, 0.0, 0.0], [0.010002936184254093, 0.010334168512062323, 0.010002936184254093, 0.010002936184254093, 0.9496540867509213, 0.010002936184254093], [0.009970053690536421, 0.015366475413577031, 0.009970053690536421, 0.009970053690536421, 0.9447533098242774, 0.009970053690536421], [0.9375981531067046, 0.023009980868485172, 0.009847966506202562, 0.009847966506202562, 0.009847966506202562, 0.009847966506202562], [0.9267063401283617, 0.034346915737687424, 0.009736686033487724, 0.009736686033487724, 0.009736686033487724, 0.009736686033487724], [0.009736881867725772, 0.05095254407644232, 0.012310614650492074, 0.009736881867725772, 0.9075261956698882, 0.009736881867725772], [0.8683834175159972, 0.07165670436784977, 0.030148609144112777, 0.010748505655177465, 0.009531381658431287, 0.009531381658431287], [0.75963114316954, 0.09924335073673253, 0.10694253832725098, 0.014886502610509878, 0.009648232577983341, 0.009648232577983341], [0.663854604214449, 0.1272250326804716, 0.1705279501682616, 0.019083754902070742, 0.009654329017373557, 0.009654329017373557], [0.5585819435047827, 0.14799258047420896, 0.252229442289726, 0.022198887071131344, 0.009498573330075437, 0.009498573330075437], [0.08434470086174675, 0.21758759187611001, 0.012937081936688974, 0.0326381387814165, 0.6395554046073488, 0.012937081936688974], [0.5073892424009387, 0.28699281053558723, 0.017423490757539465, 0.08711745378769732, 0.08365351176069782, 0.017423490757539465], [0.06866516444105679, 0.16721427171984093, 0.011434851874265786, 0.025082140757976136, 0.7161687193325945, 0.011434851874265786], [0.8288135273875548, 0.12204811724536023, 0.010277045926760344, 0.018307217586804033, 0.010277045926760344, 0.010277045926760344], [0.010776413539637283, 0.08832678389631922, 0.009703519504413484, 0.013249017584447883, 0.8682407459707685, 0.009703519504413484], [0.8950468457390444, 0.06672861097248438, 0.009405083880866187, 0.010009291645872656, 0.009405083880866187, 0.009405083880866187], [0.9024693539065591, 0.05960593495405941, 0.009481177784845337, 0.009481177784845337, 0.009481177784845337, 0.009481177784845337], [0.8979410126958037, 0.06370748723103543, 0.009587875018290209, 0.009587875018290209, 0.009587875018290209, 0.009587875018290209], [0.07986812500236293, 0.08017746889591638, 0.010384383365507989, 0.013794940647316983, 0.8053906987233878, 0.010384383365507989], [0.10544494024309015, 0.09691071667940179, 0.010963694092553716, 0.01617682314636602, 0.7595401317460345, 0.010963694092553716], [0.820382560815913, 0.1075380386468633, 0.011484117368177194, 0.016130705797029493, 0.032980460003839696, 0.011484117368177194], [0.8401918678482897, 0.09996272289653062, 0.011156619217669148, 0.014994408434479594, 0.022537762385361818, 0.011156619217669148], [0.8711343882044746, 0.08197436547412532, 0.010640667012068273, 0.012296154821118796, 0.013313757476144541, 0.010640667012068273], [0.9023388880593418, 0.05854247849510834, 0.009779658361387448, 0.009779658361387448, 0.009779658361387448, 0.009779658361387448], [0.9199729398283575, 0.041342025142184255, 0.009671258757364552, 0.009671258757364552, 0.009671258757364552, 0.009671258757364552], [0.9324009302358108, 0.02843215032704508, 0.00979172985928603, 0.00979172985928603, 0.00979172985928603, 0.00979172985928603], [0.9407556404239336, 0.019731587277586487, 0.009878193074620012, 0.009878193074620012, 0.009878193074620012, 0.009878193074620012], [0.9451371293194607, 0.015167111249121974, 0.009923939857854338, 0.009923939857854338, 0.009923939857854338, 0.009923939857854338], [0.9460522295100985, 0.014213576850477265, 0.009933548409856035, 0.009933548409856035, 0.009933548409856035, 0.009933548409856035], [0.9435984528622984, 0.016770317752921496, 0.009907807346195011, 0.009907807346195011, 0.009907807346195011, 0.009907807346195011], [0.00992845426366471, 0.0236277530791896, 0.00992845426366471, 0.00992845426366471, 0.9366584298661517, 0.00992845426366471], [0.9262263845254578, 0.034861581495393514, 0.009728008494787166, 0.009728008494787166, 0.009728008494787166, 0.009728008494787166], [0.9108079262509624, 0.05083328210264492, 0.00958969791159815, 0.00958969791159815, 0.00958969791159815, 0.00958969791159815], [1.0, 0.0, 0.0, 0.0, 0.0, 0.0], [0.0746751801990627, 0.09013918615649417, 0.07905352952669506, 0.013520877923474126, 0.7327842643700325, 0.009826961824241478], [0.7210145001464626, 0.10194618082189195, 0.14212398460176165, 0.015291927123283791, 0.009811703653300015, 0.009811703653300015], [0.06737584328704081, 0.12389859827336468, 0.011540446709115304, 0.018584789741004703, 0.7670598752803591, 0.011540446709115304], [0.734604904740247, 0.10155538125256884, 0.1291517767625921, 0.015233307187885327, 0.00972731502835332, 0.00972731502835332], [1.0, 0.0, 0.0, 0.0, 0.0, 0.0]], [[1.0, 0.0, 0.0, 0.0, 0.0, 0.0], [1.0, 0.0, 0.0, 0.0, 0.0, 0.0], [1.0, 0.0, 0.0, 0.0, 0.0, 0.0], [1.0, 0.0, 0.0, 0.0, 0.0, 0.0], [1.0, 0.0, 0.0, 0.0, 0.0, 0.0], [1.0, 0.0, 0.0, 0.0, 0.0, 0.0], [1.0, 0.0, 0.0, 0.0, 0.0, 0.0], [1.0, 0.0, 0.0, 0.0, 0.0, 0.0], [1.0, 0.0, 0.0, 0.0, 0.0, 0.0], [1.0, 0.0, 0.0, 0.0, 0.0, 0.0], [0.04516140969735818, 0.14086938121091333, 0.2232822017421074, 0.021130407181636997, 0.5599335993674921, 0.009623000800491933], [0.7383122597476507, 0.19535669356671787, 0.0123425142168746, 0.029303504035007675, 0.0123425142168746, 0.0123425142168746], [0.7476748388016554, 0.18792433871173234, 0.012070723893284088, 0.028188650806759852, 0.012070723893284088, 0.012070723893284088], [0.07385468521229868, 0.15388323757644973, 0.011070063029617142, 0.02308248563646746, 0.7270394655155499, 0.011070063029617142], [0.8370824512044119, 0.11523925127222566, 0.010130803277509495, 0.01728588769083385, 0.010130803277509495, 0.010130803277509495], [0.8759262597923673, 0.08327689606167335, 0.009435103245569475, 0.012491534409251003, 0.009435103245569475, 0.009435103245569475], [0.8957072530484339, 0.06614116328464224, 0.009410136391409191, 0.009921174492696335, 0.009410136391409191, 0.009410136391409191], [0.9013473372500453, 0.060769922070645764, 0.009470685169827249, 0.009470685169827249, 0.009470685169827249, 0.009470685169827249], [0.8947417128798121, 0.06658060228794234, 0.00956353149635141, 0.009987090343191351, 0.00956353149635141, 0.00956353149635141], [0.8590234635872709, 0.0858258815721354, 0.010450282460003773, 0.014292298070299279, 0.019957791850286937, 0.010450282460003773], [0.8141455733437454, 0.10709552848834306, 0.011306037914371958, 0.01984098810463314, 0.03630583423453446, 0.011306037914371958], [0.4898168011100426, 0.2610769814969372, 0.025906825881889733, 0.12953412940944867, 0.06775843621979197, 0.025906825881889733], [0.8158053033682462, 0.11151871225013728, 0.011527622212864323, 0.01672780683752059, 0.032892933118367225, 0.011527622212864323], [0.8623105804822895, 0.08947951228812426, 0.010724777730084616, 0.01342192684321864, 0.013338424926198392, 0.010724777730084616], [0.8973482884737984, 0.06355371258616473, 0.00977449973500923, 0.00977449973500923, 0.00977449973500923, 0.00977449973500923], [0.916439695398362, 0.04493865047276774, 0.009655413532217551, 0.009655413532217551, 0.009655413532217551, 0.009655413532217551], [0.009871355891587098, 0.03124301484561101, 0.009871355891587098, 0.009871355891587098, 0.9292715615880406, 0.009871355891587098], [0.009945228597383539, 0.02166647703585277, 0.009945228597383539, 0.009945228597383539, 0.938552608574613, 0.009945228597383539], [0.9437161431450901, 0.016647590080711334, 0.009909066693549656, 0.009909066693549656, 0.009909066693549656, 0.009909066693549656], [0.9442689959354571, 0.016071611803632507, 0.009914848065227593, 0.009914848065227593, 0.009914848065227593, 0.009914848065227593], [0.9405615986786833, 0.01993462604567913, 0.009875943818909386, 0.009875943818909386, 0.009875943818909386, 0.009875943818909386], [0.009889842477966189, 0.029461009289815734, 0.009889842477966189, 0.009889842477966189, 0.9309796207983194, 0.009889842477966189], [0.9169356983318433, 0.04453746732437097, 0.00963170858594643, 0.00963170858594643, 0.00963170858594643, 0.00963170858594643], [1.0, 0.0, 0.0, 0.0, 0.0, 0.0], [0.826610800537325, 0.09125687997103986, 0.0494445110750854, 0.013688531995655978, 0.009499638210446843, 0.009499638210446843], [0.699415971565833, 0.11611002585129772, 0.14776326500680692, 0.017416503877694656, 0.009647116849183903, 0.009647116849183903], [0.08229800373500552, 0.16903653525473988, 0.012445361572973409, 0.025355480288210983, 0.6984192575760968, 0.012445361572973409], [0.7576966705874638, 0.17753575415079886, 0.012712404046372453, 0.026630363122619828, 0.012712404046372453, 0.012712404046372453], [0.059759246789774, 0.13252042693622912, 0.19685113382009226, 0.019878064040434365, 0.5811849806867972, 0.009806147726672907], [1.0, 0.0, 0.0, 0.0, 0.0, 0.0]], [[1.0, 0.0, 0.0, 0.0, 0.0, 0.0], [0.009997476026139632, 0.009997476026139632, 0.009997476026139632, 0.009997476026139632, 0.9500126198693019, 0.009997476026139632], [0.009976856437573414, 0.013596320652745646, 0.009976856437573414, 0.009976856437573414, 0.9464962535969607, 0.009976856437573414], [1.0, 0.0, 0.0, 0.0, 0.0, 0.0], [0.04297366664551177, 0.029790243556615293, 0.018445095876159636, 0.009897083634237002, 0.8889968266532394, 0.009897083634237002], [0.03414430806442737, 0.04117732959658139, 0.04168329346326816, 0.009874611714017158, 0.8632458454476887, 0.009874611714017158], [0.8689204642216393, 0.05404088988901309, 0.047835771742469196, 0.00973429138229283, 0.00973429138229283, 0.00973429138229283], [0.8502448858172297, 0.06936016470325503, 0.05071185054857468, 0.010404024705488254, 0.009639537112726252, 0.009639537112726252], [1.0, 0.0, 0.0, 0.0, 0.0, 0.0], [0.7706734747846952, 0.10596018774853452, 0.08844566033033839, 0.01589402816228018, 0.009513324487075802, 0.009513324487075802], [0.7113224861743005, 0.12303427941723619, 0.12809852929577048, 0.01845514191258543, 0.009544781600053719, 0.009544781600053719], [0.7897447863648848, 0.15383968634067952, 0.01111319144777792, 0.023075952951101927, 0.01111319144777792, 0.01111319144777792], [0.794675644320752, 0.14982462060055304, 0.011008680662870664, 0.022473693090082958, 0.011008680662870664, 0.011008680662870664], [0.8218794790398293, 0.12759703588543672, 0.01046130989730612, 0.019139555382815508, 0.01046130989730612, 0.01046130989730612], [0.8578819860006685, 0.09813400511966021, 0.009754636037240753, 0.01472010076794903, 0.009754636037240753, 0.009754636037240753], [0.009649415174778712, 0.07638052389149486, 0.009647532362061681, 0.01145707858372423, 0.8832179176258789, 0.009647532362061681], [0.009669501991511193, 0.062345093974657456, 0.009669501991511193, 0.009669501991511193, 0.8989768980592978, 0.009669501991511193], [0.9045657250197363, 0.05742044860102438, 0.009503456594809811, 0.009503456594809811, 0.009503456594809811, 0.009503456594809811], [0.8977366504257837, 0.06395500831063021, 0.009571696672330526, 0.00959325124659453, 0.009571696672330526, 0.009571696672330526], [0.8684513421419404, 0.08223940765017491, 0.010332676647437061, 0.012713244306405403, 0.015930652606605176, 0.010332676647437061], [0.8321852929721133, 0.10068093181649075, 0.010906893656685585, 0.019087063899199775, 0.026232923998824955, 0.010906893656685585], [0.8171322998070739, 0.11223522733378234, 0.011369184910697251, 0.01683528410006735, 0.031058818937681937, 0.011369184910697251], [0.8358652307180531, 0.10516066252666002, 0.011025249390048031, 0.015774099378999006, 0.021149508596191902, 0.011025249390048031], [0.0768204410226402, 0.08739984995498722, 0.010535227462125032, 0.013109977493248083, 0.8015992766048744, 0.010535227462125032], [0.8977650407716483, 0.0634209472528625, 0.009703502993872284, 0.009703502993872284, 0.009703502993872284, 0.009703502993872284], [0.9158360996751888, 0.04565377350967156, 0.009627531703784923, 0.009627531703784923, 0.009627531703784923, 0.009627531703784923], [0.9290187033435664, 0.031958134442916376, 0.009755790553379315, 0.009755790553379315, 0.009755790553379315, 0.009755790553379315], [0.9380006905154302, 0.02260234201299628, 0.009849241867893387, 0.009849241867893387, 0.009849241867893387, 0.009849241867893387], [0.9425126366310018, 0.0179015498342858, 0.009896453383678123, 0.009896453383678123, 0.009896453383678123, 0.009896453383678123], [0.009980322836409938, 0.017982670613290657, 0.009980322836409938, 0.009980322836409938, 0.9420960380410697, 0.009980322836409938], [0.009943767083339926, 0.023152214255094544, 0.009943767083339926, 0.009943767083339926, 0.9370727174115457, 0.009943767083339926], [0.9267050074251705, 0.034370319082199674, 0.009731168373157484, 0.009731168373157484, 0.009731168373157484, 0.009731168373157484], [0.9087645770034297, 0.053044304064274156, 0.009547779733074009, 0.009547779733074009, 0.009547779733074009, 0.009547779733074009], [0.8690254970387508, 0.07867654430566381, 0.021674692635585982, 0.01180148164584957, 0.00941089218707494, 0.00941089218707494], [0.017472114788174644, 0.11143278423344746, 0.07022262528252707, 0.016714917635017118, 0.7745144783143549, 0.009643079746478902], [0.772685923172913, 0.16737542735407168, 0.011610778456634817, 0.02510631410311075, 0.011610778456634817, 0.011610778456634817], [0.09637678490159288, 0.21498038600522035, 0.01328436764859794, 0.03224705790078305, 0.6298270358952078, 0.01328436764859794], [0.4501976767616325, 0.3560286196642869, 0.021513054989186837, 0.10756527494593418, 0.04318231864977264, 0.021513054989186837], [0.5531786750131797, 0.15371673233303768, 0.2507545944832706, 0.02305750984995565, 0.00964624416027817, 0.00964624416027817], [1.0, 0.0, 0.0, 0.0, 0.0, 0.0]], [[1.0, 0.0, 0.0, 0.0, 0.0, 0.0], [0.9500265251474209, 0.010071315192127383, 0.009975539915112921, 0.009975539915112921, 0.009975539915112921, 0.009975539915112921], [0.9448658668526342, 0.015432316020108751, 0.009925454281814244, 0.009925454281814244, 0.009925454281814244, 0.009925454281814244], [1.0, 0.0, 0.0, 0.0, 0.0, 0.0], [0.894582446198079, 0.0336377420689442, 0.04210773336025131, 0.009890692790908512, 0.009890692790908512, 0.009890692790908512], [0.05226629836037087, 0.04775142979775003, 0.01049835216477724, 0.01049835216477724, 0.8684872153475475, 0.01049835216477724], [0.8931131435263272, 0.0607482863815645, 0.010583512287406777, 0.010583512287406777, 0.01438803322988794, 0.010583512287406777], [0.04519248205024989, 0.06796953881702203, 0.06415503575397562, 0.010195430822553303, 0.8027429738546933, 0.00974453870150596], [0.0434471401534654, 0.08039122461056744, 0.054799920987391865, 0.012058683691585116, 0.7996090969816243, 0.009693933575365816], [0.8134770644165489, 0.09094178253840102, 0.06308806993898834, 0.013641267380760151, 0.009425907862650773, 0.009425907862650773], [0.8435196803136329, 0.10961732882712237, 0.010140130511725463, 0.016442599324068354, 0.010140130511725463, 0.010140130511725463], [0.6629841374079428, 0.13081196478419677, 0.011461531655155238, 0.05730765827577619, 0.12597317622177368, 0.011461531655155238], [0.8390427589051326, 0.11344127710926105, 0.01016659080640574, 0.017016191566389158, 0.01016659080640574, 0.01016659080640574], [0.8572032607539619, 0.09854579878550751, 0.00982302354756815, 0.014781869817826126, 0.00982302354756815, 0.00982302354756815], [0.012695694893266508, 0.08153626160030898, 0.009742875968652835, 0.012230439240046347, 0.8740518523290725, 0.009742875968652835], [0.898655325979892, 0.06347566189858445, 0.009449220945578657, 0.009521349284787668, 0.009449220945578657, 0.009449220945578657], [0.9082949422745918, 0.053545980564979105, 0.009539769290107279, 0.009539769290107279, 0.009539769290107279, 0.009539769290107279], [0.9103621886245985, 0.051389579871056856, 0.009562057876086149, 0.009562057876086149, 0.009562057876086149, 0.009562057876086149], [0.9045532297318228, 0.057268398434570975, 0.009544592958401541, 0.009544592958401541, 0.009544592958401541, 0.009544592958401541], [0.8891702133289381, 0.07065637767072905, 0.00985831744990783, 0.010598456650609357, 0.00985831744990783, 0.00985831744990783], [0.8669588361281511, 0.08652178603230001, 0.010372388866937003, 0.012978267904845001, 0.012796332200829819, 0.010372388866937003], [0.8572198385126737, 0.09528254489527961, 0.010604781507373283, 0.014292381734291941, 0.011995671843008234, 0.010604781507373283], [0.8626636043133532, 0.09207288998536779, 0.010484190734491292, 0.013810933497805168, 0.010484190734491292, 0.010484190734491292], [0.880865454568943, 0.07754234215844019, 0.009986950649616952, 0.01163135132376603, 0.009986950649616952, 0.009986950649616952], [0.9011808264816453, 0.06025914932452062, 0.009640006048458542, 0.009640006048458542, 0.009640006048458542, 0.009640006048458542], [0.009770067310805887, 0.04552754965724711, 0.009770067310805887, 0.009770067310805887, 0.9153921810995294, 0.009770067310805887], [0.9285960694691092, 0.03239665310712742, 0.009751819355940834, 0.009751819355940834, 0.009751819355940834, 0.009751819355940834], [0.9369880447590735, 0.023657519904272298, 0.009838608834163558, 0.009838608834163558, 0.009838608834163558, 0.009838608834163558], [0.00997113660899064, 0.019459794482179722, 0.00997113660899064, 0.00997113660899064, 0.9406556590818578, 0.00997113660899064], [0.9408449539561702, 0.019639557977670665, 0.009878872016539787, 0.009878872016539787, 0.009878872016539787, 0.009878872016539787], [0.009928755692348405, 0.02584763707082588, 0.009928755692348405, 0.009928755692348405, 0.9344373401597806, 0.009928755692348405], [0.9228293137413054, 0.038406858311987646, 0.009690956986676718, 0.009690956986676718, 0.009690956986676718, 0.009690956986676718], [0.9030859867583598, 0.058959034985607006, 0.009488744564008259, 0.009488744564008259, 0.009488744564008259, 0.009488744564008259], [0.8695351121002318, 0.08857737172422506, 0.009533636805636465, 0.013286605758633758, 0.009533636805636465, 0.009533636805636465], [0.8229157578649269, 0.12783472107449928, 0.010024770966466324, 0.019175208161174892, 0.010024770966466324, 0.010024770966466324], [0.749812086590132, 0.1867248817571869, 0.011818099796367684, 0.028008732263578036, 0.011818099796367684, 0.011818099796367684], [0.10104586805728855, 0.2414295968537197, 0.01369658277985838, 0.03621443952805795, 0.593916930001217, 0.01369658277985838], [0.6681482819416303, 0.2513707074237229, 0.014022865176552737, 0.03770560611355843, 0.014729674167982746, 0.014022865176552737], [0.06561195142110172, 0.16428593727177385, 0.2806260086755346, 0.024642890590766076, 0.4552707198423659, 0.009562492198457827], [1.0, 0.0, 0.0, 0.0, 0.0, 0.0]], [[1.0, 0.0, 0.0, 0.0, 0.0, 0.0], [0.949008343835009, 0.01113131071163561, 0.009965086363338833, 0.009965086363338833, 0.009965086363338833, 0.009965086363338833], [1.0, 0.0, 0.0, 0.0, 0.0, 0.0], [1.0, 0.0, 0.0, 0.0, 0.0, 0.0], [0.8879653981479825, 0.03700805916795466, 0.045295401651629465, 0.009910380344144461, 0.009910380344144461, 0.009910380344144461], [0.06946186471210382, 0.051679596667204675, 0.010632289164795847, 0.010632289164795847, 0.8469616711263039, 0.010632289164795847], [0.6871056545754228, 0.07966494260564674, 0.013554925085881922, 0.06777462542940961, 0.13834492721775687, 0.013554925085881922], [0.8842908350639866, 0.07094651166792193, 0.010525725612680966, 0.01064197675018829, 0.013069225292541125, 0.010525725612680966], [0.8820783492829871, 0.07608804901176994, 0.010140131451159126, 0.01141320735176549, 0.010140131451159126, 0.010140131451159126], [0.8772954539601531, 0.0809818381186482, 0.009858477401133837, 0.012147275717797229, 0.009858477401133837, 0.009858477401133837], [0.8700098387790811, 0.08718360882416912, 0.009909670357708143, 0.01307754132362537, 0.009909670357708143, 0.009909670357708143], [0.8668265440943024, 0.08989781491525584, 0.00993032291771785, 0.013484672237288374, 0.00993032291771785, 0.00993032291771785], [0.023630362776887254, 0.08824600351239137, 0.010047080023911047, 0.013236900526858704, 0.8547925731360405, 0.010047080023911047], [0.8822652975491478, 0.07710885812170648, 0.009686505203629894, 0.011566328718255971, 0.009686505203629894, 0.009686505203629894], [0.8972933417029079, 0.06451596089650269, 0.00950443442203798, 0.009677394134475402, 0.00950443442203798, 0.00950443442203798], [0.9081317064235024, 0.0537053530244728, 0.009540735138006209, 0.009540735138006209, 0.009540735138006209, 0.009540735138006209], [0.914887128541563, 0.04668173798502989, 0.009607783368351806, 0.009607783368351806, 0.009607783368351806, 0.009607783368351806], [0.9160745481105024, 0.04544323983284736, 0.009620553014162547, 0.009620553014162547, 0.009620553014162547, 0.009620553014162547], [0.9114164782678963, 0.050280862341591584, 0.009575664847628021, 0.009575664847628021, 0.009575664847628021, 0.009575664847628021], [0.013709237256448077, 0.06056206730620244, 0.009730237875580035, 0.009730237875580035, 0.8965379818106095, 0.009730237875580035], [0.8910731650182715, 0.06963882340012967, 0.00961406269052641, 0.010445823510019452, 0.00961406269052641, 0.00961406269052641], [0.883587446964006, 0.07604063176423832, 0.009655275502373295, 0.011406094764635747, 0.009655275502373295, 0.009655275502373295], [0.8840308109803291, 0.07565944053512615, 0.0096536108014253, 0.011348916080268922, 0.0096536108014253, 0.0096536108014253], [0.016848720476246335, 0.06978898985250555, 0.009813422363750064, 0.010468348477875833, 0.8832670964658722, 0.009813422363750064], [0.9046588245303975, 0.05690365787816373, 0.009609379397859705, 0.009609379397859705, 0.009609379397859705, 0.009609379397859705], [0.009776558362558429, 0.04494303297096513, 0.009776558362558429, 0.009776558362558429, 0.9159507335788012, 0.009776558362558429], [0.9276478124230277, 0.033379968244877545, 0.009743054833023672, 0.009743054833023672, 0.009743054833023672, 0.009743054833023672], [0.9353173435896471, 0.025394921633158724, 0.00982193369429854, 0.00982193369429854, 0.00982193369429854, 0.00982193369429854], [0.9392486788534234, 0.021301748859653098, 0.009862393071730863, 0.009862393071730863, 0.009862393071730863, 0.009862393071730863], [0.9387483053876744, 0.02182407801760531, 0.009856904148680061, 0.009856904148680061, 0.009856904148680061, 0.009856904148680061], [0.9328277878121913, 0.027992978569170098, 0.009794808404659643, 0.009794808404659643, 0.009794808404659643, 0.009794808404659643], [0.9202437566381968, 0.041101485313932214, 0.00966368951196775, 0.00966368951196775, 0.00966368951196775, 0.00966368951196775], [0.9004261430981517, 0.061731962126702275, 0.009460473693786478, 0.009460473693786478, 0.009460473693786478, 0.009460473693786478], [0.01139013816442902, 0.09293783382780299, 0.009693956756109467, 0.013940675074170447, 0.8623434394213787, 0.009693956756109467], [0.8217128952180262, 0.1290939432503276, 0.009943023348032348, 0.019364091487549143, 0.009943023348032348, 0.009943023348032348], [0.7531318577001428, 0.18445331524247316, 0.011582276590337665, 0.027667997286370975, 0.011582276590337665, 0.011582276590337665], [0.6970274033979222, 0.22949802384869114, 0.013016623058694264, 0.03442470357730367, 0.013016623058694264, 0.013016623058694264], [0.6815127746460266, 0.24158582282066854, 0.013554509703401522, 0.036237873423100274, 0.013554509703401522, 0.013554509703401522], [0.5337043305815411, 0.16162536311976317, 0.26141772553213805, 0.024243804467964473, 0.009504388149296597, 0.009504388149296597], [1.0, 0.0, 0.0, 0.0, 0.0, 0.0]], [[1.0, 0.0, 0.0, 0.0, 0.0, 0.0], [1.0, 0.0, 0.0, 0.0, 0.0, 0.0], [1.0, 0.0, 0.0, 0.0, 0.0, 0.0], [0.9324877214122698, 0.028301542591636385, 0.009802683999023431, 0.009802683999023431, 0.009802683999023431, 0.009802683999023431], [0.8930080871751097, 0.03938017433863373, 0.038095216093331684, 0.009838840797641642, 0.009838840797641642, 0.009838840797641642], [0.05651974833046891, 0.05296200638383915, 0.010430925961043348, 0.010430925961043348, 0.8592254674025619, 0.010430925961043348], [0.89117686129836, 0.06224779238435366, 0.01050405386697612, 0.01050405386697612, 0.01506318471635793, 0.01050405386697612], [0.892136152199507, 0.06667331428227825, 0.01029763337