{"prediction": [[[1.0, 0.0, 0.0, 0.0, 0.0, 0.0], [1.0, 0.0, 0.0, 0.0, 0.0, 0.0], [1.0, 0.0, 0.0, 0.0, 0.0, 0.0], [1.0, 0.0, 0.0, 0.0, 0.0, 0.0], [1.0, 0.0, 0.0, 0.0, 0.0, 0.0], [1.0, 0.0, 0.0, 0.0, 0.0, 0.0], [1.0, 0.0, 0.0, 0.0, 0.0, 0.0], [1.0, 0.0, 0.0, 0.0, 0.0, 0.0], [1.0, 0.0, 0.0, 0.0, 0.0, 0.0], [1.0, 0.0, 0.0, 0.0, 0.0, 0.0], [1.0, 0.0, 0.0, 0.0, 0.0, 0.0], [1.0, 0.0, 0.0, 0.0, 0.0, 0.0], [1.0, 0.0, 0.0, 0.0, 0.0, 0.0], [1.0, 0.0, 0.0, 0.0, 0.0, 0.0], [1.0, 0.0, 0.0, 0.0, 0.0, 0.0], [1.0, 0.0, 0.0, 0.0, 0.0, 0.0], [1.0, 0.0, 0.0, 0.0, 0.0, 0.0], [1.0, 0.0, 0.0, 0.0, 0.0, 0.0], [1.0, 0.0, 0.0, 0.0, 0.0, 0.0], [1.0, 0.0, 0.0, 0.0, 0.0, 0.0], [1.0, 0.0, 0.0, 0.0, 0.0, 0.0], [1.0, 0.0, 0.0, 0.0, 0.0, 0.0], [1.0, 0.0, 0.0, 0.0, 0.0, 0.0], [1.0, 0.0, 0.0, 0.0, 0.0, 0.0], [1.0, 0.0, 0.0, 0.0, 0.0, 0.0], [1.0, 0.0, 0.0, 0.0, 0.0, 0.0], [1.0, 0.0, 0.0, 0.0, 0.0, 0.0], [1.0, 0.0, 0.0, 0.0, 0.0, 0.0], [1.0, 0.0, 0.0, 0.0, 0.0, 0.0], [1.0, 0.0, 0.0, 0.0, 0.0, 0.0], [1.0, 0.0, 0.0, 0.0, 0.0, 0.0], [1.0, 0.0, 0.0, 0.0, 0.0, 0.0], [1.0, 0.0, 0.0, 0.0, 0.0, 0.0], [1.0, 0.0, 0.0, 0.0, 0.0, 0.0], [1.0, 0.0, 0.0, 0.0, 0.0, 0.0], [1.0, 0.0, 0.0, 0.0, 0.0, 0.0], [1.0, 0.0, 0.0, 0.0, 0.0, 0.0], [1.0, 0.0, 0.0, 0.0, 0.0, 0.0], [1.0, 0.0, 0.0, 0.0, 0.0, 0.0], [1.0, 0.0, 0.0, 0.0, 0.0, 0.0]], [[1.0, 0.0, 0.0, 0.0, 0.0, 0.0], [0.021080998147005505, 0.09548687795888644, 0.05914126176987969, 0.014323031693832963, 0.8003335281098182, 0.009634302320577177], [0.8009358746496477, 0.09763611981779792, 0.0677384999041577, 0.014645417972669687, 0.009522043827863503, 0.009522043827863503], [0.021133020125319733, 0.09710143849927609, 0.06215029100491757, 0.014565215774891414, 0.7953480571744257, 0.009701977421169515], [0.8514244807004517, 0.08466112794600866, 0.032344982190846014, 0.012699169191901298, 0.009435119985396135, 0.009435119985396135], [0.8867279604272917, 0.07004093963594675, 0.013864543228978728, 0.010506140945392012, 0.009430207881195331, 0.009430207881195331], [0.9053332384871514, 0.05661891679912314, 0.009511961178431368, 0.009511961178431368, 0.009511961178431368, 0.009511961178431368], [0.9127263801323865, 0.04892827780962235, 0.009586335514497784, 0.009586335514497784, 0.009586335514497784, 0.009586335514497784], [0.009726977223944017, 0.050189470333839956, 0.009726977223944017, 0.009726977223944017, 0.9109026207703841, 0.009726977223944017], [0.013675326801333241, 0.05857212655229473, 0.015731407404330894, 0.009705178604428698, 0.8926107820331838, 0.009705178604428698], [0.05134564068178066, 0.07169252281879913, 0.061151064066918434, 0.010753878422819869, 0.7952954259707533, 0.009761468038928552], [0.7807226269508692, 0.08388947302451291, 0.10123890479899485, 0.012583420953676937, 0.011771389037560488, 0.009794185234385518], [0.7425686500109098, 0.09000960249561647, 0.12651347891271772, 0.01350144037434247, 0.0176737630745365, 0.009733065131877194], [0.7596545788424993, 0.08929126030703538, 0.11500746611958157, 0.013393689046055306, 0.012942705297714494, 0.009710300387114046], [0.8000285225269206, 0.08269866969177633, 0.08547067309010627, 0.01240480045376645, 0.009698667118715143, 0.009698667118715143], [0.01953736452112542, 0.07325447821424749, 0.04121907392871582, 0.010988171732137123, 0.8453437352773077, 0.00965717632646653], [0.8824221270327037, 0.06423898250515868, 0.02469098479455578, 0.009635847375773802, 0.009506029145903976, 0.009506029145903976], [0.8992941826961065, 0.05982350718262428, 0.012363837012423773, 0.009506157702948468, 0.009506157702948468, 0.009506157702948468], [0.010470670636861162, 0.06004380292879679, 0.011708113530308392, 0.009667284635269271, 0.8984428436334952, 0.009667284635269271], [0.04366436831473046, 0.0614161867956329, 0.024130308805508937, 0.009714843174059164, 0.8513594497360093, 0.009714843174059164], [0.8640518393024061, 0.061353034450758584, 0.04561927043547561, 0.009658618603786556, 0.009658618603786556, 0.009658618603786556], [0.8628039039930467, 0.05942294538995014, 0.04860732033162673, 0.009721943428458791, 0.009721943428458791, 0.009721943428458791], [0.875487684273738, 0.05462086854675347, 0.0407248142961023, 0.009722210961135387, 0.009722210961135387, 0.009722210961135387], [1.0, 0.0, 0.0, 0.0, 0.0, 0.0], [1.0, 0.0, 0.0, 0.0, 0.0, 0.0], [1.0, 0.0, 0.0, 0.0, 0.0, 0.0], [1.0, 0.0, 0.0, 0.0, 0.0, 0.0], [1.0, 0.0, 0.0, 0.0, 0.0, 0.0], [1.0, 0.0, 0.0, 0.0, 0.0, 0.0], [0.7661430137254572, 0.07277884011848353, 0.12872463284987437, 0.012458811060068175, 0.009947351123058387, 0.009947351123058387], [0.03757297638129867, 0.07432264393041702, 0.12789741629130805, 0.011148396589562553, 0.7390059294179802, 0.010052637389433551], [0.0372221954911981, 0.07277613278717433, 0.10489442076005626, 0.013247740227943014, 0.7618742736961489, 0.009985237037479437], [0.8431986160945788, 0.070395357710689, 0.05482246468278908, 0.011983317501459204, 0.009800122005241938, 0.009800122005241938], [0.8777975949334735, 0.06891157873798753, 0.023865475151827065, 0.010336736810698131, 0.009544307183006816, 0.009544307183006816], [0.8853561779342285, 0.07005025650464611, 0.01518629197358858, 0.010507538475696916, 0.009449867555919892, 0.009449867555919892], [0.8750721137216797, 0.07219691551098117, 0.02294231482207537, 0.010829537326647177, 0.009479559309308336, 0.009479559309308336], [0.8627927727211364, 0.07279140398001001, 0.034374026194868755, 0.0109187105970015, 0.009561543253491749, 0.009561543253491749], [0.8599211719959983, 0.0698797498607427, 0.04055250992484151, 0.010481962479111406, 0.00958230286965311, 0.00958230286965311], [0.874302756549014, 0.06511200862592449, 0.03162069525580625, 0.009766801293888672, 0.00959886913768322, 0.00959886913768322], [1.0, 0.0, 0.0, 0.0, 0.0, 0.0]], [[1.0, 0.0, 0.0, 0.0, 0.0, 0.0], [0.6721972102261687, 0.11547503729575966, 0.16659156611598433, 0.017321255594363948, 0.018680624619204667, 0.009734306148518609], [0.7828838962141712, 0.1469060893557922, 0.01198111889179977, 0.022035913403368825, 0.024211863243068163, 0.01198111889179977], [0.10111190531643284, 0.14098001840036697, 0.01180024524287889, 0.021980848981833227, 0.7123267368156092, 0.01180024524287889], [0.8339653303218297, 0.11295987655494316, 0.010576868348501913, 0.0171096399755178, 0.014811416450705437, 0.010576868348501913], [0.8734922512888417, 0.08484687703962221, 0.0096446133718643, 0.012727031555943331, 0.0096446133718643, 0.0096446133718643], [0.00963257747697385, 0.0673409584567698, 0.00963257747697385, 0.010101143768515468, 0.8936601653437932, 0.00963257747697385], [0.9057084237954417, 0.05623987939810183, 0.009512924201614108, 0.009512924201614108, 0.009512924201614108, 0.009512924201614108], [0.9058186532556383, 0.05603257013289987, 0.00953719415286546, 0.00953719415286546, 0.00953719415286546, 0.00953719415286546], [0.016462669239828406, 0.06686007793016491, 0.00987325655788067, 0.010029011689524735, 0.8869017280247207, 0.00987325655788067], [0.06113523077039083, 0.08599885840856586, 0.010542339033947362, 0.012899828761284877, 0.8188814039918637, 0.010542339033947362], [0.8349970645748602, 0.10598702711392835, 0.0112153938091435, 0.01715295523751359, 0.0194321654554108, 0.0112153938091435], [0.5936975174756562, 0.17211196746989402, 0.016929590937242642, 0.08464795468621321, 0.11568337849375125, 0.016929590937242642], [0.8236191341765168, 0.11500614397872902, 0.011374876675378067, 0.01725092159680935, 0.02137404689718864, 0.011374876675378067], [0.8501628174706465, 0.10179728490894203, 0.010795718317087574, 0.015269592736341304, 0.011178868249895045, 0.010795718317087574], [0.03104529888846111, 0.08690589180757348, 0.010220452342603848, 0.013035883771136023, 0.8485720208476216, 0.010220452342603848], [0.8837281583725717, 0.07562545771837158, 0.009767521750433685, 0.011343818657755736, 0.009767521750433685, 0.009767521750433685], [0.017596042679225776, 0.07303490394884793, 0.009874513484892645, 0.01095523559232719, 0.8786647908098139, 0.009874513484892645], [0.013564823763039902, 0.07367464949516113, 0.009883977457232811, 0.011051197424274168, 0.8819413744030592, 0.009883977457232811], [0.8803532388487038, 0.07765677505184193, 0.010113823280559302, 0.011648516257776288, 0.010113823280559302, 0.010113823280559302], [0.052855329154707795, 0.0812660240360873, 0.010481776245767589, 0.012189903605413097, 0.8327251907122566, 0.010481776245767589], [0.8774380133879861, 0.07900657758472888, 0.010568140796525228, 0.011850986637709332, 0.010568140796525228, 0.010568140796525228], [0.8403816599189213, 0.067218020799706, 0.06281066570380428, 0.0100827031199559, 0.009753475228806237, 0.009753475228806237], [0.8685894196867796, 0.06065908778388465, 0.0417632324301893, 0.009662753366382155, 0.009662753366382155, 0.009662753366382155], [0.897538377167395, 0.057335335380999074, 0.016357448365393178, 0.009589613028737561, 0.009589613028737561, 0.009589613028737561], [1.0, 0.0, 0.0, 0.0, 0.0, 0.0], [0.04833128036878302, 0.06783725341868861, 0.05298794531303697, 0.010979925763293508, 0.8099620549389421, 0.009901540197255752], [0.03738139402917852, 0.0767500785968471, 0.11477527622239139, 0.013701546815475791, 0.7473637606523169, 0.010027943683790253], [0.7029620627812646, 0.08253291543793775, 0.18214501739295044, 0.012379937315690663, 0.009990033536078195, 0.009990033536078195], [0.678316954444722, 0.08486202666456798, 0.20408441040130681, 0.012729303999685197, 0.010003652244859008, 0.010003652244859008], [0.8396228061751694, 0.10249246932260968, 0.012266923473446576, 0.015995106097729358, 0.017355771457598392, 0.012266923473446576], [0.8562558593239549, 0.09363983823846708, 0.011575625931218473, 0.01537742464392258, 0.011575625931218473, 0.011575625931218473], [0.8689187585618856, 0.08562961852203732, 0.010781547761488028, 0.013106979631612895, 0.010781547761488028, 0.010781547761488028], [0.01639331833707633, 0.08209955399643933, 0.010164853923293532, 0.012314933099465897, 0.8688624867204314, 0.010164853923293532], [0.8760755492698343, 0.0823746346219264, 0.009731206971650128, 0.012356195193288962, 0.009731206971650128, 0.009731206971650128], [0.8662056984406069, 0.089921590698841, 0.010128157418575331, 0.013488238604826149, 0.010128157418575331, 0.010128157418575331], [0.08993204041371933, 0.09803767800116095, 0.010875006665322314, 0.014705651700174143, 0.7755746165543009, 0.010875006665322314], [0.09094468517772346, 0.09662331738198177, 0.0110762482246302, 0.014493497607297264, 0.7757860033837372, 0.0110762482246302], [0.7795223535159675, 0.07994694058026586, 0.10140483023527987, 0.011992041087039879, 0.017337672119693382, 0.009796162461753482], [1.0, 0.0, 0.0, 0.0, 0.0, 0.0]], [[1.0, 0.0, 0.0, 0.0, 0.0, 0.0], [0.5768974424833067, 0.1326546724721888, 0.23547328279900048, 0.019898200870828317, 0.02529929898507716, 0.009777102389598785], [0.703637969045493, 0.18991973196693152, 0.01355705947159809, 0.028487959795039725, 0.05084022024933951, 0.01355705947159809], [0.7411238295062921, 0.17677539726067626, 0.012972051584666118, 0.027088695956214538, 0.02906797410748488, 0.012972051584666118], [0.7962086892830164, 0.13926971960589868, 0.01145866473465505, 0.021793930965912547, 0.019810330675862263, 0.01145866473465505], [0.8588823744870862, 0.09728120269292437, 0.00974808080535026, 0.014592180403938655, 0.00974808080535026, 0.00974808080535026], [0.012178582365673625, 0.0760613571452709, 0.009641299336902396, 0.011409203571790637, 0.88106825824346, 0.009641299336902396], [0.8997256537049567, 0.06246796792000078, 0.009451594593760649, 0.009451594593760649, 0.009451594593760649, 0.009451594593760649], [0.9003955479072533, 0.061573011740994096, 0.009507860087938164, 0.009507860087938164, 0.009507860087938164, 0.009507860087938164], [0.04124148020018321, 0.07301805278018882, 0.00993195882418075, 0.010952707917028322, 0.854923841454238, 0.00993195882418075], [0.0749979170584066, 0.09347598999978578, 0.01069152696010828, 0.01708547935782009, 0.793057559663771, 0.01069152696010828], [0.09207258065342024, 0.11268590449467568, 0.011233735917044097, 0.019218499191413677, 0.7535555438264022, 0.011233735917044097], [0.10739174877340284, 0.12447116585345915, 0.011603769464922765, 0.01867067487801887, 0.7262588715652736, 0.011603769464922765], [0.8201458661068499, 0.11931951633937805, 0.01119578136280764, 0.017897927450906705, 0.02024512737725008, 0.01119578136280764], [0.8440851176012681, 0.1075364531343654, 0.010749320431403876, 0.01613046797015481, 0.010749320431403876, 0.010749320431403876], [0.6845189197604457, 0.10047121664960053, 0.010955403957953268, 0.05477701978976634, 0.13832203588428074, 0.010955403957953268], [0.8742456368633336, 0.08383283593087054, 0.009782200605388449, 0.01257492538963058, 0.009782200605388449, 0.009782200605388449], [0.8773793261098711, 0.0814114924273851, 0.009665819199545364, 0.012211723864107765, 0.009665819199545364, 0.009665819199545364], [0.0388287662681429, 0.0865691711524943, 0.009984609670687363, 0.012985375672874146, 0.8416474675651139, 0.009984609670687363], [0.8596545742956915, 0.09467016151375263, 0.01049157998783098, 0.014200524227062892, 0.01049157998783098, 0.01049157998783098], [0.07305192021882481, 0.10007377523540867, 0.010957788032823722, 0.015011066285311299, 0.7899476621948077, 0.010957788032823722], [0.63380320782435, 0.1173482168128886, 0.013336044631417906, 0.06668022315708953, 0.15549626294283597, 0.013336044631417906], [0.08598326080525352, 0.08612740682783904, 0.010617944993635449, 0.012919111024175855, 0.7937343313554607, 0.010617944993635449], [0.883814183443022, 0.07472602158715538, 0.010083630577249755, 0.011208903238073305, 0.010083630577249755, 0.010083630577249755], [0.8803404341221909, 0.06751967250001416, 0.022976819682532946, 0.010127950875002125, 0.009517561410130023, 0.009517561410130023], [0.010043925691388492, 0.07163080202996798, 0.029266749981127233, 0.010744620304495196, 0.8685938808909146, 0.009720021102106393], [0.8067684671524001, 0.07923740092960176, 0.0825856430286584, 0.011885610139440263, 0.009761439374949676, 0.009761439374949676], [0.053578041685257864, 0.10442640441802258, 0.0116523672748322, 0.015663960662703383, 0.8030268586843518, 0.0116523672748322], [0.8176695018305407, 0.12091422644932479, 0.012731230222365312, 0.018137133967398716, 0.01781667730800525, 0.012731230222365312], [0.6216565912780312, 0.09480015925779985, 0.2470863281973538, 0.014220023888669976, 0.012286451146912096, 0.009950446231233147], [0.3439141521677453, 0.08376629228787844, 0.42300447006185116, 0.045760366109947825, 0.09440264615058759, 0.009152073221989566], [0.7041741125320585, 0.08640024003648973, 0.17657285277532772, 0.012960036005473461, 0.00994637932532521, 0.00994637932532521], [0.8610472828774878, 0.09237422079418091, 0.010907454403068027, 0.013856133119127137, 0.010907454403068027, 0.010907454403068027], [0.8694263600515048, 0.08732136464024702, 0.010051356870737086, 0.013098204696037053, 0.010051356870737086, 0.010051356870737086], [0.8650872284113515, 0.0915557816961475, 0.009874540879359654, 0.013733367254422124, 0.009874540879359654, 0.009874540879359654], [0.08230285088585866, 0.10696452230202685, 0.010797287190170526, 0.016044678345304028, 0.7730933740864694, 0.010797287190170526], [0.8171526810405969, 0.11771179246735036, 0.011538668715462155, 0.017656768870102556, 0.02440142019102595, 0.011538668715462155], [0.796377638586419, 0.11915959112353432, 0.011961495970521978, 0.017873938668530147, 0.04266583968047247, 0.011961495970521978], [0.10216892229255232, 0.09202788306096245, 0.14924151476241934, 0.013804182459144367, 0.6329344977566228, 0.0098229996682987], [1.0, 0.0, 0.0, 0.0, 0.0, 0.0]], [[1.0, 0.0, 0.0, 0.0, 0.0, 0.0], [0.11909087432577938, 0.1375580498759154, 0.27928560660451607, 0.02063370748138731, 0.4337433377841669, 0.009688423928234971], [0.12789985290032937, 0.5639969249835359, 0.03851290276451683, 0.19256451382258416, 0.03851290276451683, 0.03851290276451683], [0.7010199886206783, 0.19398526359444299, 0.013632800541336356, 0.03234448755885684, 0.045384659143349236, 0.013632800541336356], [0.7806520028804029, 0.14794317641588928, 0.011666887076014813, 0.02585016156058184, 0.022220884991096222, 0.011666887076014813], [0.8534898342767641, 0.1018772724028519, 0.00978376748665205, 0.015281590860427782, 0.00978376748665205, 0.00978376748665205], [0.8827318167961778, 0.07745546021514815, 0.009398134652133886, 0.011618319032272222, 0.009398134652133886, 0.009398134652133886], [0.8969241804096184, 0.0650514070844951, 0.009422233814404072, 0.009757711062674264, 0.009422233814404072, 0.009422233814404072], [0.8983459202403, 0.06367701989820795, 0.00947516895892028, 0.009551552984731192, 0.00947516895892028, 0.00947516895892028], [0.03326403763127212, 0.07483116731020593, 0.009945169145606942, 0.011224675096530889, 0.8607897816707774, 0.009945169145606942], [0.09168214599245723, 0.09119779719853452, 0.010356122803134705, 0.013679669579780175, 0.7827281416229586, 0.010356122803134705], [0.8396720236360963, 0.10901646391827653, 0.01094244875570229, 0.01635246958774148, 0.013074145346481087, 0.01094244875570229], [0.08189511935178939, 0.11618488937498864, 0.01101292310333885, 0.017427733406248296, 0.762466411660296, 0.01101292310333885], [0.07869251540574268, 0.1140166207414932, 0.010913170049470773, 0.017102493111223978, 0.7683620306425986, 0.010913170049470773], [0.08227101475581072, 0.10092594205136068, 0.010225541036691484, 0.015138891307704102, 0.7812130698117415, 0.010225541036691484], [0.028216053209689368, 0.09256632631089033, 0.010040989230898502, 0.013884948946633549, 0.8452506930709898, 0.010040989230898502], [0.8725612183638537, 0.08562562271055095, 0.009656438506337581, 0.012843843406582643, 0.009656438506337581, 0.009656438506337581], [0.8713190863783606, 0.0866985903214886, 0.009659178250642438, 0.013004788548223291, 0.009659178250642438, 0.009659178250642438], [0.03404283284614158, 0.09552279489547907, 0.010136427167861341, 0.01432841923432186, 0.8358330986883349, 0.010136427167861341], [0.84726606011974, 0.10506998820715827, 0.010634484480675997, 0.015760498231073738, 0.010634484480675997, 0.010634484480675997], [0.8374018619686492, 0.10965910328682124, 0.010977379504022904, 0.016448865493023185, 0.01453541024346061, 0.010977379504022904], [0.8430760873203929, 0.1055347109895966, 0.011012134832459991, 0.01583020664843949, 0.013534725376651003, 0.011012134832459991], [0.8608665597017499, 0.09332435633775943, 0.010603476836608948, 0.013998653450663916, 0.010603476836608948, 0.010603476836608948], [0.037756177248352944, 0.08142720625008398, 0.010134709310207494, 0.012214080937512597, 0.8483331169436356, 0.010134709310207494], [0.8858343491660075, 0.07417356243516242, 0.00962201801118529, 0.011126034365274363, 0.00962201801118529, 0.00962201801118529], [0.01147576025585855, 0.0796728889311677, 0.009927018882345437, 0.011950933339675155, 0.8770463797086079, 0.009927018882345437], [0.860850720234111, 0.0934016450146926, 0.01057912933299751, 0.01401024675220389, 0.01057912933299751, 0.01057912933299751], [0.8347779733917129, 0.11318707162721046, 0.01168563141233167, 0.01697806074408157, 0.01168563141233167, 0.01168563141233167], [0.5839730175135138, 0.15920014583044437, 0.015688219028566236, 0.07844109514283118, 0.14700930345607804, 0.015688219028566236], [0.613860206631363, 0.09995196914490065, 0.24507952376498904, 0.014992795371735096, 0.016132431120380295, 0.00998307396663194], [1.0, 0.0, 0.0, 0.0, 0.0, 0.0], [0.049328489599659256, 0.08766064115265919, 0.17559359036027153, 0.013149096172898877, 0.6642738448016413, 0.00999433791286978], [0.7651457488620712, 0.08306874710067587, 0.11967863785112225, 0.01246031206510138, 0.009823277060514704, 0.009823277060514704], [0.03525305522617242, 0.08479482051314137, 0.052638123556887594, 0.013135384960984793, 0.8044236607350236, 0.009754955007790177], [0.8634689523317075, 0.09289845934304138, 0.009899273141264939, 0.013934768901456205, 0.009899273141264939, 0.009899273141264939], [0.8324301730525369, 0.11128017176825361, 0.01095232217366769, 0.0170727375060114, 0.017312273325862628, 0.01095232217366769], [0.7938916887759445, 0.12714658465261594, 0.012025089434978667, 0.01968813662393566, 0.03522341107754666, 0.012025089434978667], [0.5149533900932789, 0.2392221987015173, 0.023006860938219763, 0.11503430469109881, 0.08477638463766547, 0.023006860938219763], [0.6656925558152477, 0.09622792699760793, 0.17876964496277417, 0.014434189049641189, 0.03507609883755659, 0.009799584337172425], [1.0, 0.0, 0.0, 0.0, 0.0, 0.0]], [[1.0, 0.0, 0.0, 0.0, 0.0, 0.0], [0.5816307857553429, 0.13083716628401745, 0.2318588075317863, 0.01962557494260262, 0.026273984534368213, 0.009773680951882477], [0.7144719598005412, 0.18639522593115632, 0.013509340976857024, 0.027959283889673447, 0.04415484842491487, 0.013509340976857024], [0.7410036057086857, 0.1733131686477747, 0.012927797448436834, 0.028580571810024567, 0.03124705893664136, 0.012927797448436834], [0.8006666842565949, 0.13498813202600154, 0.011276995552909787, 0.02150368269647994, 0.020287509915103995, 0.011276995552909787], [0.8608830883337043, 0.09571964170162044, 0.009679774569810708, 0.014357946255243064, 0.009679774569810708, 0.009679774569810708], [0.01158639166801868, 0.07586225717003359, 0.009575592081762535, 0.011379338575505039, 0.8820208284229176, 0.009575592081762535], [0.8985428974827809, 0.06360018397276983, 0.009438963649511224, 0.009540027595915474, 0.009438963649511224, 0.009438963649511224], [0.8995160062651997, 0.06254561033542132, 0.009484595849844738, 0.009484595849844738, 0.009484595849844738, 0.009484595849844738], [0.8887158526930433, 0.07128821459957033, 0.009767566839150255, 0.010693232189935547, 0.009767566839150255, 0.009767566839150255], [0.8724422025810972, 0.08455105919445309, 0.010108026448427256, 0.012682658879167962, 0.010108026448427256, 0.010108026448427256], [0.6725231602632396, 0.11019702294570366, 0.011894808799523223, 0.05947404399761612, 0.1340161551943942, 0.011894808799523223], [0.0478169245457249, 0.10033878828475289, 0.010396998386049685, 0.015050818242712934, 0.8159994721547099, 0.010396998386049685], [0.8604000552910449, 0.09520367085379144, 0.010038574409031616, 0.014280550628068716, 0.010038574409031616, 0.010038574409031616], [0.8703392387269709, 0.08742290261514453, 0.009708141088537568, 0.01311343539227168, 0.009708141088537568, 0.009708141088537568], [0.02006671174334626, 0.08432989769014716, 0.0098240475865033, 0.012649484653522072, 0.8633058107399779, 0.0098240475865033], [0.8767979586983894, 0.08201547065313268, 0.009628083350169389, 0.012302320597969901, 0.009628083350169389, 0.009628083350169389], [0.8707821610191737, 0.086855775271413, 0.009777899139567111, 0.013028366290711949, 0.009777899139567111, 0.009777899139567111], [0.8579473471264041, 0.09689548650481063, 0.010207614464354572, 0.014534322975721593, 0.010207614464354572, 0.010207614464354572], [0.842729668587453, 0.1071762067983854, 0.01072201898414871, 0.01607643101975781, 0.012573655626106307, 0.01072201898414871], [0.6303538650463771, 0.12494705203770123, 0.012415968762137774, 0.06207984381068888, 0.1577873015809571, 0.012415968762137774], [0.8497012517689136, 0.10271950552084098, 0.010723772294039742, 0.015407925828126149, 0.010723772294039742, 0.010723772294039742], [0.8649535625657305, 0.09041202840890486, 0.010357534921342918, 0.01356180426133573, 0.010357534921342918, 0.010357534921342918], [0.04335875732531396, 0.07857990700718036, 0.009911057017631198, 0.011786986051077053, 0.8464522355811663, 0.009911057017631198], [0.8881148356707995, 0.07242419150585638, 0.009532448032488513, 0.010863628725878458, 0.009532448032488513, 0.009532448032488513], [0.883423782920719, 0.07625559802391516, 0.009627426450592839, 0.011438339703587274, 0.009627426450592839, 0.009627426450592839], [0.8656549568888857, 0.08993023580036699, 0.010308423980230734, 0.013489535370055048, 0.010308423980230734, 0.010308423980230734], [0.05779937568742654, 0.10770937921995262, 0.011261769474914054, 0.016156406882992892, 0.7958112992597999, 0.011261769474914054], [0.8237568506450287, 0.11924145241755303, 0.01194529410943886, 0.017886217862632954, 0.01522489085590753, 0.01194529410943886], [0.06135175687438287, 0.09748626130537903, 0.21537331720797853, 0.014622939195806855, 0.6011874203531473, 0.009978305063305427], [0.6692805230196062, 0.09029010409269717, 0.20434505040903272, 0.013543515613904574, 0.012591975777117799, 0.009948831087641507], [1.0, 0.0, 0.0, 0.0, 0.0, 0.0], [1.0, 0.0, 0.0, 0.0, 0.0, 0.0], [0.03285206560070765, 0.07819968467922941, 0.05221647963514237, 0.01172995270188441, 0.8152714401816535, 0.009730377201382619], [0.8728348316863561, 0.08503819016106544, 0.009790416542806216, 0.012755728524159817, 0.009790416542806216, 0.009790416542806216], [0.8475559869519121, 0.10189645773462162, 0.010777374639293777, 0.015284468660193241, 0.013708337374685357, 0.010777374639293777], [0.8186082699647222, 0.11449151297733007, 0.011572038463918185, 0.01717372694659951, 0.026582413183511885, 0.011572038463918185], [0.8027316540555953, 0.11663949935214848, 0.011937400308160187, 0.01749592490282227, 0.039258121073113446, 0.011937400308160187], [0.7140612285208102, 0.09114476723091479, 0.14808822391543985, 0.013671715084637218, 0.023184272284444512, 0.009849792963753325], [1.0, 0.0, 0.0, 0.0, 0.0, 0.0]], [[1.0, 0.0, 0.0, 0.0, 0.0, 0.0], [0.6832233190279261, 0.11086937011967408, 0.16121651839434176, 0.016630405517951113, 0.01828968885560133, 0.009770698084505562], [0.1141462871685052, 0.13883827649151523, 0.011868421295807882, 0.02082574147372728, 0.7024528522746366, 0.011868421295807882], [0.8002546293340874, 0.13180455746993755, 0.011568306716564189, 0.021321977085432035, 0.023482222677414573, 0.011568306716564189], [0.0, 0.0, 0.0, 0.0, 0.0, 1.0], [0.021161218292127033, 0.08362674650152149, 0.00971418802857463, 0.012544011975228224, 0.8632396471739741, 0.00971418802857463], [0.8948770336457333, 0.06688074784176348, 0.00940336877874625, 0.010032112176264521, 0.00940336877874625, 0.00940336877874625], [0.9025048258828922, 0.05957660637593835, 0.009479641935292375, 0.009479641935292375, 0.009479641935292375, 0.009479641935292375], [0.902403779597763, 0.059640843045076906, 0.009488844339290049, 0.009488844339290049, 0.009488844339290049, 0.009488844339290049], [0.02951846567392117, 0.0681291813222787, 0.00988096875483577, 0.010219377198341805, 0.8723710382957867, 0.00988096875483577], [0.882884442688412, 0.07602758535418737, 0.009894611384757524, 0.011404137803128106, 0.009894611384757524, 0.009894611384757524], [0.874577529618546, 0.08283948221731993, 0.0100523552771787, 0.01242592233259799, 0.0100523552771787, 0.0100523552771787], [0.874856393272693, 0.08292696996714188, 0.009925863755031293, 0.012439045495071282, 0.009925863755031293, 0.009925863755031293], [0.880011895296031, 0.07887371248394999, 0.009761111782475539, 0.011831056872592498, 0.009761111782475539, 0.009761111782475539], [0.887394582157907, 0.07309067896441895, 0.009517045677670375, 0.010963601844662841, 0.009517045677670375, 0.009517045677670375], [0.010347437764215588, 0.07243424440227496, 0.009697297382317843, 0.010865136660341244, 0.8869585864085324, 0.009697297382317843], [0.8860908737394587, 0.07387067575705032, 0.009652616379977786, 0.011080601363557548, 0.009652616379977786, 0.009652616379977786], [0.8775843113013095, 0.08078925459808171, 0.009836015303632172, 0.012118388189712257, 0.009836015303632172, 0.009836015303632172], [0.8632450037337243, 0.09199475589699158, 0.010320342328245169, 0.013799213384548738, 0.010320342328245169, 0.010320342328245169], [0.05870991144288614, 0.09898349295500494, 0.010524448096967287, 0.01484752394325074, 0.8064101754649236, 0.010524448096967287], [0.05804745977992547, 0.09979034782755473, 0.010610825981276698, 0.014968552174133211, 0.8059719882558332, 0.010610825981276698], [0.8661106078460518, 0.08993071766870056, 0.010156355611647535, 0.013489607650305083, 0.010156355611647535, 0.010156355611647535], [0.8794846327982374, 0.07896686125786495, 0.009901158918405954, 0.011845029188679744, 0.009901158918405954, 0.009901158918405954], [0.010623381429578365, 0.07012467824690702, 0.009776845608934385, 0.010518701737036052, 0.8891795473686098, 0.009776845608934385], [0.009766745818700523, 0.06618497432230028, 0.009685592181946102, 0.00992774614834504, 0.8947493493467619, 0.009685592181946102], [0.009731555221910597, 0.06928350068028676, 0.009731555221910597, 0.010392525102043013, 0.8911293085519384, 0.009731555221910597], [0.8813075131121786, 0.07751130067646611, 0.00985149703662847, 0.011626695101469915, 0.00985149703662847, 0.00985149703662847], [0.8638854607286486, 0.09098537627605831, 0.010493785517961433, 0.013647806441408747, 0.010493785517961433, 0.010493785517961433], [0.043902628287843644, 0.10006233893421652, 0.011002624288353937, 0.01500935084013248, 0.8190204333610994, 0.011002624288353937], [0.06099813013859346, 0.10186509954016196, 0.011416163805755107, 0.015279764931024294, 0.79902467777871, 0.011416163805755107], [0.7612091474363365, 0.0819630116998527, 0.12451953801835447, 0.012471594107516575, 0.009918354368969876, 0.009918354368969876], [0.5575358387020519, 0.06950371652715759, 0.2037582619011532, 0.04649726823383975, 0.11340546098902951, 0.00929945364676795], [1.0, 0.0, 0.0, 0.0, 0.0, 0.0], [0.8627582931603559, 0.06684967414875392, 0.0411334883217831, 0.010027451122313088, 0.009615546623396963, 0.009615546623396963], [0.8802583122630676, 0.07037387575418498, 0.0198095673941454, 0.010556081363127747, 0.009501081612737036, 0.009501081612737036], [0.10050234268583247, 0.08159880728836204, 0.01019009836377228, 0.012239821093254307, 0.7852788322050066, 0.01019009836377228], [0.8556221428067523, 0.09091056563981029, 0.010872487674883361, 0.013636584845971545, 0.01808573135769919, 0.010872487674883361], [0.09427052202936327, 0.09125948186059353, 0.011052406031028798, 0.013688922279089029, 0.7786762617688966, 0.011052406031028798], [0.07760484390116806, 0.07680488253257965, 0.10127019078900078, 0.011520732379886947, 0.7229833338237667, 0.009816016573597965], [1.0, 0.0, 0.0, 0.0, 0.0, 0.0]], [[1.0, 0.0, 0.0, 0.0, 0.0, 0.0], [0.8345726809029498, 0.08306188102470284, 0.050810762415510614, 0.012459282153705425, 0.009547696751565716, 0.009547696751565716], [0.023563602926831184, 0.09254930308904989, 0.010293308344911267, 0.013882395463357483, 0.8494180818309389, 0.010293308344911267], [0.8683686011462917, 0.08834015297483243, 0.01001340764421703, 0.013251022946224864, 0.01001340764421703, 0.01001340764421703], [0.8819402947294603, 0.07759269502913867, 0.009609368662343385, 0.0116389042543708, 0.009609368662343385, 0.009609368662343385], [0.8950186955277045, 0.06657921433842849, 0.009471735994367627, 0.009986882150764272, 0.009471735994367627, 0.009471735994367627], [0.0, 0.0, 0.0, 0.0, 0.0, 1.0], [0.0, 0.0, 0.0, 0.0, 0.0, 1.0], [0.9042603102292689, 0.05756866047116274, 0.0095427573248921, 0.0095427573248921, 0.0095427573248921, 0.0095427573248921], [0.038099748700134224, 0.0645170688782708, 0.009815471690875032, 0.009815471690875032, 0.86793676734897, 0.009815471690875032], [0.03178808996962382, 0.07045947090078927, 0.009962864461230033, 0.010568920635118391, 0.8672577895720084, 0.009962864461230033], [0.8886251035685127, 0.0712365758568345, 0.009817611398709273, 0.010685486378525176, 0.009817611398709273, 0.009817611398709273], [0.8912590054658153, 0.06904553786536453, 0.009779541996338537, 0.01035683067980468, 0.009779541996338537, 0.009779541996338537], [0.8982041472683389, 0.06351525851192735, 0.009570148554933442, 0.009570148554933442, 0.009570148554933442, 0.009570148554933442], [0.9024564468966134, 0.059517700493296716, 0.009506463152522461, 0.009506463152522461, 0.009506463152522461, 0.009506463152522461], [0.9030416610465024, 0.05889330182880663, 0.00951625928117274, 0.00951625928117274, 0.00951625928117274, 0.00951625928117274], [0.8975485664822708, 0.06354612792353924, 0.009726326398547515, 0.009726326398547515, 0.009726326398547515, 0.009726326398547515], [0.8874867566438871, 0.07182113375841061, 0.009972979844646936, 0.01077317006376159, 0.009972979844646936, 0.009972979844646936], [0.6939342176996953, 0.09082849544723914, 0.011463512898937272, 0.057317564494686356, 0.13499269656050455, 0.011463512898937272], [0.8691278604841853, 0.08675716211771176, 0.010367134360148708, 0.013013574317656762, 0.010367134360148708, 0.010367134360148708], [0.049366747334328796, 0.08548867296757613, 0.010293395437544983, 0.012823300945136422, 0.8317344878778686, 0.010293395437544983], [0.8827542804425548, 0.07620950581197469, 0.009868262624558139, 0.011431425871796205, 0.009868262624558139, 0.009868262624558139], [0.894716230918643, 0.06630739965480845, 0.009676753159442364, 0.009946109948221265, 0.009676753159442364, 0.009676753159442364], [0.9037987455623091, 0.057979465958558636, 0.009555447119783088, 0.009555447119783088, 0.009555447119783088, 0.009555447119783088], [0.9074372743751972, 0.05443202803489547, 0.00953267439747682, 0.00953267439747682, 0.00953267439747682, 0.00953267439747682], [0.9055843980908406, 0.05635272893476241, 0.009515718243599265, 0.009515718243599265, 0.009515718243599265, 0.009515718243599265], [0.8984990656164965, 0.0631072992741967, 0.009598408777326674, 0.009598408777326674, 0.009598408777326674, 0.009598408777326674], [0.012936401348164067, 0.073340888418294, 0.01000758048233162, 0.011001133262744099, 0.8827064160061345, 0.01000758048233162], [0.8795696006850099, 0.07848587484652411, 0.010057214413829103, 0.011772881226978617, 0.010057214413829103, 0.010057214413829103], [0.8756492994400887, 0.08096726473821678, 0.010412782036987292, 0.012145089710732516, 0.010412782036987292, 0.010412782036987292], [0.8801923699039322, 0.07669852187016915, 0.010534776648457735, 0.011504778280525372, 0.010534776648457735, 0.010534776648457735], [0.8309368185351589, 0.06434695016429126, 0.0753813650447058, 0.009778288751948038, 0.009778288751948038, 0.009778288751948038], [1.0, 0.0, 0.0, 0.0, 0.0, 0.0], [1.0, 0.0, 0.0, 0.0, 0.0, 0.0], [0.9048928739932834, 0.05696381866651675, 0.00953582683504994, 0.00953582683504994, 0.00953582683504994, 0.00953582683504994], [0.015387488654100157, 0.06108291977286341, 0.01672969950243288, 0.009709936765652736, 0.887380018539298, 0.009709936765652736], [0.8965011588607972, 0.06394467426608456, 0.009888541718279577, 0.009888541718279577, 0.009888541718279577, 0.009888541718279577], [0.8971670510689169, 0.06302575843037857, 0.009951797625176142, 0.009951797625176142, 0.009951797625176142, 0.009951797625176142], [0.8850511488061965, 0.05764322723745202, 0.02837829828869968, 0.009642441889217304, 0.009642441889217304, 0.009642441889217304], [1.0, 0.0, 0.0, 0.0, 0.0, 0.0]], [[1.0, 0.0, 0.0, 0.0, 0.0, 0.0], [0.8963975490076289, 0.05868034783280168, 0.016271706921199374, 0.00955013207945667, 0.00955013207945667, 0.00955013207945667], [0.8993692928269625, 0.0619213857516881, 0.009677330355337339, 0.009677330355337339, 0.009677330355337339, 0.009677330355337339], [0.8999272994924963, 0.06153730400904388, 0.00963384912461498, 0.00963384912461498, 0.00963384912461498, 0.00963384912461498], [0.9041771544558705, 0.057705573346479924, 0.009529318049412363, 0.009529318049412363, 0.009529318049412363, 0.009529318049412363], [0.009701331434215381, 0.05445056825653309, 0.009701331434215381, 0.009701331434215381, 0.9067441060066053, 0.009701331434215381], [0.9103799301941851, 0.051366835185985706, 0.00956330865495729, 0.00956330865495729, 0.00956330865495729, 0.00956330865495729], [0.0, 0.0, 0.0, 0.0, 0.0, 1.0], [0.0, 0.0, 0.0, 0.0, 0.0, 1.0], [0.8873235611604077, 0.06570168172893989, 0.01017986471024549, 0.01017986471024549, 0.016435162979915974, 0.01017986471024549], [0.8898449298022835, 0.06786551440628784, 0.010145951178841065, 0.010179827160943174, 0.011817826272803419, 0.010145951178841065], [0.8962647369628405, 0.0643046189881512, 0.009857661012252094, 0.009857661012252094, 0.009857661012252094, 0.009857661012252094], [0.9036719658953877, 0.0579041573919389, 0.009605969178168354, 0.009605969178168354, 0.009605969178168354, 0.009605969178168354], [0.9097681051140898, 0.051991233403972735, 0.009560165370484356, 0.009560165370484356, 0.009560165370484356, 0.009560165370484356], [0.913309773444093, 0.0483126721786884, 0.009594388594304606, 0.009594388594304606, 0.009594388594304606, 0.009594388594304606], [0.9134212467671231, 0.04819324672028327, 0.009596376628148424, 0.009596376628148424, 0.009596376628148424, 0.009596376628148424], [0.9081232159515211, 0.05293852390455772, 0.009734565035980282, 0.009734565035980282, 0.009734565035980282, 0.009734565035980282], [0.8998896735810809, 0.060616639166756095, 0.00987342181304075, 0.00987342181304075, 0.00987342181304075, 0.00987342181304075], [0.891045954267255, 0.06859637597692939, 0.010022737786425349, 0.01028945639653941, 0.010022737786425349, 0.010022737786425349], [0.8873602787073609, 0.07201966038994506, 0.009939037281400732, 0.010802949058491758, 0.009939037281400732, 0.009939037281400732], [0.030546428605497233, 0.07143222430218929, 0.00998843778256875, 0.010714833645328393, 0.8673296378818477, 0.00998843778256875], [0.8983864116624195, 0.06317465391786165, 0.00960973360492972, 0.00960973360492972, 0.00960973360492972, 0.00960973360492972], [0.9067107941160891, 0.054963531141020656, 0.009581418685722539, 0.009581418685722539, 0.009581418685722539, 0.009581418685722539], [0.9138568767616846, 0.04774108619694039, 0.009600509260343774, 0.009600509260343774, 0.009600509260343774, 0.009600509260343774], [0.009792997389552634, 0.04485384730379887, 0.009792997389552634, 0.009792997389552634, 0.9159741631379905, 0.009792997389552634], [0.9163424230288149, 0.04516198573238669, 0.009623897809699612, 0.009623897809699612, 0.009623897809699612, 0.009623897809699612], [0.00973979189092929, 0.05092106175750001, 0.00973979189092929, 0.00973979189092929, 0.9101197706787828, 0.00973979189092929], [0.9045503644211383, 0.05699867728814095, 0.009612739572680181, 0.009612739572680181, 0.009612739572680181, 0.009612739572680181], [0.8977774300763273, 0.06321273855222483, 0.009752457842861956, 0.009752457842861956, 0.009752457842861956, 0.009752457842861956], [0.03336836358784815, 0.06743770102485885, 0.01013297543305873, 0.01013297543305873, 0.8687950090881168, 0.01013297543305873], [0.029815300335669842, 0.06568416164999206, 0.010253456730562629, 0.010253456730562629, 0.8737401678226502, 0.010253456730562629], [0.870373563655488, 0.05713988895540911, 0.04333651143118314, 0.009716678652639947, 0.009716678652639947, 0.009716678652639947], [0.8852269919127672, 0.05144068646130153, 0.03435138111782051, 0.009660313502703589, 0.009660313502703589, 0.009660313502703589], [0.9123248438504035, 0.0475948358252315, 0.011211873891239076, 0.00962281547770861, 0.00962281547770861, 0.00962281547770861], [1.0, 0.0, 0.0, 0.0, 0.0, 0.0], [0.9153984009399432, 0.0461213078270621, 0.009620072808248692, 0.009620072808248692, 0.009620072808248692, 0.009620072808248692], [0.9158618005735057, 0.045624265469276254, 0.009628483489304474, 0.009628483489304474, 0.009628483489304474, 0.009628483489304474], [0.9169601385967684, 0.04408404469291358, 0.009738954177579537, 0.009738954177579537, 0.009738954177579537, 0.009738954177579537], [0.9205280867082015, 0.04076378508466406, 0.009677032051783599, 0.009677032051783599, 0.009677032051783599, 0.009677032051783599], [1.0, 0.0, 0.0, 0.0, 0.0, 0.0]], [[1.0, 0.0, 0.0, 0.0, 0.0, 0.0], [0.9207195940589655, 0.04059252153443782, 0.009671971101649203, 0.009671971101649203, 0.009671971101649203, 0.009671971101649203], [0.9184756231109418, 0.0429296582114921, 0.009648679669391539, 0.009648679669391539, 0.009648679669391539, 0.009648679669391539], [0.9172076546525294, 0.044255109756234104, 0.009634308897809137, 0.009634308897809137, 0.009634308897809137, 0.009634308897809137], [0.9170396206145335, 0.04443494290588467, 0.009631359119895476, 0.009631359119895476, 0.009631359119895476, 0.009631359119895476], [0.9166444779022682, 0.04484408813838671, 0.009627858489836267, 0.009627858489836267, 0.009627858489836267, 0.00962785