{"prediction": [[[1.0, 0.0, 0.0, 0.0, 0.0, 0.0], [1.0, 0.0, 0.0, 0.0, 0.0, 0.0], [1.0, 0.0, 0.0, 0.0, 0.0, 0.0], [1.0, 0.0, 0.0, 0.0, 0.0, 0.0], [1.0, 0.0, 0.0, 0.0, 0.0, 0.0], [1.0, 0.0, 0.0, 0.0, 0.0, 0.0], [1.0, 0.0, 0.0, 0.0, 0.0, 0.0], [1.0, 0.0, 0.0, 0.0, 0.0, 0.0], [1.0, 0.0, 0.0, 0.0, 0.0, 0.0], [1.0, 0.0, 0.0, 0.0, 0.0, 0.0], [1.0, 0.0, 0.0, 0.0, 0.0, 0.0], [1.0, 0.0, 0.0, 0.0, 0.0, 0.0], [1.0, 0.0, 0.0, 0.0, 0.0, 0.0], [1.0, 0.0, 0.0, 0.0, 0.0, 0.0], [1.0, 0.0, 0.0, 0.0, 0.0, 0.0], [1.0, 0.0, 0.0, 0.0, 0.0, 0.0], [1.0, 0.0, 0.0, 0.0, 0.0, 0.0], [1.0, 0.0, 0.0, 0.0, 0.0, 0.0], [1.0, 0.0, 0.0, 0.0, 0.0, 0.0], [1.0, 0.0, 0.0, 0.0, 0.0, 0.0], [1.0, 0.0, 0.0, 0.0, 0.0, 0.0], [1.0, 0.0, 0.0, 0.0, 0.0, 0.0], [1.0, 0.0, 0.0, 0.0, 0.0, 0.0], [1.0, 0.0, 0.0, 0.0, 0.0, 0.0], [1.0, 0.0, 0.0, 0.0, 0.0, 0.0], [1.0, 0.0, 0.0, 0.0, 0.0, 0.0], [1.0, 0.0, 0.0, 0.0, 0.0, 0.0], [1.0, 0.0, 0.0, 0.0, 0.0, 0.0], [1.0, 0.0, 0.0, 0.0, 0.0, 0.0], [1.0, 0.0, 0.0, 0.0, 0.0, 0.0], [1.0, 0.0, 0.0, 0.0, 0.0, 0.0], [1.0, 0.0, 0.0, 0.0, 0.0, 0.0], [1.0, 0.0, 0.0, 0.0, 0.0, 0.0], [1.0, 0.0, 0.0, 0.0, 0.0, 0.0], [1.0, 0.0, 0.0, 0.0, 0.0, 0.0], [1.0, 0.0, 0.0, 0.0, 0.0, 0.0], [1.0, 0.0, 0.0, 0.0, 0.0, 0.0], [1.0, 0.0, 0.0, 0.0, 0.0, 0.0], [1.0, 0.0, 0.0, 0.0, 0.0, 0.0], [1.0, 0.0, 0.0, 0.0, 0.0, 0.0]], [[1.0, 0.0, 0.0, 0.0, 0.0, 0.0], [0.009683543955109992, 0.06210299851768124, 0.017017106531992454, 0.009683543955109992, 0.8918292630849964, 0.009683543955109992], [0.8395694407562355, 0.0789426302930042, 0.05040084364049576, 0.011841394543950631, 0.009622845383157035, 0.009622845383157035], [0.7624185900236302, 0.09723578660382509, 0.10663825945637191, 0.014585367990573764, 0.009560997962799436, 0.009560997962799436], [0.049830799088418594, 0.11291567976674637, 0.16807742204511658, 0.016937351965011956, 0.6425879116449074, 0.00965083548979919], [0.06075650456194575, 0.11903747908570761, 0.18676291370851458, 0.017855621862856143, 0.6059314509450098, 0.0096560298359662], [0.6706296900919425, 0.11490849734949976, 0.17128057344121292, 0.017236274602424963, 0.016281793821725694, 0.009663170693194148], [0.7422023626360068, 0.10232252525118038, 0.12077909140327842, 0.015348378787677057, 0.009673820960928725, 0.009673820960928725], [0.049733764704821194, 0.0854907534790042, 0.07711850881904772, 0.012823613021850632, 0.7651398319886433, 0.009693527986633038], [0.8792257025223276, 0.06753370020726289, 0.024086453364487406, 0.010130055031089432, 0.009512044437416404, 0.009512044437416404], [0.9061356117426906, 0.0548698713641609, 0.0103686462453934, 0.009541956882585006, 0.009541956882585006, 0.009541956882585006], [0.9148378116361197, 0.04669765061643104, 0.009616134436862333, 0.009616134436862333, 0.009616134436862333, 0.009616134436862333], [0.9197819408354753, 0.04154487474678755, 0.00966829610443428, 0.00966829610443428, 0.00966829610443428, 0.00966829610443428], [0.009808961334350554, 0.03804358593275485, 0.009808961334350554, 0.009808961334350554, 0.922720568729843, 0.009808961334350554], [0.9272915072189132, 0.033728351239402383, 0.009745035385421102, 0.009745035385421102, 0.009745035385421102, 0.009745035385421102], [0.009868349459051913, 0.029791677985415446, 0.009868349459051913, 0.009868349459051913, 0.9307349241783768, 0.009868349459051913], [0.9350005665369192, 0.025719067781922046, 0.009820091420289714, 0.009820091420289714, 0.009820091420289714, 0.009820091420289714], [0.937387278306316, 0.02323907532539395, 0.009843411592072535, 0.009843411592072535, 0.009843411592072535, 0.009843411592072535], [0.009918240754083379, 0.022996919893532825, 0.009918240754083379, 0.009918240754083379, 0.9373301170901337, 0.009918240754083379], [0.9360711031694747, 0.024606014336263846, 0.009830720623565343, 0.009830720623565343, 0.009830720623565343, 0.009830720623565343], [0.9328773839125498, 0.027909113356278773, 0.009803375682792851, 0.009803375682792851, 0.009803375682792851, 0.009803375682792851], [0.9209407678660605, 0.03168589252489144, 0.017880005488424746, 0.00983111137354114, 0.00983111137354114, 0.00983111137354114], [0.057301612807036884, 0.03499889366744397, 0.046187075840154725, 0.010000119393669436, 0.8415121788980255, 0.010000119393669436], [0.8550433527885399, 0.03638652325467839, 0.07839554461322834, 0.01005819311451775, 0.01005819311451775, 0.01005819311451775], [0.849835058645113, 0.03659856099855601, 0.08080627454338381, 0.010075641268850638, 0.012608823275245918, 0.010075641268850638], [1.0, 0.0, 0.0, 0.0, 0.0, 0.0], [1.0, 0.0, 0.0, 0.0, 0.0, 0.0], [1.0, 0.0, 0.0, 0.0, 0.0, 0.0], [0.9118357899389622, 0.04822498154057778, 0.011039973862768001, 0.00963308488589731, 0.00963308488589731, 0.00963308488589731], [0.009717387421925308, 0.05430977662450796, 0.015148324626261728, 0.009717387421925308, 0.9013897364834543, 0.009717387421925308], [0.009722051584895593, 0.05770145467614403, 0.018545890871539742, 0.009722051584895593, 0.8945864996976295, 0.009722051584895593], [0.896146719392026, 0.056571954506955145, 0.018539671825268438, 0.009580551425250109, 0.009580551425250109, 0.009580551425250109], [0.9045665388794967, 0.05263486384021318, 0.013963423183326952, 0.00961172469898775, 0.00961172469898775, 0.00961172469898775], [0.009744196138339217, 0.046213551219943694, 0.009744196138339217, 0.009744196138339217, 0.9148096642266995, 0.009744196138339217], [0.9236680445429422, 0.037505758561812964, 0.009706549223811221, 0.009706549223811221, 0.009706549223811221, 0.009706549223811221], [0.009861357661229484, 0.029568842207776048, 0.009861357661229484, 0.009861357661229484, 0.930985727147306, 0.009861357661229484], [1.0, 0.0, 0.0, 0.0, 0.0, 0.0], [0.9435571979267189, 0.016795396397539453, 0.009911851418935413, 0.009911851418935413, 0.009911851418935413, 0.009911851418935413], [0.947052969454998, 0.013158317636337477, 0.009947178227166113, 0.009947178227166113, 0.009947178227166113, 0.009947178227166113], [1.0, 0.0, 0.0, 0.0, 0.0, 0.0]], [[1.0, 0.0, 0.0, 0.0, 0.0, 0.0], [0.8772960265881987, 0.06716428243079131, 0.02633437160447212, 0.010074642364618696, 0.009565338505959508, 0.009565338505959508], [0.8616401234488644, 0.09319469163848663, 0.01039532705562531, 0.013979203745772995, 0.01039532705562531, 0.01039532705562531], [0.8258058922870442, 0.12261743437658211, 0.011061352726628827, 0.018392615156487314, 0.011061352726628827, 0.011061352726628827], [0.08427106081650501, 0.15380796594794421, 0.012098027027844491, 0.02307119489219163, 0.7146537242876702, 0.012098027027844491], [0.10610052081363931, 0.16440478639682302, 0.01231200582820388, 0.024660717959523452, 0.6802099631736065, 0.01231200582820388], [0.5582598828557983, 0.20267625909484283, 0.015771709752000717, 0.07885854876000357, 0.12866188978535373, 0.015771709752000717], [0.08999497567500594, 0.1292444705209196, 0.011304787584791387, 0.019386670578137942, 0.7387643080563537, 0.011304787584791387], [0.8530626301359687, 0.10043839230320281, 0.010477739571782625, 0.015065758845480422, 0.010477739571782625, 0.010477739571782625], [0.8831477029910084, 0.07622173239610663, 0.009732434917822934, 0.011433259859415994, 0.009732434917822934, 0.009732434917822934], [0.8980506010564306, 0.06315474915159655, 0.009698662447993197, 0.009698662447993197, 0.009698662447993197, 0.009698662447993197], [0.9041809761374754, 0.05625947802291646, 0.009889886459902034, 0.009889886459902034, 0.009889886459902034, 0.009889886459902034], [0.9075645201404737, 0.052250825500550706, 0.01004616358974389, 0.01004616358974389, 0.01004616358974389, 0.01004616358974389], [0.03854037183629826, 0.04875064756749098, 0.010121658985074437, 0.010121658985074437, 0.8823440036409874, 0.010121658985074437], [0.9171524482752427, 0.04329481019819258, 0.009888185381641174, 0.009888185381641174, 0.009888185381641174, 0.009888185381641174], [0.9232009801783646, 0.03776485459322427, 0.009758541307102764, 0.009758541307102764, 0.009758541307102764, 0.009758541307102764], [0.9279717173240338, 0.03300337099958295, 0.00975622791909579, 0.00975622791909579, 0.00975622791909579, 0.00975622791909579], [0.9311333903683903, 0.029744934691194762, 0.009780418735103746, 0.009780418735103746, 0.009780418735103746, 0.009780418735103746], [0.9321248106254465, 0.02871686165209216, 0.009789581930615339, 0.009789581930615339, 0.009789581930615339, 0.009789581930615339], [0.9308579671379013, 0.03003145725113464, 0.009777643902741018, 0.009777643902741018, 0.009777643902741018, 0.009777643902741018], [0.9274307336892245, 0.03325301631891041, 0.00982906249796629, 0.00982906249796629, 0.00982906249796629, 0.00982906249796629], [0.9217245016746134, 0.037808153021341426, 0.010116836326011272, 0.010116836326011272, 0.010116836326011272, 0.010116836326011272], [0.047832817406808115, 0.04363608675366973, 0.010891287500189372, 0.010891287500189372, 0.875857233338954, 0.010891287500189372], [0.8997293010103777, 0.046943686636368366, 0.01132039184649802, 0.01132039184649802, 0.019365836813759793, 0.01132039184649802], [0.784826003249047, 0.04289562609479273, 0.13218965475165778, 0.010131035168902621, 0.01982664556669717, 0.010131035168902621], [0.8159351781712487, 0.044743500852825316, 0.10267363620576453, 0.010116255247603059, 0.01641517427495537, 0.010116255247603059], [1.0, 0.0, 0.0, 0.0, 0.0, 0.0], [0.8884903950775798, 0.053721982342537854, 0.02864550228769861, 0.009714040097394612, 0.009714040097394612, 0.009714040097394612], [0.014557288730124735, 0.06198529219672289, 0.03080168045877386, 0.009760131861177669, 0.8731354748920233, 0.009760131861177669], [0.042215725060524005, 0.07166149280889192, 0.010109503116193713, 0.01074922392133379, 0.8551545519768629, 0.010109503116193713], [0.03354212371797598, 0.07699377730633593, 0.010251656258018757, 0.01154906659595039, 0.8574117198637001, 0.010251656258018757], [0.882073248476619, 0.07599070956033419, 0.010179145176332213, 0.011398606434050128, 0.010179145176332213, 0.010179145176332213], [0.8891606377995697, 0.07005408167400042, 0.010092389425109944, 0.010508112251100061, 0.010092389425109944, 0.010092389425109944], [0.9006471448807446, 0.05983972221417578, 0.009878283226269909, 0.009878283226269909, 0.009878283226269909, 0.009878283226269909], [0.011680265104897364, 0.04951135079749054, 0.009895887415112012, 0.009895887415112012, 0.909120721852276, 0.009895887415112012], [0.919268658984202, 0.038485177136282106, 0.013079898871146666, 0.009722088336123102, 0.009722088336123102, 0.009722088336123102], [1.0, 0.0, 0.0, 0.0, 0.0, 0.0], [0.9330631129147283, 0.02306411740310862, 0.014259628985641863, 0.009871046898840424, 0.009871046898840424, 0.009871046898840424], [0.00994898085800172, 0.01841109285925259, 0.011756910791303393, 0.00994898085800172, 0.9399850537754388, 0.00994898085800172], [1.0, 0.0, 0.0, 0.0, 0.0, 0.0]], [[1.0, 0.0, 0.0, 0.0, 0.0, 0.0], [0.8735285474879696, 0.07015319111476427, 0.026691280594607927, 0.01052297866721464, 0.009552001067721748, 0.009552001067721748], [0.043383372910639866, 0.09884188090223889, 0.010573725297216886, 0.01482628213533583, 0.8218010134573516, 0.010573725297216886], [0.06234142561181307, 0.13033387099381288, 0.011314635965133333, 0.01955008064907193, 0.7651453508150354, 0.011314635965133333], [0.5517012120734456, 0.20229751594518125, 0.01536618480291342, 0.0768309240145671, 0.13843797836097926, 0.01536618480291342], [0.7698655188601364, 0.16819813074034537, 0.012202048469230661, 0.025229719611051804, 0.012302533850005085, 0.012202048469230661], [0.7770446230933383, 0.15877551722100697, 0.011990703714904766, 0.023816327583151043, 0.016382124672694096, 0.011990703714904766], [0.8182748818019374, 0.12940486446549387, 0.010969841354248224, 0.019410729669824076, 0.010969841354248224, 0.010969841354248224], [0.8502092751518764, 0.10323224901340472, 0.010357879494236057, 0.015484837352010708, 0.010357879494236057, 0.010357879494236057], [0.8787596850377996, 0.08018719622489973, 0.009675013101188627, 0.01202807943373496, 0.009675013101188627, 0.009675013101188627], [0.8900194237075466, 0.06992140513130515, 0.009856986797150809, 0.010488210769695774, 0.009856986797150809, 0.009856986797150809], [0.8950464820843843, 0.0646505720593372, 0.010075736464069604, 0.010075736464069604, 0.010075736464069604, 0.010075736464069604], [0.0846109257666995, 0.06320757793548479, 0.010435347511226272, 0.010435347511226272, 0.8208754537641368, 0.010435347511226272], [0.8967612590465673, 0.06057321640217572, 0.010531563402297777, 0.010531563402297777, 0.01107083434436365, 0.010531563402297777], [0.9027709909993182, 0.05517507371171438, 0.010346926620823932, 0.010346926620823932, 0.011013155426495592, 0.010346926620823932], [0.9120735771395778, 0.04792923789126763, 0.00999929624228864, 0.00999929624228864, 0.00999929624228864, 0.00999929624228864], [0.9192874757741915, 0.04156860894912628, 0.009785978819170565, 0.009785978819170565, 0.009785978819170565, 0.009785978819170565], [0.009834503246427033, 0.03776314342034852, 0.009834503246427033, 0.009834503246427033, 0.9228988435939435, 0.009834503246427033], [0.9254535802004943, 0.03565308570915889, 0.009723333522586725, 0.009723333522586725, 0.009723333522586725, 0.009723333522586725], [0.9247788500746053, 0.0363538913424549, 0.009716814645734947, 0.009716814645734947, 0.009716814645734947, 0.009716814645734947], [0.9215126755551664, 0.03919892548041373, 0.00982209974110501, 0.00982209974110501, 0.00982209974110501, 0.00982209974110501], [0.012797121189978536, 0.04384766488787172, 0.010221200662948873, 0.010221200662948873, 0.9126916119333032, 0.010221200662948873], [0.05164514233767933, 0.04974124384873443, 0.010988042002573962, 0.010988042002573962, 0.8656494878058644, 0.010988042002573962], [0.7777439637559282, 0.04734534146046506, 0.13504654487150822, 0.010115977286334994, 0.019632195339428418, 0.010115977286334994], [0.41090545491447084, 0.04537600706685314, 0.4032018374135634, 0.046813232777835424, 0.08434082127171012, 0.009362646555567084], [1.0, 0.0, 0.0, 0.0, 0.0, 0.0], [0.8173731269652244, 0.05825917504393403, 0.08815148671585869, 0.015328536519527482, 0.010867078066314465, 0.01002059668914094], [0.8507101008010052, 0.06579011955038423, 0.0540479636691237, 0.009868517932557634, 0.00979164902346456, 0.00979164902346456], [0.8781507148947872, 0.07924440135138028, 0.010239407850375143, 0.01188666020270704, 0.010239407850375143, 0.010239407850375143], [0.8645990974167294, 0.09038359037843573, 0.010486591216023185, 0.013557538556765359, 0.010486591216023185, 0.010486591216023185], [0.04542822985331663, 0.09795130984613865, 0.010757131418622744, 0.014692696476920796, 0.8204135009863784, 0.010757131418622744], [0.8567728140214972, 0.09667155691851148, 0.010684965174071548, 0.014500733537776722, 0.010684965174071548, 0.010684965174071548], [0.8682006628125022, 0.08756839689167681, 0.010365226920689795, 0.013135259533751519, 0.010365226920689795, 0.010365226920689795], [0.882430920729684, 0.07572507352300993, 0.010161748239618209, 0.01135876102845149, 0.010161748239618209, 0.010161748239618209], [0.8951827121426239, 0.06344225187668544, 0.010123576396062359, 0.010123576396062359, 0.011004306792503641, 0.010123576396062359], [0.8459174039523314, 0.050413281195758795, 0.06890734882612626, 0.009920696455906633, 0.014920573113970239, 0.009920696455906633], [1.0, 0.0, 0.0, 0.0, 0.0, 0.0], [1.0, 0.0, 0.0, 0.0, 0.0, 0.0], [0.9025421491604367, 0.025502697866727854, 0.03466947133847478, 0.0100022906412839, 0.0172811003517928, 0.0100022906412839], [1.0, 0.0, 0.0, 0.0, 0.0, 0.0]], [[1.0, 0.0, 0.0, 0.0, 0.0, 0.0], [0.8790799650256476, 0.06800359231214662, 0.02360514268215432, 0.010200538846821991, 0.0095553805666147, 0.0095553805666147], [0.8621564024379849, 0.09296179053079533, 0.010312512817200171, 0.013944268579619298, 0.010312512817200171, 0.010312512817200171], [0.05372626374598485, 0.12038495161774981, 0.010883970014082332, 0.01805774274266247, 0.7860631018654382, 0.010883970014082332], [0.10305635966923321, 0.14263043000605857, 0.011321215601789754, 0.021394564500908785, 0.7102762146202198, 0.011321215601789754], [0.07480433104065949, 0.15067903013653447, 0.011447924630378498, 0.022601854520480167, 0.7290189350415688, 0.011447924630378498], [0.06956115233995451, 0.1408106786578232, 0.011138520468878116, 0.021121601798673482, 0.7462295262657925, 0.011138520468878116], [0.8353207915210283, 0.11634724682985595, 0.010293291541545744, 0.017452087024478393, 0.010293291541545744, 0.010293291541545744], [0.8613456291457218, 0.09490800851414641, 0.009836720354336656, 0.01423620127712196, 0.009836720354336656, 0.009836720354336656], [0.8819317975403993, 0.07785031697141692, 0.009513445980823801, 0.01167754754571254, 0.009513445980823801, 0.009513445980823801], [0.8893497208580033, 0.07064665196909252, 0.00980220979251341, 0.010596997795363878, 0.00980220979251341, 0.00980220979251341], [0.890468459870343, 0.06857798014542199, 0.01019461787885883, 0.010286697021813299, 0.010277627204703984, 0.01019461787885883], [0.6538932025533275, 0.08275811782157189, 0.012681263743785422, 0.06340631871892712, 0.1745798334186025, 0.012681263743785422], [0.877610260046517, 0.06759435935241784, 0.01067003355679656, 0.010722337642859287, 0.02273297584461281, 0.01067003355679656], [0.07031765104956648, 0.06319080769765471, 0.010550229069000671, 0.010550229069000671, 0.8348408540457768, 0.010550229069000671], [0.9039409435274453, 0.05557807257169291, 0.01012024597521546, 0.01012024597521546, 0.01012024597521546, 0.01012024597521546], [0.910381449860268, 0.049626514983702186, 0.009998008789007421, 0.009998008789007421, 0.009998008789007421, 0.009998008789007421], [0.9158388019915951, 0.04479302595985673, 0.009842043012137074, 0.009842043012137074, 0.009842043012137074, 0.009842043012137074], [0.025414652724779625, 0.04342411169919417, 0.009986063355530045, 0.009986063355530045, 0.9012030455094362, 0.009986063355530045], [0.9178130931902863, 0.04289276483893765, 0.009823535492694031, 0.009823535492694031, 0.009823535492694031, 0.009823535492694031], [0.9164283826740967, 0.04442059181913151, 0.009787756376692967, 0.009787756376692967, 0.009787756376692967, 0.009787756376692967], [0.9116440535772605, 0.04799572515114442, 0.010090055317898744, 0.010090055317898744, 0.010090055317898744, 0.010090055317898744], [0.9039706478194633, 0.05304083020252606, 0.010747130494502625, 0.010747130494502625, 0.010747130494502625, 0.010747130494502625], [0.7866800417044315, 0.05117098916124266, 0.1242546435790843, 0.010078044234732315, 0.017738237085776924, 0.010078044234732315], [1.0, 0.0, 0.0, 0.0, 0.0, 0.0], [0.753510707544906, 0.05785978415264239, 0.15162075258821173, 0.012031808157312815, 0.014892195491461379, 0.010084752065465517], [0.7845626227223588, 0.06510160316594134, 0.11275299852769212, 0.014521594975214852, 0.013049705574685646, 0.010011475034107169], [0.05656951154824859, 0.08119913332588526, 0.010765093615524917, 0.013245286752435071, 0.8274558811423812, 0.010765093615524917], [0.8640188751513669, 0.09088966018042687, 0.010486005213714044, 0.013633449027064029, 0.010486005213714044, 0.010486005213714044], [0.05162475957477644, 0.10485668127135284, 0.010913420676947559, 0.015728502190702924, 0.8059632156092726, 0.010913420676947559], [0.8399496501611828, 0.11063862859793501, 0.010938642317063981, 0.01659579428969025, 0.010938642317063981, 0.010938642317063981], [0.6388108025475188, 0.1343971432535598, 0.013371170924688909, 0.06685585462344455, 0.13319385772609896, 0.013371170924688909], [0.8541171496520334, 0.09939447842592329, 0.01052640005271825, 0.014909171763888491, 0.01052640005271825, 0.01052640005271825], [0.868856632953213, 0.08712055863983455, 0.0103182415369924, 0.013068083795975181, 0.0103182415369924, 0.0103182415369924], [0.0711275417349727, 0.07647597157697315, 0.010537413590366326, 0.012035379247820362, 0.819286280259501, 0.010537413590366326], [0.7947993458365618, 0.06050403895431966, 0.09899125426484252, 0.013307669863689474, 0.022404570959897823, 0.00999312012068875], [1.0, 0.0, 0.0, 0.0, 0.0, 0.0], [0.7976422186595857, 0.04031990539771224, 0.11891902225926894, 0.010103368129064077, 0.022912117425304936, 0.010103368129064077], [0.8481453321601433, 0.032939350507286115, 0.08129093353296166, 0.010047221913155121, 0.01752993997329867, 0.010047221913155121], [1.0, 0.0, 0.0, 0.0, 0.0, 0.0]], [[1.0, 0.0, 0.0, 0.0, 0.0, 0.0], [0.016814956425643065, 0.06224221930772006, 0.02618881144453604, 0.009770069509382263, 0.8752138738033364, 0.009770069509382263], [0.05148855840292519, 0.07844421261160721, 0.0515370410379562, 0.011766631891741082, 0.7969700637795076, 0.009793492276262607], [0.8514311791841769, 0.10197813181313323, 0.010431323076906618, 0.015296719771969983, 0.010431323076906618, 0.010431323076906618], [0.0458028355973773, 0.11818884172081784, 0.010642116699162835, 0.017728326258122675, 0.7969957630253565, 0.010642116699162835], [0.8314855432713919, 0.11963819330103748, 0.01031017814413834, 0.017945728995155622, 0.01031017814413834, 0.01031017814413834], [0.8427104075939637, 0.11090435607750349, 0.009916527638969115, 0.016635653411625522, 0.009916527638969115, 0.009916527638969115], [0.8599394268153228, 0.0967536753721241, 0.0095979488355782, 0.014513051305818614, 0.0095979488355782, 0.0095979488355782], [0.8765139839074356, 0.08267313822000953, 0.00947063571318443, 0.01240097073300143, 0.00947063571318443, 0.00947063571318443], [0.011049166918331767, 0.07328157110782195, 0.009688797264839724, 0.010992235666173291, 0.8852994317779935, 0.009688797264839724], [0.894367583124597, 0.06647625260499539, 0.009728242126552806, 0.009971437890749307, 0.009728242126552806, 0.009728242126552806], [0.8941930126689094, 0.06562357164392212, 0.010045853921792131, 0.010045853921792131, 0.010045853921792131, 0.010045853921792131], [0.8795323900107471, 0.06792280814418553, 0.010511848935770793, 0.010511848935770793, 0.02100925503775494, 0.010511848935770793], [0.8766936836199792, 0.06733375195280976, 0.010555093924603149, 0.012935164123288174, 0.021927212454716558, 0.010555093924603149], [0.6600512395856161, 0.07194510857162988, 0.01171280905318943, 0.058564045265947155, 0.18601398847042788, 0.01171280905318943], [0.9005754715203195, 0.058667408811296305, 0.010189279917096044, 0.010189279917096044, 0.010189279917096044, 0.010189279917096044], [0.905405735781036, 0.05406441470651341, 0.010132462378112632, 0.010132462378112632, 0.010132462378112632, 0.010132462378112632], [0.9102991257749734, 0.049845164422735434, 0.009963927450572774, 0.009963927450572774, 0.009963927450572774, 0.009963927450572774], [0.9115627215080345, 0.04839408335535755, 0.010010798784151972, 0.010010798784151972, 0.010010798784151972, 0.010010798784151972], [0.9123885300528475, 0.04794727568921424, 0.00991604856448457, 0.00991604856448457, 0.00991604856448457, 0.00991604856448457], [0.024174280566719816, 0.049478108303513374, 0.009996259968214181, 0.009996259968214181, 0.8963588312251243, 0.009996259968214181], [0.015651193621727375, 0.05139445488378644, 0.01009279810773978, 0.01009279810773978, 0.9026759571712669, 0.01009279810773978], [0.9051909517300881, 0.05360064498963497, 0.010302100820069219, 0.010302100820069219, 0.010302100820069219, 0.010302100820069219], [0.04916303314796749, 0.053096749337683755, 0.11309480004401391, 0.010012507648068419, 0.7646204021741979, 0.010012507648068419], [1.0, 0.0, 0.0, 0.0, 0.0, 0.0], [0.7610908614752177, 0.059617772702630134, 0.1429369391982967, 0.010709115111630972, 0.0156303057133844, 0.010015005798840074], [0.8731455635299333, 0.07356840318596629, 0.010953246523189422, 0.01288617238022285, 0.018493367857498753, 0.010953246523189422], [0.8702839988182026, 0.08434272654449068, 0.010907288551877701, 0.012651408981673601, 0.010907288551877701, 0.010907288551877701], [0.0, 0.0, 0.0, 0.0, 0.0, 1.0], [0.6335664056595163, 0.11664309991337508, 0.012041704212330584, 0.06020852106165293, 0.16549856494079454, 0.012041704212330584], [0.8408957959872517, 0.11006275721803539, 0.010844011070669199, 0.016509413582705308, 0.010844011070669199, 0.010844011070669199], [0.06329823020230013, 0.11027718602942689, 0.010927639521737748, 0.016541577904414035, 0.7880277268203835, 0.010927639521737748], [0.8551542441644201, 0.09893757720807893, 0.010355847348763028, 0.014840636581211838, 0.010355847348763028, 0.010355847348763028], [0.8675088899634109, 0.08859639330282298, 0.010201752579447556, 0.013289458995423449, 0.010201752579447556, 0.010201752579447556], [0.8707060802054987, 0.08132901337514767, 0.010625989492816568, 0.014532603276940306, 0.012180324156780185, 0.010625989492816568], [0.7576149368558857, 0.0659718761800628, 0.12618648679857097, 0.014384465869333956, 0.025822709794058867, 0.01001952450208779], [0.30010612984064616, 0.05167004033980818, 0.5338280675825354, 0.046595183797118536, 0.05848154168046803, 0.009319036759423707], [0.7575931213686206, 0.04635126692480403, 0.14713647287665152, 0.010830601972263699, 0.0280065940079031, 0.01008194284975699], [0.05864583581299937, 0.038682258714836694, 0.10029431921240062, 0.010058257840537977, 0.7822610705786873, 0.010058257840537977], [1.0, 0.0, 0.0, 0.0, 0.0, 0.0]], [[1.0, 0.0, 0.0, 0.0, 0.0, 0.0], [1.0, 0.0, 0.0, 0.0, 0.0, 0.0], [0.8204298728601243, 0.06566223032858146, 0.08436785539837671, 0.009849334549287218, 0.00984535343181519, 0.00984535343181519], [0.8046089344164831, 0.07911865802805651, 0.08421395949143931, 0.012494077946401002, 0.009782185058810088, 0.009782185058810088], [0.06483209620118216, 0.09421096873449496, 0.0102604713925843, 0.014585964234556112, 0.8058500280445982, 0.0102604713925843], [0.015036240005946592, 0.096042655005409, 0.009961509003939615, 0.014406398250811348, 0.854591688729954, 0.009961509003939615], [0.014365069095843805, 0.0918946640216487, 0.009785963903725327, 0.013784199603247303, 0.8603841394718095, 0.009785963903725327], [0.8782831144269821, 0.08120957747870013, 0.00944195715750422, 0.01218143662180502, 0.00944195715750422, 0.00944195715750422], [0.8894110225073586, 0.07159957858441249, 0.009416487373522306, 0.010739936787661873, 0.009416487373522306, 0.009416487373522306], [0.009659052283681763, 0.06505956440594046, 0.009659052283681763, 0.00975893466089107, 0.8962043440821231, 0.009659052283681763], [0.9021868264641476, 0.05944312667887648, 0.009592511714244006, 0.009592511714244006, 0.009592511714244006, 0.009592511714244006], [0.9016308088420749, 0.058977432603771855, 0.009847939638538314, 0.009847939638538314, 0.009847939638538314, 0.009847939638538314], [0.8955628846795188, 0.060855927174930234, 0.010207421202038039, 0.010207421202038039, 0.012958924539436855, 0.010207421202038039], [0.06054523037196117, 0.061224662835015126, 0.010319474615735185, 0.010319474615735185, 0.8472716829458181, 0.010319474615735185], [0.8944378935293421, 0.05940740317710588, 0.010251487534471998, 0.010251487534471998, 0.01540024069013594, 0.010251487534471998], [0.9042060562533895, 0.05569692667192618, 0.010024254268671096, 0.010024254268671096, 0.010024254268671096, 0.010024254268671096], [0.04723336173131312, 0.053634994079581284, 0.010119599529087399, 0.010119599529087399, 0.8687728456018434, 0.010119599529087399], [0.9081290767543284, 0.05155813266081236, 0.01007819764621481, 0.01007819764621481, 0.01007819764621481, 0.01007819764621481], [0.7119785549010992, 0.0576510389907333, 0.011415220917702425, 0.05707610458851213, 0.15046385968425047, 0.011415220917702425], [0.037470932368773475, 0.05148125752006976, 0.010098933283620815, 0.010098933283620815, 0.8807510102602943, 0.010098933283620815], [0.02642464355914389, 0.05205426484981898, 0.00999358567666663, 0.00999358567666663, 0.8915403345610372, 0.00999358567666663], [0.013224966863314334, 0.05313752586333505, 0.00999680613265661, 0.00999680613265661, 0.9036470888753809, 0.00999680613265661], [0.9067312342014072, 0.05346422561053694, 0.009951135047013945, 0.009951135047013945, 0.009951135047013945, 0.009951135047013945], [0.8516132321589391, 0.053220192402851106, 0.06563212099186892, 0.009844818148780337, 0.009844818148780337, 0.009844818148780337], [1.0, 0.0, 0.0, 0.0, 0.0, 0.0], [0.5298188067902851, 0.0545104161866281, 0.24437628334700168, 0.0466290160198386, 0.11533967445227872, 0.00932580320396772], [0.8123019233495695, 0.06376851830306215, 0.09419626114703143, 0.009943755076883712, 0.00989477106172665, 0.00989477106172665], [0.877081227055443, 0.07840574947261028, 0.010797451591292643, 0.012120668698068701, 0.010797451591292643, 0.010797451591292643], [0.8700090606855486, 0.08538829625538874, 0.01050685818019488, 0.013082068518477938, 0.01050685818019488, 0.01050685818019488], [0.06862932699236189, 0.09369539144843533, 0.010614391741047632, 0.014054308717265299, 0.8023921893598422, 0.010614391741047632], [0.8568171751247575, 0.09697404823029723, 0.010554223136800201, 0.014546107234544584, 0.010554223136800201, 0.010554223136800201], [0.8593007433936218, 0.095180976715441, 0.010413711127873681, 0.01427714650731615, 0.010413711127873681, 0.010413711127873681], [0.867846968629782, 0.08848202507429191, 0.010132900844927442, 0.013272303761143788, 0.010132900844927442, 0.010132900844927442], [0.877689781579812, 0.08041677640030122, 0.009943641853280527, 0.012062516460045181, 0.009943641853280527, 0.009943641853280527], [0.8794536459796998, 0.0769289961244807, 0.010505243224022647, 0.012101628223751578, 0.010505243224022647, 0.010505243224022647], [0.8645810568755561, 0.07183717835133001, 0.011051036065326657, 0.016576554097989984, 0.024903138544470505, 0.011051036065326657], [0.865264038579018, 0.06576176617815993, 0.0116564659492914, 0.012970675345535039, 0.03269058799870427, 0.0116564659492914], [0.886277322161273, 0.05480894675801289, 0.011433666838733933, 0.012498567181557192, 0.023547830221689017, 0.011433666838733933], [0.8318153752158486, 0.04095662412415278, 0.09191083211106349, 0.01004713007528503, 0.015222908398364966, 0.01004713007528503], [1.0, 0.0, 0.0, 0.0, 0.0, 0.0]], [[1.0, 0.0, 0.0, 0.0, 0.0, 0.0], [0.835628661779888, 0.04407501233240471, 0.08745469945889779, 0.010032005915820845, 0.012777614597167886, 0.010032005915820845], [1.0, 0.0, 0.0, 0.0, 0.0, 0.0], [0.05449332397947593, 0.06434101885323766, 0.10160939290757877, 0.00993519528618586, 0.759685873687336, 0.00993519528618586], [0.044774356379864294, 0.07258888776264232, 0.07322726620123617, 0.010888333164396349, 0.78867956782077, 0.009841588671090955], [0.01589701599139568, 0.078124325321491, 0.009956115812770724, 0.01171864879822365, 0.8743477782633482, 0.009956115812770724], [0.011447639802723075, 0.07630949446530083, 0.009771991526599485, 0.011446424169795124, 0.881252458508982, 0.009771991526599485], [0.891433507604496, 0.0696788543535101, 0.009478603296322444, 0.010451828153026513, 0.009478603296322444, 0.009478603296322444], [0.8986947662413913, 0.06336764812842653, 0.009477479470306041, 0.009505147219263979, 0.009477479470306041, 0.009477479470306041], [0.9040492873811385, 0.05776945070712933, 0.009545315477933025, 0.009545315477933025, 0.009545315477933025, 0.009545315477933025], [0.9076198913846023, 0.05392325344601746, 0.009614213792345075, 0.009614213792345075, 0.009614213792345075, 0.009614213792345075], [0.9092901474510989, 0.05203984427007304, 0.009667502069707032, 0.009667502069707032, 0.009667502069707032, 0.009667502069707032], [0.909288633329803, 0.05167305689217531, 0.009759577444505408, 0.009759577444505408, 0.009759577444505408, 0.009759577444505408], [0.031665720361633586, 0.05215469032353778, 0.00996304582052993, 0.00996304582052993, 0.8862904518532387, 0.00996304582052993], [0.9096599516954239, 0.05081273889584188, 0.009881827352183566, 0.009881827352183566, 0.009881827352183566, 0.009881827352183566], [0.9113282864558868, 0.0493771564180016, 0.009823639281527904, 0.009823639281527904, 0.009823639281527904, 0.009823639281527904], [0.04885682649070206, 0.049312588012996025, 0.0099822826049248, 0.0099822826049248, 0.8718837376815276, 0.0099822826049248], [0.9111829650816795, 0.04903499702160052, 0.009945509474180003, 0.009945509474180003, 0.009945509474180003, 0.009945509474180003], [0.9095948754451403, 0.05028008035037046, 0.01003126105112231, 0.01003126105112231, 0.01003126105112231, 0.01003126105112231], [0.908821425372921, 0.051384130263424796, 0.009948611090913557, 0.009948611090913557, 0.009948611090913557, 0.009948611090913557], [0.03548099388717352, 0.0533835364295953, 0.010001448840091864, 0.010001448840091864, 0.8811311231629556, 0.010001448840091864], [0.021862235711498514, 0.0547546325514103, 0.010020435911793772, 0.010020435911793772, 0.8933218240017099, 0.010020435911793772], [0.9050811531572547, 0.05494381852893881, 0.00999375707845163, 0.00999375707845163, 0.00999375707845163, 0.00999375707845163], [0.03488398675134366, 0.05408432331002118, 0.06697529478804322, 0.009917439042425539, 0.8242215170657409, 0.009917439042425539], [0.8326635813286897, 0.0540997022903091, 0.0833058629878721, 0.009976951131043082, 0.009976951131043082, 0.009976951131043082], [1.0, 0.0, 0.0, 0.0, 0.0, 0.0], [0.043313277780682044, 0.05817485294319388, 0.09229970697910718, 0.010852985320899828, 0.7853941631814726, 0.009965013794644388], [0.06346067527310151, 0.06260476577521348, 0.08520183254258998, 0.011947843184133309, 0.766893635998753, 0.009891247226208722], [0.8867747680280237, 0.07138321084476527, 0.010378179833498757, 0.01070748162671479, 0.010378179833498757, 0.010378179833498757], [0.0, 0.0, 0.0, 0.0, 0.0, 1.0], [0.024259029841649054, 0.07646378875606079, 0.010129877746734312, 0.011469568313409118, 0.8675478575954124, 0.010129877746734312], [0.030910384901036918, 0.07480350336826948, 0.009967380266826479, 0.011220525505240421, 0.8631308256918003, 0.009967380266826479], [0.8901478164907513, 0.07022469341736892, 0.009697928693091483, 0.010533704012605338, 0.009697928693091483, 0.009697928693091483], [0.0152027332415626, 0.06763301374893571, 0.009883224486372029, 0.010144952062340357, 0.8872528519744174, 0.009883224486372029], [0.895775980960367, 0.06402953621423538, 0.010048620706349383, 0.010048620706349383, 0.010048620706349383, 0.010048620706349383], [0.8914825377235083, 0.061756184858014755, 0.010588788220995382, 0.01095212899328444, 0.01463157198320174, 0.010588788220995382], [0.8925778364097582, 0.056496590853358515, 0.010853950800404785, 0.01298217644754298, 0.016235494688530805, 0.010853950800404785], [0.9036034611401872, 0.04923632715145051, 0.010891482101146415, 0.010891482101146415, 0.014485765404923062, 0.010891482101146415], [0.8824889437514485, 0.03893473489493959, 0.045191397856708455, 0.009980547321636418, 0.013423828853630668, 0.009980547321636418], [1.0, 0.0, 0.0, 0.0, 0.0, 0.0]], [[1.0, 0.0, 0.0, 0.0, 0.0, 0.0], [0.8143516476651516, 0.03664658509049746, 0.1113242920624127, 0.010080977745848744, 0.01751551969024083, 0.010080977745848744], [0.4759030926963007, 0.041079818394526624, 0.32854851246954275, 0.04701105649154789, 0.0980553086497724, 0.009402211298309577], [1.0, 0.0, 0.0, 0.0, 0.0, 0.0], [0.827423418814599, 0.059640282803382, 0.08255549799083145, 0.009935669731392087, 0.010509460928403469, 0.009935669731392087], [0.8629189397926157, 0.06332138668883643, 0.04467584322881696, 0.009694610096576937, 0.009694610096576937, 0.009694610096576937], [0.8935618683841037, 0.06666678013352442, 0.009923778154114412, 0.010000017020028663, 0.009923778154114412, 0.009923778154114412], [0.8963267936517365, 0.06442870540590746, 0.009811125235588991, 0.009811125235588991, 0.009811125235588991, 0.009811125235588991], [0.9007160768571082, 0.060275252864554665, 0.00975216756958425, 0.00975216756958425, 0.00975216756958425, 0.00975216756958425], [0.9061273583768356, 0.05520569634216238, 0.00966673632025052, 0.00966673632025052, 0.00966673632025052, 0.00966673632025052], [0.9099204167495553, 0.051283640760621516, 0.009698985622455813, 0.009698985622455813, 0.009698985622455813, 0.009698985622455813], [0.9131357841595042, 0.0481239244680245, 0.009685072843117832, 0.009685072843117832, 0.009685072843117832, 0.009685072843117832], [0.9153115128014149, 0.04594778876418853, 0.009685174608599134, 0.009685174608599134, 0.009685174608599134, 0.009685174608599134], [0.9171355242126019, 0.04422366940149217, 0.009660201596476473, 0.009660201596476473, 0.009660201596476473, 0.009660201596476473], [0.9182584874588077, 0.04307356768002662, 0.009666986215291433, 0.009666986215291433, 0.009666986215291433, 0.009666986215291433], [0.9185425539413189, 0.042648893623250396, 0.009702138108857642, 0.009702138108857642, 0.009702138108857642, 0.009702138108857642], [0.9173502816703957, 0.04342343805609417, 0.009806570068377537, 0.009806570068377537, 0.009806570068377537, 0.009806570068377537], [0.9147647870896797, 0.04543577080648424, 0.009949860525959017, 0.009949860525959017, 0.009949860525959017, 0.009949860525959017], [0.9123636572990782, 0.047794990844442324, 0.00996033796411989, 0.00996033796411989, 0.00996033796411989, 0.00996033796411989], [0.9103008632528934, 0.05020658714181028, 0.009873137401324054, 0.009873137401324054, 0.009873137401324054, 0.009873137401324054], [0.037815282654953784, 0.05350584718231151, 0.00997730471797219, 0.00997730471797219, 0.8787469560088182, 0.00997730471797219], [0.02383948089457773, 0.05567966497757618, 0.010029225555813318, 0.010029225555813318, 0.8903931774604061, 0.010029225555813318], [0.02612191687890802, 0.057015554473327595, 0.010202004368833065, 0.010202004368833065, 0.8862565155412653, 0.010202004368833065], [0.9025130742134279, 0.05631622933008241, 0.0102926741141224, 0.0102926741141224, 0.0102926741141224, 0.0102926741141224], [0.8281108258177778, 0.0523103432508811, 0.08984590952140349, 0.009910973803312509, 0.009910973803312509, 0.009910973803312509], [0.8283242992316238, 0.05083742845668723, 0.09109999979723392, 0.009912757504818372, 0.009912757504818372, 0.009912757504818372], [1.0, 0.0, 0.0, 0.0, 0.0, 0.0], [0.857844760630177, 0.05195859840800637, 0.06049093750018662, 0.009901901153876704, 0.009901901153876704, 0.009901901153876704], [0.8766927182766061, 0.053178126352110285, 0.0408962702097164, 0.00974429505385575, 0.00974429505385575, 0.00974429505385575], [0.9054142927246486, 0.05534328276564117, 0.00981060612742758, 0.00981060612742758, 0.00981060612742758, 0.00981060612742758], [0.9057644599721881, 0.055448284827713315, 0.009696813800024667, 0.009696813800024667, 0.009696813800024667, 0.009696813800024667], [0.9067052740531103, 0.05469067238734898, 0.009651013389885166, 0.009651013389885166, 0.009651013389885166, 0.009651013389885166], [0.9084359290349738, 0.05309483252526464, 0.009617309609940373, 0.009617309609940373, 0.009617309609940373, 0.009617309609940373], [0.009759182454833764, 0.05199784607023121, 0.009759182454833764, 0.009759182454833764, 0.9089654241104337, 0.009759182454833764], [0.911718560483466, 0.049488708609688396, 0.00969818272671138, 0.00969818272671138, 0.00969818272671138, 0.00969818272671138], [0.9134428289369971, 0.047256952908005266, 0.009825054538749397, 0.009825054538749397, 0.009825054538749397, 0.009825054538749397], [0.9161647583580733, 0.04393420079197211, 0.009975260212488646, 0.009975260212488646, 0.009975260212488646, 0.009975260212488646], [0.011343704832325982, 0.039435593724136894, 0.01010872061927623, 0.01010872061927623, 0.9188945395857084, 0.01010872061927623], [0.923002847324981, 0.03345513109059876, 0.01412391803016418, 0.009806034518085415, 0.009806034518085415, 0.009806034518085415], [1.0, 0.0, 0.0, 0.0, 0.0, 0.0]], [[1.0, 0.0, 0.0, 0.0, 0.0, 0.0], [0.8351361474550508, 0.03128059538945578, 0.09726065030918557, 0.010091290731106227, 0.016140025384095334, 0.010091290731106227], [0.810571712163969, 0.0370126403179479, 0.11387042405900187, 0.010107560175022408, 0.018330103109036436, 0.010107560175022408], [0.8203483122169597, 0.04397190308783173, 0.10440525000951772, 0.01008586594557593, 0.011102802794538893, 0.01008586594557593], [1.0, 0.0, 0.0, 0.0, 0.0, 0.0], [0.8564612061908662, 0.055832885205376846, 0.058183902448411026, 0.009840668718448646, 0.009840668718448646, 0.009840668718448646], [0.8956519143420176, 0.06285970772425044, 0.010372094483432957, 0.010372094483432957, 0.010372094483432957, 0.010372094483432957]