{"prediction": [[[1.0, 0.0, 0.0, 0.0, 0.0, 0.0], [1.0, 0.0, 0.0, 0.0, 0.0, 0.0], [1.0, 0.0, 0.0, 0.0, 0.0, 0.0], [1.0, 0.0, 0.0, 0.0, 0.0, 0.0], [1.0, 0.0, 0.0, 0.0, 0.0, 0.0], [1.0, 0.0, 0.0, 0.0, 0.0, 0.0], [1.0, 0.0, 0.0, 0.0, 0.0, 0.0], [1.0, 0.0, 0.0, 0.0, 0.0, 0.0], [1.0, 0.0, 0.0, 0.0, 0.0, 0.0], [1.0, 0.0, 0.0, 0.0, 0.0, 0.0], [1.0, 0.0, 0.0, 0.0, 0.0, 0.0], [1.0, 0.0, 0.0, 0.0, 0.0, 0.0], [1.0, 0.0, 0.0, 0.0, 0.0, 0.0], [1.0, 0.0, 0.0, 0.0, 0.0, 0.0], [1.0, 0.0, 0.0, 0.0, 0.0, 0.0], [1.0, 0.0, 0.0, 0.0, 0.0, 0.0], [1.0, 0.0, 0.0, 0.0, 0.0, 0.0], [1.0, 0.0, 0.0, 0.0, 0.0, 0.0], [1.0, 0.0, 0.0, 0.0, 0.0, 0.0], [1.0, 0.0, 0.0, 0.0, 0.0, 0.0], [1.0, 0.0, 0.0, 0.0, 0.0, 0.0], [1.0, 0.0, 0.0, 0.0, 0.0, 0.0], [1.0, 0.0, 0.0, 0.0, 0.0, 0.0], [1.0, 0.0, 0.0, 0.0, 0.0, 0.0], [1.0, 0.0, 0.0, 0.0, 0.0, 0.0], [1.0, 0.0, 0.0, 0.0, 0.0, 0.0], [1.0, 0.0, 0.0, 0.0, 0.0, 0.0], [1.0, 0.0, 0.0, 0.0, 0.0, 0.0], [1.0, 0.0, 0.0, 0.0, 0.0, 0.0], [1.0, 0.0, 0.0, 0.0, 0.0, 0.0], [1.0, 0.0, 0.0, 0.0, 0.0, 0.0], [1.0, 0.0, 0.0, 0.0, 0.0, 0.0], [1.0, 0.0, 0.0, 0.0, 0.0, 0.0], [1.0, 0.0, 0.0, 0.0, 0.0, 0.0], [1.0, 0.0, 0.0, 0.0, 0.0, 0.0], [1.0, 0.0, 0.0, 0.0, 0.0, 0.0], [1.0, 0.0, 0.0, 0.0, 0.0, 0.0], [1.0, 0.0, 0.0, 0.0, 0.0, 0.0], [1.0, 0.0, 0.0, 0.0, 0.0, 0.0], [1.0, 0.0, 0.0, 0.0, 0.0, 0.0]], [[1.0, 0.0, 0.0, 0.0, 0.0, 0.0], [0.010005014711439, 0.01102929447449823, 0.010005014711439, 0.010005014711439, 0.9489506466797457, 0.010005014711439], [0.946595740510452, 0.013646575539093597, 0.009939420987613624, 0.009939420987613624, 0.009939420987613624, 0.009939420987613624], [0.9424024918963052, 0.01801632068088792, 0.009895296855701716, 0.009895296855701716, 0.009895296855701716, 0.009895296855701716], [0.009913904343648729, 0.025094741045712785, 0.009913904343648729, 0.009913904343648729, 0.9352496415796925, 0.009913904343648729], [0.92602290010084, 0.035072021036342715, 0.009726269715704344, 0.009726269715704344, 0.009726269715704344, 0.009726269715704344], [0.9129084200841243, 0.04870500819300406, 0.009596642930717877, 0.009596642930717877, 0.009596642930717877, 0.009596642930717877], [0.8820110147081035, 0.06501573569389986, 0.024106108180354666, 0.009752360354084978, 0.009557390531778433, 0.009557390531778433], [0.03842170264927088, 0.0820812926154249, 0.07180685251680212, 0.012312193892313734, 0.7856689235780748, 0.009709034748113507], [0.7731841715963007, 0.09232815028014343, 0.10138245838664908, 0.013849222542021514, 0.009627998597442629, 0.009627998597442629], [0.7500994706964843, 0.09483441561197309, 0.12159527263242902, 0.014225162341795964, 0.009622839358658816, 0.009622839358658816], [0.7833395435398437, 0.08825348699919855, 0.0959249541259992, 0.01323802304987978, 0.009621996142539464, 0.009621996142539464], [0.8312261594541215, 0.0749594879986982, 0.063344641582, 0.011243923199804728, 0.009612893882687757, 0.009612893882687757], [0.8951418083894825, 0.059336350738827405, 0.0168956495257034, 0.009542063781995593, 0.009542063781995593, 0.009542063781995593], [0.9141356312701611, 0.04743943243088325, 0.009606234074738916, 0.009606234074738916, 0.009606234074738916, 0.009606234074738916], [0.919914449049036, 0.04142745743469686, 0.009664523379066791, 0.009664523379066791, 0.009664523379066791, 0.009664523379066791], [0.9196006228154695, 0.04173160029195485, 0.009666944223143925, 0.009666944223143925, 0.009666944223143925, 0.009666944223143925], [0.8962603771965653, 0.04713395650107665, 0.023776171220292006, 0.009776684441739545, 0.013276126198586879, 0.009776684441739545], [1.0, 0.0, 0.0, 0.0, 0.0, 0.0], [1.0, 0.0, 0.0, 0.0, 0.0, 0.0], [0.05348270370805776, 0.05529867979565119, 0.07735021264881214, 0.009862639204742746, 0.7941431254379934, 0.009862639204742746], [0.07731555514748185, 0.04866112930988935, 0.03727454259464285, 0.009833101991763859, 0.8170825689644583, 0.009833101991763859], [0.9168554439184011, 0.03888657258160241, 0.015002220395538194, 0.00975192103481943, 0.00975192103481943, 0.00975192103481943], [0.931506913698023, 0.029342864202551135, 0.009787555524856476, 0.009787555524856476, 0.009787555524856476, 0.009787555524856476], [0.9386985205042782, 0.021871436378800242, 0.00985751077923039, 0.00985751077923039, 0.00985751077923039, 0.00985751077923039], [0.009960737958017095, 0.017930737578490213, 0.009960737958017095, 0.009960737958017095, 0.9422263105894415, 0.009960737958017095], [0.942422395175619, 0.017995204300354194, 0.009895600131006738, 0.009895600131006738, 0.009895600131006738, 0.009895600131006738], [0.937851633155699, 0.02275314289174543, 0.009848805988138925, 0.009848805988138925, 0.009848805988138925, 0.009848805988138925], [0.9289986183866296, 0.03195581528479286, 0.009761391582144384, 0.009761391582144384, 0.009761391582144384, 0.009761391582144384], [0.9089136676396758, 0.04480694003539458, 0.01723441607570008, 0.009681658749743142, 0.009681658749743142, 0.009681658749743142], [0.8445973477771511, 0.06042557283914274, 0.06559744739775605, 0.009793210661983347, 0.009793210661983347, 0.009793210661983347], [0.7992816739279578, 0.07437530852771557, 0.09480292002929387, 0.011156296279157336, 0.010585076111988757, 0.009798725123886678], [0.7603799270397922, 0.08359459915938353, 0.12142508648783827, 0.012539189873907529, 0.012301788936400498, 0.009759408502678042], [0.7810872831154964, 0.0860459199388807, 0.10058767980269469, 0.012906887990832104, 0.009686114576048056, 0.009686114576048056], [0.814325670732301, 0.08164613044161821, 0.07259841622844891, 0.012246919566242732, 0.00959143151569455, 0.00959143151569455], [0.8716611185140757, 0.07192082727527904, 0.02666587188167893, 0.010788124091291856, 0.009482029118837285, 0.009482029118837285], [0.00966886105430456, 0.06121948068159406, 0.012993350075437584, 0.00966886105430456, 0.8967805860800546, 0.00966886105430456], [0.009719141467803354, 0.048835125754099026, 0.009719141467803354, 0.009719141467803354, 0.9122883083746877, 0.009719141467803354], [0.009792426605725714, 0.038606350338774194, 0.009792426605725714, 0.009792426605725714, 0.9222239432383228, 0.009792426605725714], [1.0, 0.0, 0.0, 0.0, 0.0, 0.0]], [[1.0, 0.0, 0.0, 0.0, 0.0, 0.0], [0.9444391559592844, 0.015891467183967143, 0.009917344214187107, 0.009917344214187107, 0.009917344214187107, 0.009917344214187107], [0.9411615554941455, 0.019306453776634327, 0.009882997682305047, 0.009882997682305047, 0.009882997682305047, 0.009882997682305047], [0.9361600368287288, 0.02451711343829291, 0.00983071243324456, 0.00983071243324456, 0.00983071243324456, 0.00983071243324456], [0.9287277066885864, 0.0322612610128185, 0.00975275807464879, 0.00975275807464879, 0.00975275807464879, 0.00975275807464879], [0.9178963645500191, 0.04353438083860095, 0.009642313652844976, 0.009642313652844976, 0.009642313652844976, 0.009642313652844976], [0.9021969477791397, 0.05931578381265423, 0.009621817102051542, 0.009621817102051542, 0.009621817102051542, 0.009621817102051542], [0.8789501267685501, 0.0796528481512317, 0.00981636595251114, 0.011947927222684755, 0.00981636595251114, 0.00981636595251114], [0.8477172768760058, 0.10499025717771784, 0.010514642456539502, 0.015748538576657676, 0.010514642456539502, 0.010514642456539502], [0.07403490386215261, 0.12570171323948306, 0.011154446372141164, 0.018855256985922456, 0.7590992331681595, 0.011154446372141164], [0.6167532604538569, 0.17396294590910702, 0.01505590556553149, 0.07527952782765744, 0.10389245467831557, 0.01505590556553149], [0.8309451731425941, 0.11828943464939486, 0.011007325670200598, 0.017743415197409226, 0.011007325670200598, 0.011007325670200598], [0.8602911533192477, 0.09451384868559648, 0.010339306897438819, 0.014177077302839472, 0.010339306897438819, 0.010339306897438819], [0.8896865849499578, 0.07067871377810746, 0.009677631401739576, 0.010601807066716118, 0.009677631401739576, 0.009677631401739576], [0.9059904182905053, 0.055730017200470036, 0.009569891127256147, 0.009569891127256147, 0.009569891127256147, 0.009569891127256147], [0.9127578222350804, 0.04885097998653325, 0.009597799444596588, 0.009597799444596588, 0.009597799444596588, 0.009597799444596588], [0.9109030612581303, 0.05021309213461304, 0.00972096165181421, 0.00972096165181421, 0.00972096165181421, 0.00972096165181421], [0.8485504867902265, 0.05709946407292534, 0.06005800405501229, 0.009849707342506798, 0.014592630396822388, 0.009849707342506798], [0.07316065959191724, 0.0646521715652898, 0.10601929586111167, 0.009989808940261793, 0.7362861944044936, 0.009891869636925892], [0.7451191625507068, 0.06888282789101317, 0.13931922258642435, 0.010332424183651975, 0.02640553517871661, 0.009940827609487007], [0.07337036048108993, 0.06649242714356415, 0.1170887048692878, 0.009973864071534623, 0.7231644985519072, 0.009910144882616153], [0.06390006332640856, 0.06307251518187364, 0.010710867757569433, 0.010710867757569433, 0.8408948182190095, 0.010710867757569433], [0.9133776081562242, 0.046853305070944776, 0.009942271693207752, 0.009942271693207752, 0.009942271693207752, 0.009942271693207752], [0.9265777148574201, 0.03434458985087524, 0.009769423822926147, 0.009769423822926147, 0.009769423822926147, 0.009769423822926147], [0.009908194814255165, 0.025558372880407538, 0.009908194814255165, 0.009908194814255165, 0.9348088478625719, 0.009908194814255165], [0.9400571844310216, 0.02045947329542747, 0.009870835568387765, 0.009870835568387765, 0.009870835568387765, 0.009870835568387765], [0.9400745262657407, 0.020441120739334386, 0.009871088248731227, 0.009871088248731227, 0.009871088248731227, 0.009871088248731227], [0.9351654176527777, 0.025550971476521453, 0.00982090271767524, 0.00982090271767524, 0.00982090271767524, 0.00982090271767524], [0.9253589505476539, 0.03563981101357249, 0.009750309609693378, 0.009750309609693378, 0.009750309609693378, 0.009750309609693378], [0.9099064972699493, 0.05068607591092862, 0.009851856704780506, 0.009851856704780506, 0.009851856704780506, 0.009851856704780506], [0.8853528232287415, 0.07223526457532085, 0.010525540836546488, 0.010835289686298126, 0.010525540836546488, 0.010525540836546488], [0.856343253730155, 0.09395460874852536, 0.011063586051991871, 0.014093191312278803, 0.013481774105056995, 0.011063586051991871], [0.6177121015823991, 0.15704637138688315, 0.016201341015079848, 0.08100670507539924, 0.11183213992515888, 0.016201341015079848], [0.8358053653122004, 0.11354346637772461, 0.011107048044015954, 0.01703151995665869, 0.011405552265384351, 0.011107048044015954], [0.8478346518046865, 0.10494929154346867, 0.010491220973441469, 0.015742393731520303, 0.010491220973441469, 0.010491220973441469], [0.8671328300672299, 0.08984806686606558, 0.009847297678931546, 0.013477210029909837, 0.009847297678931546, 0.009847297678931546], [0.8835005000414243, 0.0759030124902676, 0.009737011864922637, 0.011385451873540139, 0.009737011864922637, 0.009737011864922637], [0.009859000945825154, 0.0622701456365882, 0.009859000945825154, 0.009859000945825154, 0.8982938505801111, 0.009859000945825154], [0.9109806448367291, 0.04848760394620487, 0.011659348708237025, 0.009624134169609682, 0.009624134169609682, 0.009624134169609682], [1.0, 0.0, 0.0, 0.0, 0.0, 0.0]], [[1.0, 0.0, 0.0, 0.0, 0.0, 0.0], [0.9368529667347346, 0.023785905246493443, 0.009840282004693002, 0.009840282004693002, 0.009840282004693002, 0.009840282004693002], [0.9326430987125973, 0.028168476155527398, 0.009797106282968818, 0.009797106282968818, 0.009797106282968818, 0.009797106282968818], [0.009855584379022028, 0.03462148275082536, 0.009855584379022028, 0.009855584379022028, 0.9259561797330864, 0.009855584379022028], [0.009796978747744113, 0.0430744911996535, 0.009796978747744113, 0.009796978747744113, 0.91773759380937, 0.009796978747744113], [0.9078033597898267, 0.05404339978037137, 0.009538310107450479, 0.009538310107450479, 0.009538310107450479, 0.009538310107450479], [0.8896092029882693, 0.07098757366960096, 0.009585029097229877, 0.010648136050440144, 0.009585029097229877, 0.009585029097229877], [0.861990058109076, 0.09413270749683846, 0.00991910942318657, 0.014119906124525768, 0.00991910942318657, 0.00991910942318657], [0.8229844726556675, 0.12549241793210714, 0.010899748907469725, 0.018823862689816073, 0.010899748907469725, 0.010899748907469725], [0.7960358928507275, 0.14754382515375397, 0.011429569407485107, 0.022131573773063094, 0.011429569407485107, 0.011429569407485107], [0.7884467247270243, 0.15361361304231452, 0.011632540091437979, 0.023042041956347178, 0.011632540091437979, 0.011632540091437979], [0.810506620823193, 0.13591179892840513, 0.011064936803047005, 0.02038676983926077, 0.011064936803047005, 0.011064936803047005], [0.04803634601779725, 0.10989291903055767, 0.010503123888135735, 0.01648393785458365, 0.8045805493207899, 0.010503123888135735], [0.8786623846070748, 0.08045303605768106, 0.009605541308863976, 0.012067955408652157, 0.009605541308863976, 0.009605541308863976], [0.8983097625981223, 0.06362382111395487, 0.009507614373609901, 0.009543573167093231, 0.009507614373609901, 0.009507614373609901], [0.9058494988751764, 0.05594959173141078, 0.009550227348353204, 0.009550227348353204, 0.009550227348353204, 0.009550227348353204], [0.9032655202784244, 0.057853803811034846, 0.009720168977635212, 0.009720168977635212, 0.009720168977635212, 0.009720168977635212], [0.8830724633343724, 0.07018589465783842, 0.010504185569691661, 0.010527884198675761, 0.01520538666973012, 0.010504185569691661], [0.8473363094958616, 0.08468709194560578, 0.011248559064043455, 0.012703063791840866, 0.032776416638604776, 0.011248559064043455], [0.5814289015336943, 0.16486363591475717, 0.020683717916778678, 0.1034185895838934, 0.1089214371340977, 0.020683717916778678], [0.8479837037958233, 0.08827477771935509, 0.0114592392404841, 0.013425285188606372, 0.027397754815246943, 0.0114592392404841], [0.8807717707686739, 0.0727971611156417, 0.01078748499748248, 0.010919574167346255, 0.013936523953373177, 0.01078748499748248], [0.9069667861437232, 0.05342188141127795, 0.009902833111249738, 0.009902833111249738, 0.009902833111249738, 0.009902833111249738], [0.009852182878742354, 0.03968083506702175, 0.009852182878742354, 0.009852182878742354, 0.9209104334180088, 0.009852182878742354], [0.009887913968736204, 0.029326677354904983, 0.009887913968736204, 0.009887913968736204, 0.9311216667701502, 0.009887913968736204], [0.9370997913587091, 0.02354145497562171, 0.009839688416417296, 0.009839688416417296, 0.009839688416417296, 0.009839688416417296], [0.9372126097261531, 0.02342324149649602, 0.009841037194337708, 0.009841037194337708, 0.009841037194337708, 0.009841037194337708], [0.932027778224107, 0.028821446096830364, 0.009787693919765698, 0.009787693919765698, 0.009787693919765698, 0.009787693919765698], [0.9218416094550426, 0.0393870924533277, 0.009692824522907447, 0.009692824522907447, 0.009692824522907447, 0.009692824522907447], [0.9057174065295895, 0.05518294392060477, 0.009774912387451418, 0.009774912387451418, 0.009774912387451418, 0.009774912387451418], [0.8797439971272867, 0.07755497373226773, 0.01035592769353515, 0.011633246059840159, 0.01035592769353515, 0.01035592769353515], [0.8527089772919114, 0.09999638063253778, 0.010765061660223401, 0.014999457094880667, 0.010765061660223401, 0.010765061660223401], [0.831308255602976, 0.11795183374405353, 0.011015711863787407, 0.01769277506160803, 0.011015711863787407, 0.011015711863787407], [0.8244955529926387, 0.12434643978297424, 0.010835347085646995, 0.018651965967446137, 0.010835347085646995, 0.010835347085646995], [0.8272942052361562, 0.12233702479226694, 0.010672738750912278, 0.01835055371884004, 0.010672738750912278, 0.010672738750912278], [0.04587412462606025, 0.11227761411305126, 0.01050316658105083, 0.016841642116957687, 0.8040002859818292, 0.01050316658105083], [0.8581454890155753, 0.09639747229615382, 0.01033247261461592, 0.01445962084442307, 0.01033247261461592, 0.01033247261461592], [0.878699979130961, 0.07878397619912456, 0.010232816080015241, 0.011817596429868684, 0.010232816080015241, 0.010232816080015241], [0.8829231468634461, 0.06018854198488821, 0.027898349406671494, 0.009663320581664692, 0.009663320581664692, 0.009663320581664692], [1.0, 0.0, 0.0, 0.0, 0.0, 0.0]], [[1.0, 0.0, 0.0, 0.0, 0.0, 0.0], [0.9261438909297548, 0.034921901802469756, 0.009733551816943853, 0.009733551816943853, 0.009733551816943853, 0.009733551816943853], [0.9201707698737301, 0.04073165891212172, 0.009774392803537015, 0.009774392803537015, 0.009774392803537015, 0.009774392803537015], [0.009865781271567536, 0.048109485196979815, 0.009865781271567536, 0.009865781271567536, 0.91242738971675, 0.009865781271567536], [0.9065212302888345, 0.05508187272631273, 0.009599224246213206, 0.009599224246213206, 0.009599224246213206, 0.009599224246213206], [0.009691694119729633, 0.06695162454937179, 0.009691694119729633, 0.010042743682405767, 0.8939305494090335, 0.009691694119729633], [0.8782713130425402, 0.08105861055539156, 0.009503761606253104, 0.012158791583308733, 0.009503761606253104, 0.009503761606253104], [0.03879917540009732, 0.10697906134986214, 0.01016050292890867, 0.016046859202479318, 0.8178538981897439, 0.01016050292890867], [0.8141949200664272, 0.13371407081665732, 0.010677966164805605, 0.020057110622498597, 0.010677966164805605, 0.010677966164805605], [0.7832848399692277, 0.15870740029594352, 0.011400549896812391, 0.023806110044391527, 0.011400549896812391, 0.011400549896812391], [0.06931748839203807, 0.1635026360366975, 0.011505913451566938, 0.02452539540550463, 0.7196426532626259, 0.011505913451566938], [0.06120445075937929, 0.14700427559421925, 0.01110828109867738, 0.022050641339132888, 0.7475240701099138, 0.01110828109867738], [0.8401016869617969, 0.11296863394765211, 0.009994794666134399, 0.016945295092147816, 0.009994794666134399, 0.009994794666134399], [0.8719381313275644, 0.08648395345023627, 0.009535107401554659, 0.01297259301753544, 0.009535107401554659, 0.009535107401554659], [0.8930584443430479, 0.06838007685761786, 0.009434822423563822, 0.01025701152864268, 0.009434822423563822, 0.009434822423563822], [0.9021321162643933, 0.059941382141941286, 0.009481625398416382, 0.009481625398416382, 0.009481625398416382, 0.009481625398416382], [0.9000103165131482, 0.061482226186210194, 0.009626864325160387, 0.009626864325160387, 0.009626864325160387, 0.009626864325160387], [0.881006824569182, 0.07412186362382409, 0.010382149628104275, 0.011118279543573613, 0.012988733007211739, 0.010382149628104275], [0.8573404850095097, 0.08807239697296676, 0.010968796421570396, 0.013210859545945013, 0.01943866562843776, 0.010968796421570396], [0.8397179593886175, 0.09644161082472207, 0.011345285364280946, 0.014466241623708308, 0.0266836174343902, 0.011345285364280946], [0.8571917992075035, 0.09142330393791841, 0.011109022745589907, 0.013713495590687762, 0.01545335577271033, 0.011109022745589907], [0.8797227298304262, 0.0768836994155601, 0.010620338613893242, 0.011532554912334014, 0.010620338613893242, 0.010620338613893242], [0.9038464348384795, 0.05704292921105591, 0.009777658987616138, 0.009777658987616138, 0.009777658987616138, 0.009777658987616138], [0.9186358337815679, 0.04270434346235162, 0.009664955689020118, 0.009664955689020118, 0.009664955689020118, 0.009664955689020118], [0.9285576593732651, 0.03243620916273717, 0.009751532865999443, 0.009751532865999443, 0.009751532865999443, 0.009751532865999443], [0.9338390830051572, 0.026938180169822277, 0.009805684206255114, 0.009805684206255114, 0.009805684206255114, 0.009805684206255114], [0.9338119207660072, 0.026967044282760144, 0.00980525873780815, 0.00980525873780815, 0.00980525873780815, 0.00980525873780815], [0.9284649494982654, 0.03253598773972142, 0.009749765690503277, 0.009749765690503277, 0.009749765690503277, 0.009749765690503277], [0.009791890514442299, 0.04375109097268402, 0.009791890514442299, 0.009791890514442299, 0.9170813469695467, 0.009791890514442299], [0.9034596937744344, 0.05810155891177457, 0.009609686828447766, 0.009609686828447766, 0.009609686828447766, 0.009609686828447766], [0.06017458599505736, 0.07849122147425285, 0.009950940429384747, 0.011773683221137927, 0.8296586284507824, 0.009950940429384747], [0.8551341044780874, 0.09932540462535916, 0.010213893400916548, 0.014898810693803872, 0.010213893400916548, 0.010213893400916548], [0.8357007429972974, 0.11597539947781635, 0.010309182534404588, 0.017396309921672452, 0.010309182534404588, 0.010309182534404588], [0.04940591765199571, 0.1286630646620317, 0.010553724817808507, 0.019299459699304758, 0.7815241083510508, 0.010553724817808507], [0.8179114377500661, 0.13076114869487618, 0.010571080416942063, 0.019614172304231427, 0.010571080416942063, 0.010571080416942063], [0.8249767250577343, 0.12451772950858173, 0.010609295335798892, 0.018677659426287258, 0.010609295335798892, 0.010609295335798892], [0.837690717919918, 0.11285906266029495, 0.010840453340247608, 0.016928859399044243, 0.010840453340247608, 0.010840453340247608], [0.8620912819866438, 0.09228100487756723, 0.010595187468051319, 0.013842150731635083, 0.010595187468051319, 0.010595187468051319], [0.840702990237567, 0.06878144174153046, 0.06087487320072269, 0.01031721626122957, 0.009661739279475204, 0.009661739279475204], [1.0, 0.0, 0.0, 0.0, 0.0, 0.0]], [[1.0, 0.0, 0.0, 0.0, 0.0, 0.0], [0.9010654249648992, 0.04945191047895005, 0.02047118575235941, 0.009670492934597133, 0.009670492934597133, 0.009670492934597133], [0.9013711367654701, 0.058445959453531385, 0.010045725945249613, 0.010045725945249613, 0.010045725945249613, 0.010045725945249613], [0.8942401368015146, 0.06567762414198142, 0.01002055976412599, 0.01002055976412599, 0.01002055976412599, 0.01002055976412599], [0.8883315688564651, 0.07146772139308047, 0.009826850513830797, 0.01072015820896207, 0.009826850513830797, 0.009826850513830797], [0.8822301622846612, 0.07755209628434889, 0.009528308996112527, 0.011632814442652335, 0.009528308996112527, 0.009528308996112527], [0.8703278398948857, 0.08821240907012819, 0.009409296558155622, 0.013231861360519228, 0.009409296558155622, 0.009409296558155622], [0.8449189367104285, 0.10901892346218413, 0.009903100436019961, 0.01635283851932762, 0.009903100436019961, 0.009903100436019961], [0.8152934313158804, 0.13330072195984302, 0.010470246143433403, 0.019995108293976452, 0.010470246143433403, 0.010470246143433403], [0.6047663535455171, 0.1902285639018287, 0.013602242130461463, 0.06801121065230732, 0.10978938763942378, 0.013602242130461463], [0.782271418703663, 0.16001405135233215, 0.01123747408038499, 0.02400210770284982, 0.01123747408038499, 0.01123747408038499], [0.8011852512126553, 0.14451824108737427, 0.010872923845621451, 0.02167773616310614, 0.010872923845621451, 0.010872923845621451], [0.043600640976773644, 0.11750397152699917, 0.010306524634138845, 0.017625595729049877, 0.8006567424988996, 0.010306524634138845], [0.869075041758834, 0.08866145291964496, 0.009654762461191482, 0.013299217937946745, 0.009654762461191482, 0.009654762461191482], [0.009642040231907425, 0.070758206003185, 0.009642040231907425, 0.01061373090047775, 0.889701942400615, 0.009642040231907425], [0.009667214909182882, 0.06150744168185758, 0.009667214909182882, 0.009667214909182882, 0.8998236986814109, 0.009667214909182882], [0.9010483481841238, 0.060775010444207855, 0.009544160342917057, 0.009544160342917057, 0.009544160342917057, 0.009544160342917057], [0.08093386529716023, 0.0704350952675648, 0.009959929885215515, 0.010565264290134721, 0.8181459153747092, 0.009959929885215515], [0.8727698078479064, 0.0829159286330997, 0.010441911958299977, 0.012437389294964954, 0.01099305030742902, 0.010441911958299977], [0.0693550847996687, 0.08968015491886189, 0.010637922781302567, 0.013452023237829283, 0.8062368914810351, 0.010637922781302567], [0.060716069298984696, 0.08655699589479711, 0.010530298431091085, 0.012983549384219566, 0.8186827885598164, 0.010530298431091085], [0.8856118755411824, 0.07333996863579895, 0.010015720175882922, 0.011000995295369841, 0.010015720175882922, 0.010015720175882922], [0.9032128818762738, 0.05816148212212939, 0.00965640900039919, 0.00965640900039919, 0.00965640900039919, 0.00965640900039919], [0.9161885956103291, 0.04530678425916621, 0.009626155032626208, 0.009626155032626208, 0.009626155032626208, 0.009626155032626208], [0.9252191789139708, 0.03591548890706861, 0.009716333044740174, 0.009716333044740174, 0.009716333044740174, 0.009716333044740174], [0.9298720015215417, 0.03107058060783898, 0.009764354467654847, 0.009764354467654847, 0.009764354467654847, 0.009764354467654847], [0.009884245470402193, 0.03194057034924087, 0.009884245470402193, 0.009884245470402193, 0.9285224477691504, 0.009884245470402193], [0.9239875452884915, 0.03719438396647094, 0.009704517686259396, 0.009704517686259396, 0.009704517686259396, 0.009704517686259396], [0.009761482122417097, 0.04805294363361072, 0.009761482122417097, 0.009761482122417097, 0.912901127876721, 0.009761482122417097], [0.9007306534158083, 0.061059501473478786, 0.009552461277678226, 0.009552461277678226, 0.009552461277678226, 0.009552461277678226], [0.8827885043072639, 0.07704310029851191, 0.009537310116482494, 0.011556465044776787, 0.009537310116482494, 0.009537310116482494], [0.032845719916740325, 0.09634441214728079, 0.009864326927124424, 0.01445166182209212, 0.8366295522596379, 0.009864326927124424], [0.8443088659518407, 0.10982981581349702, 0.009795615287545894, 0.01647447237202455, 0.009795615287545894, 0.009795615287545894], [0.8308547473593332, 0.12111928040474065, 0.009952693391738342, 0.018167892060711097, 0.009952693391738342, 0.009952693391738342], [0.05849440025846942, 0.13276368239090047, 0.0106733968271268, 0.019914552358635068, 0.7674805713377414, 0.0106733968271268], [0.8168348766684953, 0.13067169020357877, 0.010964226532463024, 0.019600753530536818, 0.010964226532463024, 0.010964226532463024], [0.6150015232602459, 0.1717476962925277, 0.016089124492083443, 0.08044562246041721, 0.10062690900264215, 0.016089124492083443], [0.07299573281802722, 0.09809092236121504, 0.010893291510517598, 0.014713638354182256, 0.7924131234455403, 0.010893291510517598], [0.8279801557829477, 0.07162663753438549, 0.07030786208898177, 0.010743995630157823, 0.009670674481763682, 0.009670674481763682], [1.0, 0.0, 0.0, 0.0, 0.0, 0.0]], [[1.0, 0.0, 0.0, 0.0, 0.0, 0.0], [0.8564327895884062, 0.0665134553296313, 0.04788218494021338, 0.009977018299444694, 0.009597275921152166, 0.009597275921152166], [0.8772025201224259, 0.07990072895446179, 0.010303880526647654, 0.01198510934316927, 0.010303880526647654, 0.010303880526647654], [0.8677638497153091, 0.08791402661269015, 0.010378339893365743, 0.013187103991903523, 0.010378339893365743, 0.010378339893365743], [0.8673349124206396, 0.08928735482309982, 0.009994876510931814, 0.013393103223464974, 0.009994876510931814, 0.009994876510931814], [0.03882579300360208, 0.0915149824997982, 0.009829460664377279, 0.013727247374969729, 0.8362730557928755, 0.009829460664377279], [0.01234098869829341, 0.09554064820740378, 0.009633978696419661, 0.014331097231110567, 0.858519308470353, 0.009633978696419661], [0.8494296420358965, 0.10568251680767674, 0.009678487878425094, 0.015852377521151508, 0.009678487878425094, 0.009678487878425094], [0.04999679252814838, 0.1252946927118821, 0.010323224368160192, 0.018794203906782315, 0.7852678621168667, 0.010323224368160192], [0.802977483564181, 0.14286035113392584, 0.010911037543934785, 0.021429052670088874, 0.010911037543934785, 0.010911037543934785], [0.0757440806428602, 0.1471169757608853, 0.011084499606272225, 0.022067546364132797, 0.7329023980195772, 0.011084499606272225], [0.8093607279594217, 0.13700678930785054, 0.011027154778850065, 0.020551018396177578, 0.011027154778850065, 0.011027154778850065], [0.843059483064487, 0.10976440377231642, 0.010237150865783057, 0.016464660565847458, 0.010237150865783057, 0.010237150865783057], [0.8719017641289323, 0.08567232169662876, 0.00985835530664823, 0.012850848254494314, 0.00985835530664823, 0.00985835530664823], [0.009694046063566192, 0.06751548180279593, 0.009694046063566192, 0.01012732227041939, 0.8932750577360861, 0.009694046063566192], [0.904789789430504, 0.057189467492365614, 0.009505185769282552, 0.009505185769282552, 0.009505185769282552, 0.009505185769282552], [0.904986468080025, 0.05691087486304697, 0.009525664264231983, 0.009525664264231983, 0.009525664264231983, 0.009525664264231983], [0.897310293549923, 0.06393989564895704, 0.009687452700280015, 0.009687452700280015, 0.009687452700280015, 0.009687452700280015], [0.8855214859314504, 0.0736476345366081, 0.009927911450483455, 0.011047145180491214, 0.009927911450483455, 0.009927911450483455], [0.8783111376934452, 0.07963511822195331, 0.010036158783769527, 0.011945267733292995, 0.010036158783769527, 0.010036158783769527], [0.8801151963497246, 0.07824609605339916, 0.009967264396288837, 0.011736914408009875, 0.009967264396288837, 0.009967264396288837], [0.040556472074070975, 0.07075138631710233, 0.009883225992336106, 0.010612707947565352, 0.8583129816765891, 0.009883225992336106], [0.013520033960434585, 0.05955135147799892, 0.009769176651481623, 0.009769176651481623, 0.8976210846071215, 0.009769176651481623], [0.009750131934469681, 0.04869909528089019, 0.009750131934469681, 0.009750131934469681, 0.9123003769812311, 0.009750131934469681], [0.9211582255218826, 0.04014154211027981, 0.009675058091959395, 0.009675058091959395, 0.009675058091959395, 0.009675058091959395], [0.9247711855156889, 0.036379037096317, 0.009712444346998535, 0.009712444346998535, 0.009712444346998535, 0.009712444346998535], [0.9237555032690484, 0.037433085841575654, 0.009702852722343962, 0.009702852722343962, 0.009702852722343962, 0.009702852722343962], [0.9183312024699376, 0.04307252523393275, 0.009649068074032407, 0.009649068074032407, 0.009649068074032407, 0.009649068074032407], [0.9088066120817675, 0.05268084542263634, 0.009628135623899053, 0.009628135623899053, 0.009628135623899053, 0.009628135623899053], [0.8969162215506328, 0.0646465757623582, 0.00958007210755176, 0.00969698636435373, 0.00958007210755176, 0.00958007210755176], [0.88208388745997, 0.07766157281681568, 0.00953510126689734, 0.011649235922522353, 0.00953510126689734, 0.00953510126689734], [0.025932399791252482, 0.09394858789256992, 0.009881355019154716, 0.014092288183885488, 0.8462640140939827, 0.009881355019154716], [0.8501097737663067, 0.10473241528006821, 0.009815982887204939, 0.01570986229201023, 0.009815982887204939, 0.009815982887204939], [0.8378336006182405, 0.11484051921614519, 0.010033267427730839, 0.017226077882421777, 0.010033267427730839, 0.010033267427730839], [0.8284572861614024, 0.12188385400249543, 0.010458760578575973, 0.018282578100374314, 0.010458760578575973, 0.010458760578575973], [0.8296903163061633, 0.12005974624646326, 0.010746991836801294, 0.01800896193696949, 0.010746991836801294, 0.010746991836801294], [0.8421877861409156, 0.10890276591170536, 0.010858011020207722, 0.016335414886755804, 0.010858011020207722, 0.010858011020207722], [0.8648618493276767, 0.08987667615986883, 0.01059332436282474, 0.013481501423980323, 0.01059332436282474, 0.01059332436282474], [0.8443189708019603, 0.06769134397538443, 0.05848593210308995, 0.010153701596307662, 0.009675025761628802, 0.009675025761628802], [1.0, 0.0, 0.0, 0.0, 0.0, 0.0]], [[1.0, 0.0, 0.0, 0.0, 0.0, 0.0], [0.8163234065106028, 0.084819463210553, 0.06708022217847132, 0.01272291948158295, 0.009526994309394979, 0.009526994309394979], [0.05697761870683282, 0.10445824364027231, 0.010619691508563936, 0.015668736546040847, 0.8016560180897262, 0.010619691508563936], [0.6465843973883687, 0.13963814564887206, 0.013300180613682747, 0.06650090306841375, 0.12067619266697993, 0.013300180613682747], [0.8446579565461131, 0.10847109148169369, 0.010200096083313034, 0.016270663722254053, 0.010200096083313034, 0.010200096083313034], [0.8552392740865726, 0.10064754455922524, 0.009672016556772786, 0.015097131683883786, 0.009672016556772786, 0.009672016556772786], [0.8630030324702529, 0.09491563841405654, 0.009281327784527414, 0.014237345762108479, 0.009281327784527414, 0.009281327784527414], [0.8588548956929619, 0.09815414542802617, 0.009422612354935984, 0.014723121814203924, 0.009422612354935984, 0.009422612354935984], [0.8468771702776974, 0.10754578326406633, 0.00981505965620872, 0.01613186748960995, 0.00981505965620872, 0.00981505965620872], [0.06402513134731545, 0.12120628701919128, 0.010550183194549558, 0.01818094305287869, 0.7754872721915155, 0.010550183194549558], [0.8237251611477026, 0.12502273144238651, 0.01083289923118433, 0.018753409716357975, 0.01083289923118433, 0.01083289923118433], [0.6383107445591343, 0.1460104794353759, 0.013485438265333823, 0.06742719132666912, 0.12128070814815291, 0.013485438265333823], [0.06780840014642978, 0.0987479100799782, 0.010485130722642259, 0.01481218651199673, 0.7976612418163107, 0.010485130722642259], [0.8820593011633249, 0.0766340214228201, 0.00993719140014406, 0.011495103213423013, 0.00993719140014406, 0.00993719140014406], [0.009730857546897433, 0.06071045369912389, 0.009730857546897433, 0.009730857546897433, 0.9003661161132864, 0.009730857546897433], [0.009737649285270322, 0.05273879660604272, 0.009737649285270322, 0.009737649285270322, 0.9083106062528761, 0.009737649285270322], [0.9102738446041134, 0.05144958673781168, 0.009569142164518716, 0.009569142164518716, 0.009569142164518716, 0.009569142164518716], [0.9027867426160808, 0.05809218046417069, 0.009780269229937133, 0.009780269229937133, 0.009780269229937133, 0.009780269229937133], [0.8931270856160731, 0.06692378606662973, 0.009970186802434198, 0.010038567909994458, 0.009970186802434198, 0.009970186802434198], [0.8849056880442387, 0.07366803194463023, 0.010125358406478812, 0.011050204791694536, 0.010125358406478812, 0.010125358406478812], [0.03992045186812519, 0.07482980521217572, 0.010163826489309986, 0.011224470781826356, 0.8536976191592528, 0.010163826489309986], [0.032230240657063224, 0.06971650495910563, 0.010041826196207497, 0.010457475743865843, 0.8675121262475504, 0.010041826196207497], [0.9018492931058217, 0.059606377000366376, 0.009636082473452993, 0.009636082473452993, 0.009636082473452993, 0.009636082473452993], [0.009801663714248818, 0.05247747355613712, 0.009801663714248818, 0.009801663714248818, 0.9083158715868676, 0.009801663714248818], [0.91610932396142, 0.04532235709455347, 0.009642079736006651, 0.009642079736006651, 0.009642079736006651, 0.009642079736006651], [0.009796752918113374, 0.04320951644721521, 0.009796752918113374, 0.009796752918113374, 0.9176034718803314, 0.009796752918113374], [0.9173247210340006, 0.044091303481697104, 0.009645993871075563, 0.009645993871075563, 0.009645993871075563, 0.009645993871075563], [0.057769391409095185, 0.050974034791600425, 0.00988589560332104, 0.00988589560332104, 0.8615988869893412, 0.00988589560332104], [0.8992045715885837, 0.060659746193978674, 0.010033920554359381, 0.010033920554359381, 0.010033920554359381, 0.010033920554359381], [0.8879811609696496, 0.07116645504928287, 0.010059138574558323, 0.010674968257392432, 0.010059138574558323, 0.010059138574558323], [0.05183255312531844, 0.08155033615904708, 0.01006870725715469, 0.012232550423857062, 0.8342471457774681, 0.01006870725715469], [0.86668164345399, 0.0899200376123537, 0.009970104430601067, 0.013488005641853054, 0.009970104430601067, 0.009970104430601067], [0.858697693902754, 0.0969400610110382, 0.009940411978184065, 0.014541009151655732, 0.009940411978184065, 0.009940411978184065], [0.674860769927259, 0.11811079915328332, 0.011585034497159466, 0.05792517248579732, 0.1259331894393415, 0.011585034497159466], [0.8492405435671586, 0.10442711653488816, 0.010222757472573337, 0.01566406748023322, 0.010222757472573337, 0.010222757472573337], [0.8522949938546497, 0.10122716301956641, 0.01043125622428297, 0.015184074452934963, 0.01043125622428297, 0.01043125622428297], [0.04778202450459358, 0.09031263609286852, 0.010414030981770397, 0.013546895413930279, 0.8275303820250668, 0.010414030981770397], [0.04215642906483567, 0.07548502572434364, 0.01030916310767345, 0.011322753858651545, 0.8504174651368223, 0.01030916310767345], [0.8864723483045215, 0.058294852066294624, 0.02626478807957151, 0.009656003849870781, 0.009656003849870781, 0.009656003849870781], [1.0, 0.0, 0.0, 0.0, 0.0, 0.0]], [[1.0, 0.0, 0.0, 0.0, 0.0, 0.0], [0.7802191416444285, 0.10254033909802626, 0.08291323209877681, 0.01538105086470394, 0.009473118147032191, 0.009473118147032191], [0.8229898338105978, 0.1261580978899323, 0.01064278453866003, 0.018923714683489846, 0.01064278453866003, 0.01064278453866003], [0.81419405498081, 0.1335835095532451, 0.010728303010986, 0.020037526432986768, 0.010728303010986, 0.010728303010986], [0.8252386287999794, 0.12528695707630166, 0.010227123520757902, 0.01879304356144525, 0.010227123520757902, 0.010227123520757902], [0.8436112182582948, 0.11067030347184126, 0.009705977583029279, 0.01660054552077619, 0.009705977583029279, 0.009705977583029279], [0.861182538088207, 0.09651499569672156, 0.009275072286854376, 0.014477249354508233, 0.009275072286854376, 0.009275072286854376], [0.8682898749398084, 0.0903193101130673, 0.009280972810054768, 0.013547896516960097, 0.009280972810054768, 0.009280972810054768], [0.012331661960249894, 0.0921660091444852, 0.009676811057773106, 0.013824901371672776, 0.862323805408046, 0.009676811057773106], [0.8623324551253864, 0.09404762500601069, 0.009837592039233803, 0.014107143750901602, 0.009837592039233803, 0.009837592039233803], [0.8590049927557133, 0.09605268726604324, 0.01017813896277897, 0.014407903089906485, 0.01017813896277897, 0.01017813896277897], [0.8630803296074872, 0.09195767386068077, 0.010389448484243276, 0.013793651079102114, 0.010389448484243276, 0.010389448484243276], [0.8784061364020374, 0.07917512375859517, 0.010180823758526051, 0.011876268563789276, 0.010180823758526051, 0.010180823758526051], [0.8960294274773473, 0.06427237928538024, 0.009924548309318099, 0.009924548309318099, 0.009924548309318099, 0.009924548309318099], [0.9103200024028475, 0.05131107663960604, 0.00959223023938658, 0.00959223023938658, 0.00959223023938658, 0.00959223023938658], [0.9159624331406456, 0.045550973830039976, 0.009621648257328598, 0.009621648257328598, 0.009621648257328598, 0.009621648257328598], [0.915748622351857, 0.04576562442019125, 0.009621438306987947, 0.009621438306987947, 0.009621438306987947, 0.009621438306987947], [0.9084022133465316, 0.05216211005016303, 0.009858919150826338, 0.009858919150826338, 0.009858919150826338, 0.009858919150826338], [0.046277311398384355, 0.061519917411390554, 0.010194941461613965, 0.010194941461613965, 0.8616179468053832, 0.010194941461613965], [0.7012387489306929, 0.07966817308660523, 0.011976645799441441, 0.05988322899720721, 0.13525655738661171, 0.011976645799441441], [0.04498714494392405, 0.07089051797565447, 0.0102513579842708, 0.01063357769634817, 0.8529860434155317, 0.0102513579842708], [0.8914673705860957, 0.06812670434730457, 0.010062306471501345, 0.010219005652095684, 0.010062306471501345, 0.010062306471501345], [0.8973988167739417, 0.06282254380707557, 0.009944659854745684, 0.009944659854745684, 0.009944659854745684, 0.009944659854745684], [0.9029807385546705, 0.057182390338835994, 0.009959217776623367, 0.009959217776623367, 0.009959217776623367, 0.009959217776623367], [0.9082909607242609, 0.05206608950711304, 0.009910737442156502, 0.009910737442156502, 0.009910737442156502, 0.009910737442156502], [0.9117337495565563, 0.04919643420468148, 0.009767454059690558, 0.009767454059690558, 0.009767454059690558, 0.009767454059690558], [0.9109679141778102, 0.05030901077780021, 0.00968076876109742, 0.00968076876109742, 0.00968076876109742, 0.00968076876109742], [0.9021066930897286, 0.05758408838761228, 0.010077304630664776, 0.010077304630664776, 0.010077304630664776, 0.010077304630664776], [0.8913587716042071, 0.06704888874706491, 0.010398084912181993, 0.010398084912181993, 0.010398084912181993, 0.010398084912181993], [0.8765762779495744, 0.07601700775288237, 0.010546687435832845, 0.011402551162932354, 0.01491078826294511, 0.010546687435832845], [0.8745898504748704, 0.08116609016248898, 0.010344431634195513, 0.0121749