{"prediction": [[[1.0, 0.0, 0.0, 0.0, 0.0, 0.0], [1.0, 0.0, 0.0, 0.0, 0.0, 0.0], [1.0, 0.0, 0.0, 0.0, 0.0, 0.0], [1.0, 0.0, 0.0, 0.0, 0.0, 0.0], [1.0, 0.0, 0.0, 0.0, 0.0, 0.0], [1.0, 0.0, 0.0, 0.0, 0.0, 0.0], [1.0, 0.0, 0.0, 0.0, 0.0, 0.0], [1.0, 0.0, 0.0, 0.0, 0.0, 0.0], [1.0, 0.0, 0.0, 0.0, 0.0, 0.0], [1.0, 0.0, 0.0, 0.0, 0.0, 0.0], [1.0, 0.0, 0.0, 0.0, 0.0, 0.0], [1.0, 0.0, 0.0, 0.0, 0.0, 0.0], [1.0, 0.0, 0.0, 0.0, 0.0, 0.0], [1.0, 0.0, 0.0, 0.0, 0.0, 0.0], [1.0, 0.0, 0.0, 0.0, 0.0, 0.0], [1.0, 0.0, 0.0, 0.0, 0.0, 0.0], [1.0, 0.0, 0.0, 0.0, 0.0, 0.0], [1.0, 0.0, 0.0, 0.0, 0.0, 0.0], [1.0, 0.0, 0.0, 0.0, 0.0, 0.0], [1.0, 0.0, 0.0, 0.0, 0.0, 0.0], [1.0, 0.0, 0.0, 0.0, 0.0, 0.0], [1.0, 0.0, 0.0, 0.0, 0.0, 0.0], [1.0, 0.0, 0.0, 0.0, 0.0, 0.0], [1.0, 0.0, 0.0, 0.0, 0.0, 0.0], [1.0, 0.0, 0.0, 0.0, 0.0, 0.0], [1.0, 0.0, 0.0, 0.0, 0.0, 0.0], [1.0, 0.0, 0.0, 0.0, 0.0, 0.0], [1.0, 0.0, 0.0, 0.0, 0.0, 0.0], [1.0, 0.0, 0.0, 0.0, 0.0, 0.0], [1.0, 0.0, 0.0, 0.0, 0.0, 0.0], [1.0, 0.0, 0.0, 0.0, 0.0, 0.0], [1.0, 0.0, 0.0, 0.0, 0.0, 0.0], [1.0, 0.0, 0.0, 0.0, 0.0, 0.0], [1.0, 0.0, 0.0, 0.0, 0.0, 0.0], [1.0, 0.0, 0.0, 0.0, 0.0, 0.0], [1.0, 0.0, 0.0, 0.0, 0.0, 0.0], [1.0, 0.0, 0.0, 0.0, 0.0, 0.0], [1.0, 0.0, 0.0, 0.0, 0.0, 0.0], [1.0, 0.0, 0.0, 0.0, 0.0, 0.0], [1.0, 0.0, 0.0, 0.0, 0.0, 0.0]], [[1.0, 0.0, 0.0, 0.0, 0.0, 0.0], [0.931278210320083, 0.02955956294919862, 0.009790556682679632, 0.009790556682679632, 0.009790556682679632, 0.009790556682679632], [1.0, 0.0, 0.0, 0.0, 0.0, 0.0], [1.0, 0.0, 0.0, 0.0, 0.0, 0.0], [1.0, 0.0, 0.0, 0.0, 0.0, 0.0], [1.0, 0.0, 0.0, 0.0, 0.0, 0.0], [0.8102137489950684, 0.03703335745188884, 0.10274903714444109, 0.010826240011316721, 0.02905307712744252, 0.010124539269842487], [0.8729860279405746, 0.02982498000234239, 0.046468664896910664, 0.012100698222888156, 0.028601837785548884, 0.010017791151735273], [0.9346325037170621, 0.02367947314297867, 0.012121712281036808, 0.009855436952974167, 0.009855436952974167, 0.009855436952974167], [0.009926689620873386, 0.02041459942785585, 0.009926689620873386, 0.009926689620873386, 0.9398786420886506, 0.009926689620873386], [0.9413785569667459, 0.019075412822543072, 0.009886507552677776, 0.009886507552677776, 0.009886507552677776, 0.009886507552677776], [0.009941651201241504, 0.019133117392068258, 0.009941651201241504, 0.009941651201241504, 0.9411002778029658, 0.009941651201241504], [0.9413625044180466, 0.019094983964361087, 0.009885627904398097, 0.009885627904398097, 0.009885627904398097, 0.009885627904398097], [0.9418055638896503, 0.018634922208859966, 0.009889878475372456, 0.009889878475372456, 0.009889878475372456, 0.009889878475372456], [0.9428064245729938, 0.017593062035969127, 0.009900128347759276, 0.009900128347759276, 0.009900128347759276, 0.009900128347759276], [0.9440249077432796, 0.016324345355970705, 0.009912686725187416, 0.009912686725187416, 0.009912686725187416, 0.009912686725187416], [0.009975732142381915, 0.015348320368053428, 0.009975732142381915, 0.009975732142381915, 0.944748751062419, 0.009975732142381915], [0.9456156866604907, 0.014667508411037714, 0.00992920123211791, 0.00992920123211791, 0.00992920123211791, 0.00992920123211791], [0.9458021046208698, 0.014472597753629168, 0.009931324406375274, 0.009931324406375274, 0.009931324406375274, 0.009931324406375274], [0.9458446930969441, 0.01442840996107073, 0.009931724235496308, 0.009931724235496308, 0.009931724235496308, 0.009931724235496308], [0.9459713864487056, 0.014295637081284845, 0.009933244117502378, 0.009933244117502378, 0.009933244117502378, 0.009933244117502378], [0.009982702158086044, 0.01409777090953478, 0.009982702158086044, 0.009982702158086044, 0.9459714204581212, 0.009982702158086044], [0.9464348766415482, 0.013813437821653295, 0.009937921384199595, 0.009937921384199595, 0.009937921384199595, 0.009937921384199595], [0.9463763748129633, 0.01387477585800703, 0.009937212332257386, 0.009937212332257386, 0.009937212332257386, 0.009937212332257386], [0.9459873100798484, 0.014279802850798348, 0.009933221767338312, 0.009933221767338312, 0.009933221767338312, 0.009933221767338312], [0.9454766638712944, 0.014810854806914221, 0.009928120330447845, 0.009928120330447845, 0.009928120330447845, 0.009928120330447845], [1.0, 0.0, 0.0, 0.0, 0.0, 0.0], [0.009966260056872591, 0.014789030857609117, 0.009966260056872591, 0.009966260056872591, 0.9453459289149007, 0.009966260056872591], [0.009973992516965813, 0.013944821845752938, 0.009973992516965813, 0.009973992516965813, 0.9461592080863839, 0.009973992516965813], [0.9470651644835307, 0.013156202581805599, 0.009944658233665903, 0.009944658233665903, 0.009944658233665903, 0.009944658233665903], [0.009980089597958836, 0.013607938344252364, 0.009980089597958836, 0.009980089597958836, 0.9464717032639123, 0.009980089597958836], [1.0, 0.0, 0.0, 0.0, 0.0, 0.0], [0.009923235633942925, 0.02145267010961336, 0.009923235633942925, 0.009923235633942925, 0.938854387354615, 0.009923235633942925], [0.9324108817480029, 0.0284010952522034, 0.009797005749948457, 0.009797005749948457, 0.009797005749948457, 0.009797005749948457], [0.9256401030534351, 0.03543739215727553, 0.009730626197322319, 0.009730626197322319, 0.009730626197322319, 0.009730626197322319], [0.9209804470718452, 0.04008019332574685, 0.009879127152433569, 0.009686744149991442, 0.009686744149991442, 0.009686744149991442], [0.009775910806802625, 0.041188585688594, 0.009775910806802625, 0.009775910806802625, 0.9197077710841955, 0.009775910806802625], [0.9234204765313861, 0.03776440188708094, 0.009703780395383216, 0.009703780395383216, 0.009703780395383216, 0.009703780395383216], [0.009826214596318108, 0.033399715646840314, 0.009826214596318108, 0.009826214596318108, 0.9272954259678873, 0.009826214596318108], [1.0, 0.0, 0.0, 0.0, 0.0, 0.0]], [[1.0, 0.0, 0.0, 0.0, 0.0, 0.0], [0.9207138825707492, 0.036283475571890815, 0.013712759953181372, 0.009763293968059517, 0.009763293968059517, 0.009763293968059517], [0.8818921320229334, 0.044600477889567745, 0.04393162659109113, 0.009858587832135886, 0.009858587832135886, 0.009858587832135886], [0.7701486949831473, 0.05314307180841543, 0.1287932848240822, 0.012502739930291018, 0.025269423450374126, 0.010142785003689904], [0.10198620401935195, 0.056594607712304124, 0.1815283502242116, 0.013476567446173678, 0.6361801855448492, 0.010234085053109335], [0.6741977293842228, 0.053915496309289816, 0.20384608390510264, 0.013282187013960929, 0.04451803859040047, 0.010240464797023311], [1.0, 0.0, 0.0, 0.0, 0.0, 0.0], [1.0, 0.0, 0.0, 0.0, 0.0, 0.0], [0.9187891376930589, 0.030142193132385, 0.02146908333188359, 0.009866528614224143, 0.009866528614224143, 0.009866528614224143], [0.0, 0.0, 0.0, 0.0, 0.0, 1.0], [0.935063582340998, 0.025638827332194088, 0.009824397581702018, 0.009824397581702018, 0.009824397581702018, 0.009824397581702018], [0.9344637740174156, 0.026265090163118256, 0.00981778395486652, 0.00981778395486652, 0.00981778395486652, 0.00981778395486652], [0.9339990278192849, 0.02675261837117998, 0.009812088452383752, 0.009812088452383752, 0.009812088452383752, 0.009812088452383752], [0.9344976537686506, 0.026236471051806907, 0.009816468794885623, 0.009816468794885623, 0.009816468794885623, 0.009816468794885623], [0.9359513917042924, 0.024726687299293018, 0.009830480249103657, 0.009830480249103657, 0.009830480249103657, 0.009830480249103657], [0.9377692761312678, 0.022836598350154606, 0.009848531379644388, 0.009848531379644388, 0.009848531379644388, 0.009848531379644388], [0.9392641203396184, 0.021281795279263754, 0.009863521095279484, 0.009863521095279484, 0.009863521095279484, 0.009863521095279484], [0.9400621036468804, 0.020450575909205633, 0.009871830110978518, 0.009871830110978518, 0.009871830110978518, 0.009871830110978518], [0.9402634505070021, 0.020239258286188257, 0.009874322801702409, 0.009874322801702409, 0.009874322801702409, 0.009874322801702409], [0.940277591944457, 0.020220253863521657, 0.009875538548005311, 0.009875538548005311, 0.009875538548005311, 0.009875538548005311], [0.9404788103056961, 0.02000801087928547, 0.009878294703754622, 0.009878294703754622, 0.009878294703754622, 0.009878294703754622], [0.9408955673051753, 0.01957755268716161, 0.009881720001915775, 0.009881720001915775, 0.009881720001915775, 0.009881720001915775], [0.9411641858696985, 0.019298694421381747, 0.009884279927229952, 0.009884279927229952, 0.009884279927229952, 0.009884279927229952], [0.9408565020157043, 0.01962148408742422, 0.00988050347421789, 0.00988050347421789, 0.00988050347421789, 0.00988050347421789], [0.9398555895181038, 0.02066188394367919, 0.009870631634554239, 0.009870631634554239, 0.009870631634554239, 0.009870631634554239], [0.9385866264807583, 0.021978359434455617, 0.00985875352119652, 0.00985875352119652, 0.00985875352119652, 0.00985875352119652], [1.0, 0.0, 0.0, 0.0, 0.0, 0.0], [1.0, 0.0, 0.0, 0.0, 0.0, 0.0], [0.9397351119423343, 0.020771837045094797, 0.009873262753142747, 0.009873262753142747, 0.009873262753142747, 0.009873262753142747], [0.9414383453564354, 0.019005963975924554, 0.009888922666910003, 0.009888922666910003, 0.009888922666910003, 0.009888922666910003], [0.9417157193876988, 0.018725130944672274, 0.0098897874169072, 0.0098897874169072, 0.0098897874169072, 0.0098897874169072], [1.0, 0.0, 0.0, 0.0, 0.0, 0.0], [0.009869615674641223, 0.028583245456175858, 0.009869615674641223, 0.009869615674641223, 0.9319382918452593, 0.009869615674641223], [0.9195586672145031, 0.03805325807533025, 0.013203968214111104, 0.009728035498685178, 0.009728035498685178, 0.009728035498685178], [0.911264341191637, 0.049102984003109994, 0.009908168701313258, 0.009908168701313258, 0.009908168701313258, 0.009908168701313258], [0.9039762607034275, 0.056277420059907816, 0.009936579809166207, 0.009936579809166207, 0.009936579809166207, 0.009936579809166207], [0.9031696309479016, 0.05724262389050291, 0.009896936290398865, 0.009896936290398865, 0.009896936290398865, 0.009896936290398865], [0.012351869666838508, 0.05286546396027403, 0.009892593116374606, 0.009892593116374606, 0.9051048870237637, 0.009892593116374606], [0.00973795608315488, 0.045377759859854615, 0.00973795608315488, 0.00973795608315488, 0.9156704158075257, 0.00973795608315488], [1.0, 0.0, 0.0, 0.0, 0.0, 0.0]], [[1.0, 0.0, 0.0, 0.0, 0.0, 0.0], [0.9106474917006948, 0.042221451001138395, 0.017906392396191104, 0.009741554967325193, 0.009741554967325193, 0.009741554967325193], [0.015416226958869985, 0.05530881934452054, 0.010421777801069192, 0.010421777801069192, 0.8980096202934019, 0.010421777801069192], [0.09324139909124032, 0.07291965435992598, 0.011799780033879048, 0.015790882104161665, 0.7944485043769139, 0.011799780033879048], [0.1645764859777811, 0.08485987397937025, 0.012947783702069936, 0.018660041217689025, 0.7060080314210196, 0.012947783702069936], [0.2221640731268871, 0.05794873729452347, 0.6221227251344323, 0.04621030812576151, 0.04231209469324314, 0.0092420616251523], [0.6754678354515314, 0.056141941089279015, 0.20355383080361325, 0.012890220150615249, 0.0416948950623458, 0.010251277442615277], [1.0, 0.0, 0.0, 0.0, 0.0, 0.0], [0.0, 0.0, 0.0, 0.0, 0.0, 1.0], [0.010522298927113377, 0.034020943251764364, 0.010715368632198024, 0.009831109382910331, 0.9250791704231035, 0.009831109382910331], [0.9263031132936352, 0.03428979465896371, 0.009851773011850274, 0.009851773011850274, 0.009851773011850274, 0.009851773011850274], [0.9243734146728411, 0.03612528007236779, 0.009875326313697794, 0.009875326313697794, 0.009875326313697794, 0.009875326313697794], [0.9233866461562286, 0.03721819511284503, 0.009848789682731627, 0.009848789682731627, 0.009848789682731627, 0.009848789682731627], [0.009910374828642701, 0.036924955228103816, 0.009910374828642701, 0.009910374828642701, 0.9234335454573255, 0.009910374828642701], [0.009872530803543314, 0.03467794522617112, 0.009872530803543314, 0.009872530803543314, 0.9258319315596556, 0.009872530803543314], [0.9292989726032698, 0.031645608880513335, 0.009763854629054216, 0.009763854629054216, 0.009763854629054216, 0.009763854629054216], [0.9312846502253419, 0.02958599512231847, 0.009782338663084908, 0.009782338663084908, 0.009782338663084908, 0.009782338663084908], [0.9322357862564425, 0.028594990416994984, 0.009792305831640617, 0.009792305831640617, 0.009792305831640617, 0.009792305831640617], [0.009882775246220351, 0.02872845902169293, 0.009882775246220351, 0.009882775246220351, 0.9317404399934256, 0.009882775246220351], [0.9322805043883501, 0.028536280500776803, 0.009795803777718281, 0.009795803777718281, 0.009795803777718281, 0.009795803777718281], [0.9324605419648608, 0.028259196184981624, 0.00982006546253938, 0.00982006546253938, 0.00982006546253938, 0.00982006546253938], [0.9332862468192283, 0.02748550713914602, 0.009807061510406409, 0.009807061510406409, 0.009807061510406409, 0.009807061510406409], [0.009890900667871719, 0.027263259994147592, 0.009890900667871719, 0.009890900667871719, 0.9331731373343655, 0.009890900667871719], [0.9331381642056681, 0.0276551719129197, 0.009801665970353056, 0.009801665970353056, 0.009801665970353056, 0.009801665970353056], [0.9313061162625703, 0.02955258002757081, 0.009785325927464736, 0.009785325927464736, 0.009785325927464736, 0.009785325927464736], [0.9289528224070109, 0.031983129484548206, 0.009766012027110225, 0.009766012027110225, 0.009766012027110225, 0.009766012027110225], [0.9202843354992417, 0.03362869419222568, 0.016752458387930234, 0.009778170640200763, 0.009778170640200763, 0.009778170640200763], [1.0, 0.0, 0.0, 0.0, 0.0, 0.0], [1.0, 0.0, 0.0, 0.0, 0.0, 0.0], [0.9326021644601861, 0.02720274435181109, 0.010748116939176452, 0.009815658082942122, 0.009815658082942122, 0.009815658082942122], [0.9349602121160029, 0.025746061718197395, 0.009823431541449915, 0.009823431541449915, 0.009823431541449915, 0.009823431541449915], [0.9321750060670821, 0.028661446118886685, 0.009790886953507804, 0.009790886953507804, 0.009790886953507804, 0.009790886953507804], [1.0, 0.0, 0.0, 0.0, 0.0, 0.0], [0.08478390853895346, 0.05060718080517578, 0.03178789930910963, 0.009815423870637285, 0.8131901636054865, 0.009815423870637285], [0.8141072485534793, 0.06457846427325988, 0.08813655111970056, 0.009844429354220337, 0.013488877345119435, 0.009844429354220337], [0.869145899211634, 0.08232681569991293, 0.010943629284586438, 0.012349022354986939, 0.014291004164293214, 0.010943629284586438], [0.8714618021951978, 0.08331643075896557, 0.010826449141925978, 0.012497464613844836, 0.011071404148139891, 0.010826449141925978], [0.8861531746680307, 0.07242578033847119, 0.01018572598090912, 0.010863867050770679, 0.01018572598090912, 0.01018572598090912], [0.8948747767112193, 0.05930070193106318, 0.017097124644283215, 0.009575798904478074, 0.009575798904478074, 0.009575798904478074], [1.0, 0.0, 0.0, 0.0, 0.0, 0.0]], [[1.0, 0.0, 0.0, 0.0, 0.0, 0.0], [0.009797387460399322, 0.044979083083531164, 0.013921944026233672, 0.009797387460399322, 0.9117068105090372, 0.009797387460399322], [0.017038514139597855, 0.058518108183635204, 0.010350897339805697, 0.010350897339805697, 0.8933906856573498, 0.010350897339805697], [0.08807458487752956, 0.07688813890291102, 0.011606728239674438, 0.014622201752923189, 0.7972016179872873, 0.011606728239674438], [0.12089937697217099, 0.08817365690377724, 0.012462593684852393, 0.01741097647148496, 0.7485908022828619, 0.012462593684852393], [0.814011388379567, 0.08768546491801026, 0.012841877908083806, 0.018066759605980646, 0.05455263128027452, 0.012841877908083806], [0.10247053713024362, 0.061322403654291036, 0.17483815530952307, 0.012563822600569352, 0.6386535126441129, 0.010151568661260036], [1.0, 0.0, 0.0, 0.0, 0.0, 0.0], [1.0, 0.0, 0.0, 0.0, 0.0, 0.0], [0.9101847009962594, 0.04084157354007387, 0.019727148241811033, 0.009748859073951918, 0.009748859073951918, 0.009748859073951918], [0.9148780516659073, 0.044370142023807284, 0.01018795157757135, 0.01018795157757135, 0.01018795157757135, 0.01018795157757135], [0.9108755294318971, 0.04801263144552888, 0.01027795978064352, 0.01027795978064352, 0.01027795978064352, 0.01027795978064352], [0.9065142500294797, 0.0503363380401739, 0.010317782204608229, 0.010317782204608229, 0.012196065316521724, 0.010317782204608229], [0.06520706750689406, 0.049215061120319994, 0.010165563806773852, 0.010165563806773852, 0.8550811799524644, 0.010165563806773852], [0.9146547295071923, 0.04560623545466357, 0.009934758759536014, 0.009934758759536014, 0.009934758759536014, 0.009934758759536014], [0.025072940947333214, 0.042512580946450836, 0.009960795630895103, 0.009960795630895103, 0.9025320912135306, 0.009960795630895103], [0.9217771579251643, 0.0392284388071784, 0.009748600816914291, 0.009748600816914291, 0.009748600816914291, 0.009748600816914291], [0.9228829182479045, 0.03821874968996741, 0.009724583015532045, 0.009724583015532045, 0.009724583015532045, 0.009724583015532045], [0.9218067368356502, 0.038843682990526915, 0.009837395043455745, 0.009837395043455745, 0.009837395043455745, 0.009837395043455745], [0.9198506845651936, 0.03994488070408207, 0.010051108682681076, 0.010051108682681076, 0.010051108682681076, 0.010051108682681076], [0.919762718568157, 0.03971975221874769, 0.010129382303273824, 0.010129382303273824, 0.010129382303273824, 0.010129382303273824], [0.03575725712289131, 0.038364668781984135, 0.010100072558714899, 0.010100072558714899, 0.8955778564189799, 0.010100072558714899], [0.9244715282949602, 0.036361038496152076, 0.009791858302221968, 0.009791858302221968, 0.009791858302221968, 0.009791858302221968], [0.9242343445305478, 0.03688601580389415, 0.009719909916389498, 0.009719909916389498, 0.009719909916389498, 0.009719909916389498], [0.9210098504812926, 0.039898471720410125, 0.009772919449574327, 0.009772919449574327, 0.009772919449574327, 0.009772919449574327], [0.9143561682784909, 0.04499190477299475, 0.010074149025648226, 0.010074149025648226, 0.010429479871569646, 0.010074149025648226], [0.8580548658490952, 0.046660800559999736, 0.06279162564927009, 0.00987142766021083, 0.012749852621213292, 0.00987142766021083], [0.8482088243456538, 0.04640330716329812, 0.07210877213033799, 0.009932101596077466, 0.013414893168555273, 0.009932101596077466], [0.8650371135078604, 0.04240947765604326, 0.05761696933802214, 0.00991618367028065, 0.015104072157512919, 0.00991618367028065], [1.0, 0.0, 0.0, 0.0, 0.0, 0.0], [0.9275464883444295, 0.03345288756018737, 0.009750156023845744, 0.009750156023845744, 0.009750156023845744, 0.009750156023845744], [0.9251317468149278, 0.0359945021272896, 0.009718437764445632, 0.009718437764445632, 0.009718437764445632, 0.009718437764445632], [1.0, 0.0, 0.0, 0.0, 0.0, 0.0], [1.0, 0.0, 0.0, 0.0, 0.0, 0.0], [0.07929045570947574, 0.08030181356261572, 0.12436082000749352, 0.012045272034392358, 0.6940841946901625, 0.009917443995860123], [0.823121815895929, 0.10947697143775165, 0.011778679183695953, 0.016421545715662747, 0.027422308583264627, 0.011778679183695953], [0.8350566692120968, 0.10907718948038271, 0.011466852485141878, 0.016361578422057405, 0.016570857915179284, 0.011466852485141878], [0.8596930829542649, 0.0940752314296931, 0.010706800300529305, 0.014111284714453965, 0.010706800300529305, 0.010706800300529305], [0.867287897550946, 0.07260470101810283, 0.030223810713964343, 0.010890705152715424, 0.009496442782135723, 0.009496442782135723], [1.0, 0.0, 0.0, 0.0, 0.0, 0.0]], [[1.0, 0.0, 0.0, 0.0, 0.0, 0.0], [0.9190595027468266, 0.04228139800933951, 0.009664774810958466, 0.009664774810958466, 0.009664774810958466, 0.009664774810958466], [0.013765136605472274, 0.054614122601916545, 0.010084072655170173, 0.010084072655170173, 0.9013685228271007, 0.010084072655170173], [0.10847320580369979, 0.06770034083996454, 0.010592883668719367, 0.013396882286909788, 0.7892438037319872, 0.010592883668719367], [0.8617410480470472, 0.0796368141707446, 0.011557868100039293, 0.01592039674564236, 0.019586004836487314, 0.011557868100039293], [0.09651594552445511, 0.07896450523630348, 0.011719793385112406, 0.014075242055649704, 0.7870047204133669, 0.011719793385112406], [0.7705836521330252, 0.06124392399999369, 0.1269343297526569, 0.013067502709310848, 0.0180956465680639, 0.010074944836949585], [0.10426023617417715, 0.05288304091715865, 0.05893400155835073, 0.012667593953768085, 0.7612596040424003, 0.009995523354145129], [1.0, 0.0, 0.0, 0.0, 0.0, 0.0], [0.8831241586417105, 0.04585832066904157, 0.041756074533959756, 0.009753815385096077, 0.009753815385096077, 0.009753815385096077], [0.8599177876750238, 0.049357012221712994, 0.06124977485410502, 0.00982514174971936, 0.00982514174971936, 0.00982514174971936], [0.8912631126620031, 0.058221914090001735, 0.010649852127987513, 0.010649852127987513, 0.018565416864032628, 0.010649852127987513], [0.07184137515776948, 0.06116926200323996, 0.01062867951629155, 0.01062867951629155, 0.8351033242901159, 0.01062867951629155], [0.8970674467255977, 0.06045622014159689, 0.010510397929736143, 0.010510397929736143, 0.010945139343596946, 0.010510397929736143], [0.9036206252700244, 0.05583267584675902, 0.010136674720804133, 0.010136674720804133, 0.010136674720804133, 0.010136674720804133], [0.03203230512942656, 0.05211929220175541, 0.010033691669319765, 0.010033691669319765, 0.8857473276608587, 0.010033691669319765], [0.9116685267126083, 0.049005497489042926, 0.009831493949587175, 0.009831493949587175, 0.009831493949587175, 0.009831493949587175], [0.010002183410285012, 0.048897287730726734, 0.009875713495049199, 0.009875713495049199, 0.9114733883738405, 0.009875713495049199], [0.9090306595447997, 0.05069102099971773, 0.01006957986387063, 0.01006957986387063, 0.01006957986387063, 0.01006957986387063], [0.9067755866480461, 0.05221751739114315, 0.010251723990202658, 0.010251723990202658, 0.010251723990202658, 0.010251723990202658], [0.0, 0.0, 0.0, 0.0, 0.0, 1.0], [0.9100792619714395, 0.049204706246038496, 0.010179007945630486, 0.010179007945630486, 0.010179007945630486, 0.010179007945630486], [0.9138583965417818, 0.0464432660037895, 0.009924584363607153, 0.009924584363607153, 0.009924584363607153, 0.009924584363607153], [0.009786151977733795, 0.046351483595326225, 0.009786151977733795, 0.009786151977733795, 0.9145039084937385, 0.009786151977733795], [0.9114380764954074, 0.04949880165756232, 0.009765780461757552, 0.009765780461757552, 0.009765780461757552, 0.009765780461757552], [0.9009630200721944, 0.05752818162574008, 0.010377199575516355, 0.010377199575516355, 0.010377199575516355, 0.010377199575516355], [0.0808952417682652, 0.06351889300462502, 0.010798537269876129, 0.010798537269876129, 0.8231902534174813, 0.010798537269876129], [0.8727807720735323, 0.06479576922427756, 0.011118622111672938, 0.011118622111672938, 0.02906759236717134, 0.011118622111672938], [0.820070893606596, 0.05307486307934701, 0.08525270054849665, 0.009955013496168473, 0.021691515773223372, 0.009955013496168473], [0.8676111908681872, 0.04577457316560682, 0.05185452668704006, 0.009886050864712809, 0.014987607549740357, 0.009886050864712809], [1.0, 0.0, 0.0, 0.0, 0.0, 0.0], [1.0, 0.0, 0.0, 0.0, 0.0, 0.0], [1.0, 0.0, 0.0, 0.0, 0.0, 0.0], [1.0, 0.0, 0.0, 0.0, 0.0, 0.0], [0.09724995559545671, 0.0917935217685162, 0.15449917149677408, 0.016167375134363445, 0.6303635025181377, 0.009926473486752024], [0.5353556668417095, 0.22267762685232814, 0.021006287710643126, 0.10503143855321563, 0.09492269233146047, 0.021006287710643126], [0.10626189225962061, 0.12875562655008346, 0.011878041655321976, 0.01931334398251252, 0.7219130538971394, 0.011878041655321976], [0.06867541057701705, 0.10890164236644059, 0.010885612865354683, 0.01633524635496609, 0.7843164749708669, 0.010885612865354683], [0.8513595292863709, 0.08204966046811922, 0.03541514167415154, 0.012307449070217882, 0.009434109750570303, 0.009434109750570303], [1.0, 0.0, 0.0, 0.0, 0.0, 0.0]], [[1.0, 0.0, 0.0, 0.0, 0.0, 0.0], [0.9244756367886858, 0.03667459228160168, 0.009712442732428106, 0.009712442732428106, 0.009712442732428106, 0.009712442732428106], [0.915252848938099, 0.04576966128710926, 0.009744372443697935, 0.009744372443697935, 0.009744372443697935, 0.009744372443697935], [0.904996166855843, 0.05537332628507953, 0.009907626714769373, 0.009907626714769373, 0.009907626714769373, 0.009907626714769373], [0.8961142990214105, 0.06215701101753298, 0.010184069575348557, 0.011176481235010909, 0.010184069575348557, 0.010184069575348557], [0.01746260114403643, 0.06337305290534227, 0.010416288401705939, 0.010518408876232467, 0.8878133602709769, 0.010416288401705939], [0.9018185303600262, 0.05746821097273836, 0.010178314666808836, 0.010178314666808836, 0.010178314666808836, 0.010178314666808836], [0.8911015406524392, 0.049842068081335476, 0.029026737052798464, 0.010511343318123033, 0.009759155447651843, 0.009759155447651843], [1.0, 0.0, 0.0, 0.0, 0.0, 0.0], [1.0, 0.0, 0.0, 0.0, 0.0, 0.0], [0.8410477222991859, 0.05250262671910939, 0.07321273784108556, 0.009846554549191255, 0.013543804042236735, 0.009846554549191255], [0.6759701960076472, 0.07846209559004574, 0.013434874882459083, 0.06717437441229542, 0.1515235842250935, 0.013434874882459083], [0.09474184779812253, 0.06673380130473894, 0.010809135481208789, 0.010809135481208789, 0.8060969444535121, 0.010809135481208789], [0.07674016288445568, 0.06564201132451512, 0.010556804115429894, 0.010556804115429894, 0.8259474134447394, 0.010556804115429894], [0.7044769122800101, 0.0669573596363925, 0.01108691192897729, 0.05543455964488646, 0.15095734458075627, 0.01108691192897729], [0.9015785259474512, 0.058320669705606905, 0.010025201086735451, 0.010025201086735451, 0.010025201086735451, 0.010025201086735451], [0.9044275275191436, 0.05624745139990317, 0.009831255270238317, 0.009831255270238317, 0.009831255270238317, 0.009831255270238317], [0.9045228321987461, 0.05653202744047588, 0.009736285090194524, 0.009736285090194524, 0.009736285090194524, 0.009736285090194524], [0.04363423442709647, 0.060994981221696866, 0.010191603854100846, 0.010191603854100846, 0.8647959727889041, 0.010191603854100846], [0.8929738208777143, 0.06378488391076395, 0.010473427968527892, 0.010473427968527892, 0.011821011305938042, 0.010473427968527892], [0.6931420894122539, 0.07593522197577654, 0.012657269874734683, 0.06328634937367342, 0.14232179948882676, 0.012657269874734683], [0.0, 0.0, 0.0, 0.0, 0.0, 1.0], [0.9053788077460104, 0.054719910404443795, 0.009975320462386451, 0.009975320462386451, 0.009975320462386451, 0.009975320462386451], [0.9088633086882056, 0.052609115415509534, 0.009631893974071201, 0.009631893974071201, 0.009631893974071201, 0.009631893974071201], [0.013480888520737708, 0.05688526028618674, 0.009875713762048996, 0.009875713762048996, 0.9000067099069284, 0.009875713762048996], [0.889361343827219, 0.06513283135819836, 0.01042710050696516, 0.01042710050696516, 0.01422452329368717, 0.01042710050696516], [0.1052767564729411, 0.07269994508323138, 0.010996229836808324, 0.010996229836808324, 0.7890346089334026, 0.010996229836808324], [0.626637864872907, 0.11851088791817672, 0.018069664747485153, 0.09034832373742577, 0.12836359397652017, 0.018069664747485153], [0.8679430202924149, 0.06580330870058303, 0.010938430601078188, 0.012118065273743482, 0.032258744531102224, 0.010938430601078188], [0.06276579855694067, 0.05166243597436913, 0.05166070403439543, 0.009882066491427914, 0.814146928451439, 0.009882066491427914], [1.0, 0.0, 0.0, 0.0, 0.0, 0.0], [0.009716145381719252, 0.04688042456659364, 0.009716145381719252, 0.009716145381719252, 0.9142549939065293, 0.009716145381719252], [0.896629714238134, 0.05685578894900549, 0.01776065601904638, 0.009584613597938035, 0.009584613597938035, 0.009584613597938035], [1.0, 0.0, 0.0, 0.0, 0.0, 0.0], [0.081340423472005, 0.09764454629738054, 0.13612472319861538, 0.01464668194460708, 0.660309667686337, 0.009933957401055024], [0.7977499473126766, 0.13332980611424167, 0.011878037314924898, 0.01999947091713625, 0.025164701026095623, 0.011878037314924898], [0.09142395389079185, 0.13288562279782165, 0.011605778838656836, 0.019932843419673246, 0.7325460222143996, 0.011605778838656836], [0.8361290347108032, 0.11424288432924919, 0.01083054943685338, 0.017136432649387377, 0.01083054943685338, 0.01083054943685338], [0.01542368336405952, 0.087655888922424, 0.03704522722103866, 0.013148383338363599, 0.8371546710859653, 0.00957214606814884], [1.0, 0.0, 0.0, 0.0, 0.0, 0.0]], [[1.0, 0.0, 0.0, 0.0, 0.0, 0.0], [0.009859814394297712, 0.029689961159242884, 0.009859814394297712, 0.009859814394297712, 0.9308707812635661, 0.009859814394297712], [0.9245824386520574, 0.03656017352385885, 0.009714346956020957, 0.009714346956020957, 0.009714346956020957, 0.009714346956020957], [0.012688464974822128, 0.044617815471526275, 0.009853265926091986, 0.009853265926091986, 0.9131339217753758, 0.009853265926091986], [0.9108377885653568, 0.049711312482528205, 0.009862724738028737, 0.009862724738028737, 0.009862724738028737, 0.009862724738028737], [0.9088724948088545, 0.051383047334031685, 0.009936114464278471, 0.009936114464278471, 0.009936114464278471, 0.009936114464278471], [0.89767679486664, 0.048521935317881376, 0.024644360006200735, 0.009718969936425962, 0.009718969936425962, 0.009718969936425962], [0.9050103471298557, 0.045954033855765956, 0.01989138819707402, 0.009714743605768099, 0.009714743605768099, 0.009714743605768099], [1.0, 0.0, 0.0, 0.0, 0.0, 0.0], [0.041707634951891594, 0.047532920733013725, 0.04161064045200348, 0.009843486821145858, 0.8494618302207996, 0.009843486821145858], [0.8591920705271867, 0.05185000550949096, 0.05929655969952106, 0.00986151890720583, 0.009938326449389783, 0.00986151890720583], [0.07859198289543508, 0.060665241598512595, 0.010591032849700829, 0.010591032849700829, 0.8289696769569498, 0.010591032849700829], [0.07434073546623184, 0.06410834549172158, 0.010604045395528219, 0.010604045395528219, 0.8297387828554619, 0.010604045395528219], [0.06742417493082113, 0.06392511001947535, 0.010419173860155595, 0.010419173860155595, 0.8373931934692367, 0.010419173860155595], [0.8982176047082651, 0.06135989062347146, 0.010105626167065866, 0.010105626167065866, 0.010105626167065866, 0.010105626167065866], [0.9005452286098605, 0.05973355072484001, 0.009930305166324883, 0.009930305166324883, 0.009930305166324883, 0.009930305166324883], [0.9009725409612305, 0.05980601044249084, 0.009805362149069656, 0.009805362149069656, 0.009805362149069656, 0.009805362149069656], [0.013736809974902646, 0.06289596758904323, 0.0099166224685019, 0.0099166224685019, 0.8936173550305484, 0.0099166224685019], [0.040348424194331094, 0.06784291450253636, 0.010232600366309545, 0.010232600366309545, 0.8611108602042039, 0.010232600366309545], [0.8863782454980449, 0.07081535523990783, 0.010440677370398124, 0.010622303285986174, 0.011302741235264875, 0.010440677370398124], [0.878358836367453, 0.07140127908819936, 0.010694200484678543, 0.010710191863229903, 0.018141291711760498, 0.010694200484678543], [0.0, 0.0, 0.0, 0.0, 0.0, 1.0], [0.0, 0.0, 0.0, 0.0, 0.0, 1.0], [0.039444656281853556, 0.057185763071279705, 0.009785327306874337, 0.009785327306874337, 0.8740135987262436, 0.009785327306874337], [0.013761822715586368, 0.05928287956998586, 0.00982507830809633, 0.00982507830809633, 0.8974800627901389, 0.00982507830809633], [0.8924077519421215, 0.06629436960829718, 0.010287303650888556, 0.010287303650888556, 0.010435967496915537, 0.010287303650888556], [0.0864224948843387, 0.07208521784817186, 0.010640020843957916, 0.010812782677225779, 0.8093994629023478, 0.010640020843957916], [0.1114563324243319, 0.07366937869716872, 0.010955315791684572, 0.011050406804575308, 0.7819132504905548, 0.010955315791684572], [0.08860415702320454, 0.06638110392307063, 0.010699527992305648, 0.010699527992305648, 0.8129161550768079, 0.010699527992305648], [0.8694488569496955, 0.053539852025634674, 0.04354794543744903, 0.00984602484482279, 0.013771295897575173, 0.00984602484482279], [0.011956615207672492, 0.047600174416013545, 0.012628874697260505, 0.009746322042977052, 0.9083216915930993, 0.009746322042977052], [1.0, 0.0, 0.0, 0.0, 0.0, 0.0], [1.0, 0.0, 0.0, 0.0, 0.0, 0.0], [1.0, 0.0, 0.0, 0.0, 0.0, 0.0], [0.7217616810491495, 0.09722518384575564, 0.1376951921865892, 0.014583777576863346, 0.018846348483593497, 0.009887816858048707], [0.8073353760487002, 0.1304344800496931, 0.011693866565885745, 0.019565172007453963, 0.01927723876238115, 0.011693866565885745], [0.8128396333394872, 0.1309314561562994, 0.0115609903926135, 0.019639718423444905, 0.013467211295541463, 0.0115609903926135], [0.12309191490433993, 0.10843344705804987, 0.010428052591563684, 0.01626501705870748, 0.7313535157957753, 0.010428052591563684], [0.8507837517197573, 0.08442218821980103, 0.03338038630266627, 0.012663328232970155, 0.009375172762402587, 0.009375172762402587], [1.0, 0.0, 0.0, 0.0, 0.0, 0.0]], [[1.0, 0.0, 0.0, 0.0, 0.0, 0.0], [0.9379264956432637, 0.022676078661632862, 0.009849356423775893, 0.009849356423775893, 0.009849356423775893, 0.009849356423775893], [0.9324358445980748, 0.02838614713184658, 0.009794502067519636, 0.009794502067519636, 0.009794502067519636, 0.009794502067519636], [0.9260946246511568, 0.03474837336926703, 0.009789250494894071, 0.009789250494894071, 0.009789250494894071, 0.009789250494894071], [0.9197824618585045, 0.040466243350965984, 0.009937823697632377, 0.009937823697632377, 0.009937823697632377, 0.009937823697632377], [0.8825171435154259, 0.04295097506549715, 0.044974291099761386, 0.009852530106438537, 0.009852530106438537, 0.009852530106438537], [0.04529186135761538, 0.04381893793343327, 0.047536932071462694, 0.009891488729900763, 0.843569291177687, 0.009891488729900763], [1.0, 0.0, 0.0, 0.0, 0.0, 0.0], [0.9019399197354521, 0.04344778471232399, 0.025253738316914257, 0.009786185745103275, 0.009786185745103275, 0.009786185745103275], [0.9042002199530182, 0.045093433012782395, 0.021417421508441642, 0.009762975175252557, 0.009762975175252557, 0.009762975175252557], [0.9093084698307051, 0.05003074968428864, 0.01016519512125155, 0.01016519512125155, 0.01016519512125155, 0.01016519512125155], [0.046688051501759226, 0.05388603832659164, 0.01027990570539273, 0.01027990570539273, 0.8685861930554709, 0.01027990570539273], [0.06401855827589122, 0.055930698928883825, 0.010221479878351314, 0.010221479878351314, 0.849386303160171, 0.010221479878351314], [0.9034725230173678, 0.056243584324583776, 0.010070973164512114, 0.010070973164512114, 0.010070973164512114, 0.010070973164512114], [0.9047034597532847, 0.055803856979363506, 0.009873170816837935, 0.009873170816837935, 0.009873170816837935, 0.009873170816837935], [0.9032881885967408, 0.0571984962760413, 0.009878328781804486, 0.009878328781804486, 0.009878328781804486, 0.009878328781804486], [0.04594512426740732, 0.060556938628642046, 0.009970189307392362, 0.009970189307392362, 0.8635873691817735, 0.009970189307392362], [0.8960963173648651, 0.06421816985959976, 0.00992137819388381, 0.00992137819388381, 0.00992137819388381, 0.00992137819388381], [0.8889981591471261, 0.06990694541456867, 0.010202951208706677, 0.010486041812185301, 0.010202951208706677, 0.010202951208706677], [0.8811334992786142, 0.07412491976124051, 0.010533890384996018, 0.011118737964186077, 0.012555062225967164, 0.010533890384996018], [0.8813258665340578, 0.07349442783908122, 0.010619467314907604, 0.011024164175862182, 0.012916606821183533, 0.010619467314907604], [0.8801074825634296, 0.06947687166075162, 0.010611445450900175, 0.010611445450900175, 0.01858130942311823, 0.010611445450900175], [0.8964984949939259, 0.06238021530554273, 0.010205147021362607, 0.010205147021362607, 0.01050584863644362, 0.010205147021362607], [0.9029915836631498, 0.057650491266883847, 0.009839481267491599, 0.009839481267491599, 0.009839481267491599, 0.009839481267491599], [0.013292191798233578, 0.057814367174154245, 0.009768569915088935, 0.009768569915088935, 0.8995877312823454, 0.009768569915088935], [0.06853864343807378, 0.061503552066936584, 0.009905673290679236, 0.009905673290679236, 0.8402407846229518, 0.009905673290679236], [0.8928258786481887, 0.06622771064373184, 0.01023660267701986, 0.01023660267701986, 0.01023660267701986, 0.01023660267701986], [0.8909175271773268, 0.06661408207230134, 0.010366164970655414, 0.010366164970655414, 0.01136989583840558, 0.010366164970655414], [0.06320861202392321, 0.06157965772492669, 0.010291529585105333, 0.010291529585105333, 0.844337141495834, 0.010291529585105333], [0.07490151631999668, 0.052932180689742064, 0.009938034088934275, 0.009938034088934275, 0.8423522007234585, 0.009938034088934275], [0.9148095338945751, 0.04671465335632954, 0.009618953187273842, 0.009618953187273842, 0.009618953187273842, 0.009618953187273842], [1.0, 0.0, 0.0, 0.0, 0.0, 0.0], [0.8995579107597363, 0.057245151841761294, 0.014488513126287654, 0.00956947475740486, 0.00956947475740486, 0.00956947475740486], [0.04283778718515168, 0.07429481385513571, 0.0581783461095641, 0.011144222078270356, 0.803800199002283, 0.009744631769595315], [0.04633179830646492, 0.09196021636219165, 0.09737448176568363, 0.013794032454328748, 0.7407291741952872, 0.009810296916043936], [0.06608244696435901, 0.11649332202097092, 0.011067996043291659, 0.017473998303145638, 0.7778142406249411, 0.011067996043291659], [0.8360344323668211, 0.1144355629074485, 0.010788223429871055, 0.01716533443611727, 0.010788223429871055, 0.010788223429871055], [0.8549623686753919, 0.09935616476882643, 0.010259347280152539, 0.014903424715323963, 0.010259347280152539, 0.010259347280152539], [0.8643618431525404, 0.07876559450980153, 0.026194190507658522, 0.01181483917647023, 0.009431766326764703, 0.009431766326764703], [1.0, 0.0, 0.0, 0.0, 0.0, 0.0]], [[1.0, 0.0, 0.0, 0.0, 0.0, 0.0], [0.9426713573785824, 0.01773247805995781, 0.009899041140364932, 0.009899041140364932, 0.009899041140364932, 0.009899041140364932], [0.9380317482137521, 0.02255311602241868, 0.009853783940957303, 0.009853783940957303, 0.009853783940957303, 0.009853783940957303], [0.932081436161736, 0.028471136963851517, 0.009861856718603136, 0.009861856718603136, 0.009861856718603136, 0.009861856718603136], [0.8938294394011072, 0.03426670918168596, 0.04219124976194037, 0.009904200551755494, 0.009904200551755494, 0.009904200551755494], [0.8650133131438553, 0.03895850789481543, 0.06467205545377307, 0.009966671403176076, 0.011422780701204055, 0.009966671403176076], [1.0, 0.0, 0.0, 0.0, 0.0, 0.0], [0.8563128135972922, 0.04320647931239855, 0.06848339357796693, 0.009964751647033823, 0.01206781021827461, 0.009964751647033823], [0.8777752249012823, 0.043525044743837386, 0.049030908238427574, 0.009889607372150899, 0.009889607372150899, 0.009889607372150899], [0.01433766784540062, 0.04463642753156343, 0.010020708605396379, 0.010020708605396379, 0.9109637788068469, 0.010020708605396379], [0.01187394873678014, 0.044998341337696285, 0.009940191371075947, 0.009940191371075947, 0.9133071358122957, 0.009940191371075947], [0.9159617316498049, 0.044998826124047486, 0.00975986055653688, 0.00975986055653688, 0.00975986055653688, 0.00975986055653688], [0.01034497164157872, 0.04633426888554566, 0.009877763852556726, 0.009877763852556726, 0.9136874679152054, 0.009877763852556726], [0.009828820257463402, 0.04703760227607695, 0.009828820257463402, 0.009828820257463402, 0.9136471166940695, 0.009828820257463402], [0.9133706436562762, 0.047926670081988476, 0.009675671565433851, 0.009675671565433851, 0.009675671565433851, 0.009675671565433851], [0.9091258356090056, 0.05159303081532339, 0.00982028339391772, 0.00982028339391772, 0.00982028339391772, 0.00982028339391772], [0.9039380622356583, 0.05642333944496365, 0.009909649579844516, 0.009909649579844516, 0.009909649579844516, 0.009909649579844516], [0.048511791081484124, 0.06313342581120222, 0.010188471240774877, 0.010188471240774877, 0.8577893693849891, 0.010188471240774877], [0.8923764881260634, 0.06707887094543065, 0.010136160232126481, 0.010136160232126481, 0.010136160232126481, 0.010136160232126481], [0.04761014162356626, 0.0708660738090289, 0.01041058123522794, 0.010629911071354336, 0.8500727110255946, 0.01041058123522794], [0.051348570150612644, 0.06975064742664253, 0.010429317828108048, 0.010462597113996377, 0.8475795496525322, 0.010429317828108048], [0.6947808554293986, 0.0745652652166904, 0.01180